

----------------------------------------------------
STRUCTURE by Pritchard, Stephens and Donnelly (2000)
     and Falush, Stephens and Pritchard (2003)
       Code by Pritchard, Falush and Hubisz
             Version 2.3.4 (Jul 2012)
----------------------------------------------------



Command line arguments:   bin\structure -m G:\Shared drives\Emily_Schumacher\QUAC_analyses\QUAC_structure_wild_relate\QUAC_allpop_relate_red_12_15_21\50-100\mainparams -e G:\Shared drives\Emily_Schumacher\QUAC_analyses\QUAC_structure_wild_relate\QUAC_allpop_relate_red_12_15_21\50-100\extraparams 
Input File:    G:\Shared drives\Emily_Schumacher\QUAC_analyses\QUAC_structure_wild_relate\QUAC_allpop_relate_red_12_15_21\project_data

Run parameters:
   188 individuals
   15 loci
   17 populations assumed
   50000 Burn-in period
   100000 Reps


--------------------------------------------
Proportion of membership of each pre-defined
 population in each of the 17 clusters

Given    Inferred Clusters                                                                                                         Number of
 Pop       1      2      3      4      5      6      7      8      9     10     11     12     13     14     15     16     17      Individuals

  1:     0.007  0.008  0.867  0.006  0.004  0.013  0.016  0.005  0.010  0.008  0.009  0.008  0.006  0.010  0.009  0.004  0.010        2
  2:     0.076  0.024  0.038  0.017  0.020  0.108  0.267  0.185  0.032  0.034  0.031  0.029  0.032  0.035  0.031  0.009  0.034       17
  3:     0.095  0.037  0.055  0.012  0.027  0.206  0.146  0.013  0.048  0.034  0.045  0.034  0.026  0.042  0.042  0.088  0.050       19
  4:     0.011  0.054  0.109  0.019  0.063  0.327  0.009  0.011  0.047  0.036  0.056  0.043  0.030  0.056  0.045  0.014  0.067       10
  5:     0.268  0.012  0.009  0.007  0.026  0.014  0.552  0.005  0.012  0.011  0.014  0.014  0.012  0.014  0.012  0.006  0.013        2
  6:     0.017  0.030  0.008  0.013  0.005  0.425  0.008  0.149  0.039  0.027  0.034  0.026  0.024  0.033  0.027  0.105  0.030        2
  7:     0.273  0.072  0.010  0.011  0.008  0.005  0.124  0.010  0.047  0.083  0.046  0.048  0.094  0.054  0.047  0.021  0.048        1
  8:     0.027  0.007  0.007  0.009  0.007  0.008  0.866  0.006  0.006  0.008  0.007  0.007  0.009  0.007  0.007  0.005  0.007        1
  9:     0.053  0.095  0.005  0.086  0.005  0.007  0.004  0.006  0.134  0.102  0.105  0.068  0.070  0.083  0.077  0.011  0.089        1
 10:     0.008  0.080  0.006  0.018  0.011  0.008  0.013  0.142  0.043  0.029  0.048  0.041  0.040  0.049  0.037  0.366  0.060        6
 11:     0.114  0.054  0.014  0.023  0.040  0.105  0.038  0.087  0.051  0.042  0.056  0.045  0.039  0.052  0.042  0.146  0.053       16
 12:     0.007  0.052  0.015  0.500  0.018  0.014  0.020  0.003  0.039  0.031  0.041  0.046  0.030  0.050  0.079  0.009  0.046        1
 13:     0.014  0.035  0.025  0.020  0.398  0.158  0.014  0.012  0.043  0.030  0.041  0.038  0.024  0.046  0.039  0.019  0.045       33
 14:     0.353  0.021  0.010  0.015  0.010  0.017  0.069  0.088  0.020  0.059  0.021  0.020  0.076  0.023  0.019  0.157  0.022       21
 15:     0.012  0.020  0.706  0.010  0.013  0.019  0.009  0.027  0.018  0.028  0.019  0.018  0.032  0.021  0.017  0.013  0.019       14
 16:     0.017  0.024  0.013  0.513  0.015  0.016  0.011  0.009  0.032  0.022  0.029  0.082  0.020  0.033  0.126  0.010  0.026       35
 17:     0.010  0.111  0.009  0.030  0.010  0.017  0.012  0.006  0.137  0.098  0.116  0.084  0.077  0.082  0.089  0.009  0.103        7
--------------------------------------------

Allele-freq. divergence among pops (Net nucleotide distance),
computed using point estimates of P.

      1       2       3       4       5       6       7       8       9      10      11      12      13      14      15      16      17      
 1      -    0.0519  0.0916  0.0741  0.1079  0.0934  0.0898  0.1024  0.0560  0.0590  0.0549  0.0517  0.0601  0.0541  0.0553  0.0786  0.0554  
 2   0.0519     -    0.0419  0.0229  0.0473  0.0334  0.0804  0.0543  0.0010  0.0066  0.0004  0.0014  0.0105  0.0006  0.0020  0.0296  0.0006  
 3   0.0916  0.0419     -    0.0707  0.0913  0.0817  0.1123  0.1039  0.0444  0.0530  0.0435  0.0446  0.0568  0.0436  0.0460  0.0856  0.0436  
 4   0.0741  0.0229  0.0707     -    0.0795  0.0688  0.1117  0.0785  0.0247  0.0311  0.0242  0.0169  0.0342  0.0230  0.0151  0.0533  0.0249  
 5   0.1079  0.0473  0.0913  0.0795     -    0.0586  0.1322  0.1024  0.0462  0.0624  0.0463  0.0481  0.0695  0.0444  0.0496  0.0919  0.0444  
 6   0.0934  0.0334  0.0817  0.0688  0.0586     -    0.1023  0.0995  0.0325  0.0438  0.0319  0.0327  0.0499  0.0301  0.0354  0.0674  0.0307  
 7   0.0898  0.0804  0.1123  0.1117  0.1322  0.1023     -    0.1426  0.0847  0.0908  0.0825  0.0825  0.0932  0.0805  0.0864  0.1154  0.0814  
 8   0.1024  0.0543  0.1039  0.0785  0.1024  0.0995  0.1426     -    0.0560  0.0584  0.0558  0.0554  0.0604  0.0550  0.0559  0.0690  0.0551  
 9   0.0560  0.0010  0.0444  0.0247  0.0462  0.0325  0.0847  0.0560     -    0.0077  0.0002  0.0016  0.0129  0.0005  0.0016  0.0331  0.0004  
10   0.0590  0.0066  0.0530  0.0311  0.0624  0.0438  0.0908  0.0584  0.0077     -    0.0070  0.0087  0.0009  0.0076  0.0090  0.0331  0.0072  
11   0.0549  0.0004  0.0435  0.0242  0.0463  0.0319  0.0825  0.0558  0.0002  0.0070     -    0.0014  0.0117  0.0002  0.0017  0.0311  0.0001  
12   0.0517  0.0014  0.0446  0.0169  0.0481  0.0327  0.0825  0.0554  0.0016  0.0087  0.0014     -    0.0130  0.0009  0.0003  0.0335  0.0016  
13   0.0601  0.0105  0.0568  0.0342  0.0695  0.0499  0.0932  0.0604  0.0129  0.0009  0.0117  0.0130     -    0.0122  0.0136  0.0341  0.0119  
14   0.0541  0.0006  0.0436  0.0230  0.0444  0.0301  0.0805  0.0550  0.0005  0.0076  0.0002  0.0009  0.0122     -    0.0014  0.0317  0.0001  
15   0.0553  0.0020  0.0460  0.0151  0.0496  0.0354  0.0864  0.0559  0.0016  0.0090  0.0017  0.0003  0.0136  0.0014     -    0.0349  0.0020  
16   0.0786  0.0296  0.0856  0.0533  0.0919  0.0674  0.1154  0.0690  0.0331  0.0331  0.0311  0.0335  0.0341  0.0317  0.0349     -    0.0316  
17   0.0554  0.0006  0.0436  0.0249  0.0444  0.0307  0.0814  0.0551  0.0004  0.0072  0.0001  0.0016  0.0119  0.0001  0.0020  0.0316     -    

Average distances (expected heterozygosity) between individuals in same cluster:
cluster  1  : 0.5106 
cluster  2  : 0.6463 
cluster  3  : 0.5337 
cluster  4  : 0.5563 
cluster  5  : 0.5139 
cluster  6  : 0.5171 
cluster  7  : 0.4285 
cluster  8  : 0.5209 
cluster  9  : 0.6266 
cluster 10  : 0.6465 
cluster 11  : 0.6361 
cluster 12  : 0.6211 
cluster 13  : 0.6498 
cluster 14  : 0.6294 
cluster 15  : 0.6140 
cluster 16  : 0.6054 
cluster 17  : 0.6330 

--------------------------------------------
Estimated Ln Prob of Data   = -8204.0
Mean value of ln likelihood = -6976.5
Variance of ln likelihood   = 2454.9
Mean value of alpha         = 0.0393

Mean value of Fst_1         = 0.2519
Mean value of Fst_2         = 0.0003
Mean value of Fst_3         = 0.2041
Mean value of Fst_4         = 0.1463
Mean value of Fst_5         = 0.2290
Mean value of Fst_6         = 0.2076
Mean value of Fst_7         = 0.4062
Mean value of Fst_8         = 0.2638
Mean value of Fst_9         = 0.0762
Mean value of Fst_10         = 0.1438
Mean value of Fst_11         = 0.0490
Mean value of Fst_12         = 0.0745
Mean value of Fst_13         = 0.1246
Mean value of Fst_14         = 0.0605
Mean value of Fst_15         = 0.1029
Mean value of Fst_16         = 0.1526
Mean value of Fst_17         = 0.0476


Inferred ancestry of individuals:
        Label (%Miss) Pop:  Inferred clusters
  1 QAc-G-0029    (0)    1 :  0.006 0.011 0.809 0.005 0.005 0.023 0.028 0.006 0.014 0.012 0.013 0.011 0.008 0.015 0.012 0.005 0.016 
  2 QAc-G-0030    (0)    1 :  0.008 0.005 0.924 0.006 0.004 0.004 0.004 0.004 0.006 0.004 0.005 0.005 0.004 0.005 0.005 0.003 0.005 
  3 QAc-G-0062    (0)    2 :  0.265 0.027 0.006 0.036 0.005 0.005 0.031 0.387 0.025 0.042 0.024 0.021 0.041 0.027 0.027 0.008 0.023 
  4 QAc-G-0063    (0)    2 :  0.050 0.029 0.006 0.015 0.015 0.030 0.591 0.010 0.028 0.026 0.031 0.030 0.025 0.037 0.030 0.010 0.035 
  5 QAc-G-0064    (0)    2 :  0.026 0.006 0.005 0.007 0.004 0.007 0.006 0.887 0.006 0.005 0.006 0.006 0.006 0.006 0.007 0.006 0.006 
  6 QAc-G-0065    (0)    2 :  0.003 0.005 0.006 0.003 0.004 0.004 0.003 0.925 0.005 0.004 0.005 0.004 0.005 0.005 0.004 0.009 0.005 
  7 QAc-G-0066    (0)    2 :  0.005 0.003 0.004 0.004 0.003 0.004 0.939 0.003 0.004 0.004 0.004 0.004 0.004 0.004 0.004 0.003 0.004 
  8 QAc-G-0067    (0)    2 :  0.005 0.016 0.017 0.007 0.008 0.013 0.005 0.806 0.015 0.012 0.015 0.015 0.011 0.017 0.014 0.011 0.015 
  9 QAc-G-0068    (0)    2 :  0.006 0.006 0.005 0.010 0.004 0.003 0.461 0.007 0.005 0.185 0.005 0.005 0.240 0.004 0.005 0.043 0.005 
 10 QAc-G-0070    (0)    2 :  0.129 0.025 0.012 0.064 0.006 0.009 0.481 0.022 0.025 0.020 0.026 0.049 0.021 0.034 0.048 0.005 0.024 
 11 QAc-G-0071   (13)    2 :  0.039 0.005 0.008 0.006 0.003 0.008 0.874 0.004 0.006 0.006 0.006 0.006 0.006 0.006 0.005 0.005 0.006 
 12 QAc-G-0072    (0)    2 :  0.004 0.005 0.005 0.006 0.004 0.005 0.923 0.004 0.005 0.005 0.005 0.005 0.005 0.005 0.005 0.004 0.005 
 13 QAc-G-0073    (0)    2 :  0.004 0.016 0.011 0.011 0.014 0.555 0.005 0.005 0.042 0.034 0.052 0.042 0.014 0.061 0.057 0.004 0.074 
 14 QAc-G-0074    (0)    2 :  0.041 0.043 0.005 0.015 0.023 0.400 0.161 0.006 0.047 0.026 0.035 0.044 0.023 0.050 0.039 0.006 0.038 
 15 QAc-G-0075    (0)    2 :  0.012 0.027 0.015 0.010 0.033 0.675 0.011 0.011 0.026 0.020 0.028 0.025 0.016 0.031 0.023 0.008 0.028 
 16 QAc-G-0076    (0)    2 :  0.005 0.042 0.008 0.010 0.099 0.070 0.009 0.034 0.082 0.063 0.089 0.087 0.030 0.134 0.086 0.005 0.146 
 17 QAc-G-0080    (0)    2 :  0.021 0.057 0.510 0.010 0.004 0.015 0.009 0.023 0.047 0.034 0.054 0.043 0.032 0.048 0.042 0.007 0.046 
 18 QAc-G-0081    (0)    2 :  0.012 0.089 0.008 0.056 0.011 0.004 0.005 0.006 0.154 0.081 0.127 0.084 0.052 0.099 0.110 0.009 0.093 
 19 QAc-G-0083    (0)    2 :  0.666 0.016 0.016 0.012 0.091 0.020 0.027 0.011 0.022 0.013 0.017 0.019 0.012 0.022 0.015 0.005 0.017 
 20 QAc-G-0285    (0)    3 :  0.824 0.007 0.010 0.008 0.005 0.005 0.071 0.004 0.007 0.007 0.007 0.007 0.008 0.007 0.007 0.010 0.007 
 21 QAc-G-0287    (0)    3 :  0.005 0.003 0.004 0.003 0.003 0.004 0.948 0.003 0.003 0.003 0.003 0.003 0.003 0.003 0.003 0.003 0.003 
 22 QAc-G-0288    (6)    3 :  0.005 0.007 0.015 0.010 0.008 0.007 0.880 0.005 0.006 0.007 0.007 0.007 0.008 0.007 0.007 0.006 0.007 
 23 QAc-G-0292    (0)    3 :  0.713 0.008 0.005 0.011 0.005 0.006 0.146 0.005 0.011 0.016 0.011 0.010 0.011 0.011 0.012 0.007 0.010 
 24 QAc-G-0294    (0)    3 :  0.004 0.040 0.017 0.008 0.050 0.042 0.005 0.018 0.110 0.094 0.122 0.065 0.028 0.106 0.129 0.009 0.153 
 25 QAc-G-0295    (0)    3 :  0.023 0.027 0.020 0.014 0.029 0.417 0.016 0.016 0.078 0.065 0.052 0.032 0.018 0.067 0.044 0.007 0.075 
 26 QAc-G-0296    (0)    3 :  0.013 0.024 0.004 0.009 0.045 0.490 0.008 0.038 0.041 0.025 0.046 0.042 0.019 0.068 0.046 0.006 0.076 
 27 QAc-G-0297    (0)    3 :  0.004 0.120 0.006 0.012 0.034 0.193 0.003 0.003 0.079 0.055 0.086 0.078 0.061 0.084 0.079 0.016 0.089 
 28 QAc-G-0298    (6)    3 :  0.017 0.016 0.017 0.006 0.010 0.764 0.004 0.008 0.024 0.021 0.020 0.019 0.013 0.017 0.015 0.006 0.024 
 29 QAc-G-0299    (0)    3 :  0.006 0.012 0.005 0.005 0.122 0.706 0.010 0.005 0.013 0.012 0.017 0.020 0.010 0.021 0.010 0.009 0.018 
 30 QAc-G-0300    (0)    3 :  0.004 0.028 0.005 0.021 0.094 0.381 0.005 0.037 0.054 0.038 0.051 0.046 0.019 0.066 0.054 0.012 0.084 
 31 QAc-G-0301    (0)    3 :  0.010 0.012 0.008 0.006 0.016 0.811 0.013 0.037 0.010 0.009 0.011 0.013 0.008 0.012 0.009 0.005 0.010 
 32 QAc-G-0302    (0)    3 :  0.006 0.016 0.005 0.008 0.025 0.011 0.005 0.004 0.023 0.020 0.018 0.014 0.019 0.015 0.016 0.778 0.017 
 33 QAc-G-0303    (0)    3 :  0.015 0.022 0.007 0.024 0.004 0.004 0.005 0.010 0.016 0.024 0.017 0.020 0.028 0.018 0.019 0.748 0.020 
 34 QAc-G-0305    (0)    3 :  0.082 0.022 0.021 0.011 0.004 0.006 0.638 0.007 0.022 0.028 0.018 0.019 0.031 0.022 0.022 0.027 0.020 
 35 QAc-G-0307    (0)    3 :  0.011 0.010 0.849 0.019 0.005 0.007 0.004 0.005 0.010 0.009 0.010 0.012 0.009 0.010 0.013 0.007 0.009 
 36 QAc-G-0313    (0)    3 :  0.058 0.127 0.011 0.019 0.008 0.007 0.010 0.016 0.114 0.060 0.121 0.078 0.073 0.093 0.079 0.005 0.119 
 37 QAc-G-0314    (0)    3 :  0.003 0.118 0.010 0.017 0.027 0.040 0.004 0.009 0.134 0.072 0.124 0.081 0.062 0.091 0.099 0.012 0.097 
 38 QAc-G-0316    (0)    3 :  0.007 0.089 0.021 0.023 0.013 0.008 0.009 0.015 0.160 0.082 0.105 0.085 0.063 0.083 0.128 0.006 0.106 
 39 QAc-G-0033    (0)    4 :  0.004 0.008 0.007 0.009 0.158 0.700 0.005 0.011 0.013 0.009 0.010 0.011 0.006 0.020 0.010 0.006 0.014 
 40 QAc-G-0034    (0)    4 :  0.004 0.012 0.025 0.011 0.010 0.831 0.005 0.008 0.011 0.008 0.011 0.013 0.008 0.012 0.012 0.010 0.010 
 41 QAc-G-0035    (0)    4 :  0.013 0.037 0.014 0.007 0.354 0.023 0.015 0.021 0.070 0.061 0.082 0.044 0.022 0.067 0.077 0.009 0.082 
 42 QAc-G-0036    (0)    4 :  0.008 0.011 0.006 0.007 0.008 0.852 0.012 0.013 0.010 0.008 0.011 0.011 0.008 0.011 0.011 0.004 0.010 
 43 QAc-G-0039    (0)    4 :  0.005 0.041 0.036 0.013 0.023 0.024 0.009 0.008 0.139 0.093 0.129 0.069 0.027 0.099 0.133 0.012 0.141 
 44 QAc-G-0040    (0)    4 :  0.052 0.064 0.011 0.081 0.040 0.053 0.016 0.007 0.081 0.052 0.094 0.081 0.035 0.108 0.077 0.012 0.137 
 45 QAc-G-0045    (0)    4 :  0.005 0.007 0.012 0.005 0.023 0.766 0.010 0.007 0.020 0.007 0.019 0.021 0.006 0.038 0.020 0.005 0.028 
 46 QAc-G-0050    (0)    4 :  0.014 0.138 0.090 0.022 0.004 0.004 0.010 0.006 0.055 0.067 0.092 0.081 0.103 0.090 0.043 0.064 0.116 
 47 QAc-G-0052    (0)    4 :  0.004 0.012 0.846 0.007 0.005 0.006 0.004 0.023 0.012 0.010 0.012 0.013 0.009 0.011 0.011 0.005 0.011 
 48 QAc-G-0056    (0)    4 :  0.006 0.214 0.044 0.032 0.006 0.008 0.007 0.010 0.057 0.049 0.102 0.090 0.080 0.102 0.055 0.016 0.124 
 49 QAc-G-0276    (0)    5 :  0.521 0.011 0.009 0.005 0.021 0.015 0.312 0.003 0.012 0.011 0.012 0.015 0.010 0.014 0.012 0.005 0.012 
 50 QAc-G-0280    (6)    5 :  0.015 0.012 0.008 0.009 0.030 0.012 0.791 0.006 0.013 0.012 0.015 0.014 0.014 0.015 0.013 0.007 0.014 
 51 QAc-G-0018    (0)    6 :  0.004 0.010 0.012 0.006 0.007 0.836 0.006 0.006 0.012 0.015 0.010 0.011 0.016 0.011 0.010 0.016 0.012 
 52 QAc-G-0017    (0)    6 :  0.030 0.050 0.004 0.019 0.004 0.014 0.009 0.292 0.067 0.040 0.058 0.040 0.032 0.054 0.044 0.194 0.048 
 53 QAc-G-0250    (0)    7 :  0.273 0.072 0.010 0.011 0.008 0.005 0.124 0.010 0.047 0.083 0.046 0.048 0.094 0.054 0.047 0.021 0.048 
 54 QAc-G-0003    (6)    8 :  0.027 0.007 0.007 0.009 0.007 0.008 0.866 0.006 0.006 0.008 0.007 0.007 0.009 0.007 0.007 0.005 0.007 
 55 QAc-G-0283    (0)    9 :  0.053 0.095 0.005 0.086 0.005 0.007 0.004 0.006 0.134 0.102 0.105 0.068 0.070 0.083 0.077 0.011 0.089 
 56 QAc-G-0255    (0)   10 :  0.006 0.028 0.004 0.015 0.033 0.008 0.005 0.009 0.075 0.033 0.066 0.032 0.033 0.038 0.040 0.545 0.032 
 57 QAc-G-0256    (0)   10 :  0.013 0.007 0.006 0.005 0.008 0.008 0.017 0.018 0.008 0.007 0.007 0.008 0.007 0.007 0.007 0.856 0.009 
 58 QAc-G-0257    (0)   10 :  0.006 0.019 0.011 0.017 0.004 0.006 0.003 0.082 0.018 0.013 0.020 0.020 0.015 0.016 0.015 0.712 0.020 
 59 QAc-G-0259    (0)   10 :  0.003 0.244 0.003 0.013 0.008 0.003 0.003 0.003 0.062 0.051 0.070 0.081 0.098 0.106 0.074 0.013 0.166 
 60 QAc-G-0260    (0)   10 :  0.014 0.133 0.008 0.051 0.012 0.009 0.043 0.180 0.050 0.031 0.069 0.066 0.058 0.079 0.049 0.056 0.093 
 61 QAc-G-0261    (0)   10 :  0.006 0.050 0.006 0.008 0.005 0.011 0.004 0.561 0.047 0.036 0.053 0.039 0.028 0.048 0.039 0.013 0.043 
 62 QAc-G-0109    (0)   11 :  0.009 0.084 0.014 0.021 0.005 0.018 0.005 0.056 0.060 0.039 0.071 0.052 0.043 0.058 0.039 0.366 0.060 
 63 QAc-G-0113    (0)   11 :  0.055 0.027 0.022 0.010 0.005 0.013 0.010 0.026 0.015 0.046 0.021 0.017 0.069 0.021 0.017 0.606 0.022 
 64 QAc-G-0114    (0)   11 :  0.008 0.036 0.007 0.009 0.088 0.023 0.011 0.004 0.034 0.020 0.038 0.022 0.027 0.033 0.030 0.572 0.038 
 65 QAc-G-0117    (0)   11 :  0.057 0.065 0.012 0.010 0.039 0.058 0.007 0.096 0.081 0.066 0.063 0.065 0.074 0.067 0.055 0.109 0.076 
 66 QAc-G-0120    (0)   11 :  0.010 0.141 0.008 0.013 0.012 0.013 0.004 0.008 0.069 0.044 0.089 0.064 0.068 0.076 0.051 0.246 0.083 
 67 QAc-G-0125    (0)   11 :  0.059 0.031 0.035 0.022 0.005 0.004 0.015 0.641 0.021 0.017 0.025 0.023 0.016 0.021 0.022 0.018 0.025 
 68 QAc-G-0141    (0)   11 :  0.016 0.082 0.026 0.026 0.015 0.035 0.019 0.025 0.109 0.079 0.086 0.086 0.086 0.087 0.074 0.054 0.093 
 69 QAc-G-0143    (0)   11 :  0.004 0.083 0.006 0.025 0.003 0.007 0.006 0.003 0.098 0.109 0.171 0.128 0.037 0.135 0.086 0.005 0.091 
 70 QAc-G-0147    (0)   11 :  0.040 0.049 0.008 0.065 0.009 0.027 0.005 0.404 0.033 0.034 0.040 0.037 0.033 0.042 0.056 0.072 0.047 
 71 QAc-G-0174    (0)   11 :  0.865 0.005 0.006 0.004 0.005 0.008 0.061 0.004 0.005 0.005 0.005 0.005 0.005 0.005 0.005 0.004 0.005 
 72 QAc-G-0182    (0)   11 :  0.660 0.007 0.003 0.004 0.004 0.005 0.253 0.011 0.006 0.006 0.006 0.006 0.006 0.007 0.006 0.006 0.006 
 73 QAc-G-0188    (0)   11 :  0.012 0.065 0.004 0.009 0.017 0.007 0.183 0.007 0.072 0.050 0.078 0.048 0.051 0.059 0.045 0.234 0.060 
 74 QAc-G-0229    (0)   11 :  0.009 0.012 0.006 0.011 0.007 0.852 0.005 0.004 0.012 0.010 0.012 0.011 0.009 0.010 0.012 0.008 0.012 
 75 QAc-G-0233    (0)   11 :  0.004 0.086 0.031 0.079 0.291 0.013 0.006 0.010 0.048 0.043 0.070 0.053 0.042 0.079 0.066 0.006 0.074 
 76 QAc-G-0237    (0)   11 :  0.008 0.024 0.019 0.020 0.027 0.584 0.009 0.047 0.037 0.031 0.022 0.027 0.013 0.041 0.022 0.024 0.047 
 77 QAc-G-0243    (0)   11 :  0.009 0.064 0.013 0.033 0.102 0.016 0.004 0.050 0.110 0.080 0.104 0.072 0.050 0.094 0.082 0.007 0.110 
 78 QAc-G-0249    (0)   12 :  0.007 0.052 0.015 0.500 0.018 0.014 0.020 0.003 0.039 0.031 0.041 0.046 0.030 0.050 0.079 0.009 0.046 
 79 QAc-W-0001    (0)   13 :  0.004 0.009 0.005 0.006 0.844 0.036 0.003 0.015 0.009 0.007 0.008 0.008 0.007 0.011 0.009 0.012 0.009 
 80 QAc-W-0002    (0)   13 :  0.008 0.026 0.006 0.015 0.018 0.606 0.035 0.004 0.030 0.022 0.037 0.037 0.019 0.044 0.030 0.028 0.035 
 81 QAc-W-0003    (0)   13 :  0.030 0.013 0.019 0.006 0.766 0.018 0.007 0.013 0.015 0.014 0.014 0.013 0.013 0.014 0.013 0.017 0.015 
 82 QAc-W-0004    (0)   13 :  0.004 0.005 0.007 0.005 0.902 0.017 0.008 0.004 0.006 0.005 0.005 0.006 0.004 0.006 0.006 0.004 0.006 
 83 QAc-W-0005    (0)   13 :  0.006 0.006 0.004 0.007 0.900 0.007 0.005 0.004 0.007 0.006 0.007 0.007 0.005 0.008 0.007 0.006 0.008 
 84 QAc-W-0007   (13)   13 :  0.005 0.007 0.005 0.007 0.884 0.015 0.005 0.006 0.008 0.007 0.008 0.008 0.006 0.008 0.007 0.005 0.008 
 85 QAc-W-0008    (6)   13 :  0.007 0.033 0.004 0.012 0.693 0.014 0.006 0.004 0.026 0.026 0.029 0.029 0.024 0.026 0.028 0.008 0.028 
 86 QAc-W-0009    (0)   13 :  0.008 0.062 0.011 0.043 0.022 0.112 0.021 0.012 0.067 0.060 0.073 0.053 0.039 0.067 0.055 0.203 0.091 
 87 QAc-W-0010    (0)   13 :  0.016 0.017 0.005 0.027 0.679 0.011 0.007 0.031 0.033 0.019 0.021 0.024 0.015 0.026 0.028 0.017 0.023 
 88 QAc-W-0011    (0)   13 :  0.016 0.040 0.015 0.008 0.401 0.072 0.040 0.012 0.052 0.033 0.058 0.049 0.025 0.062 0.047 0.012 0.059 
 89 QAc-W-0012    (0)   13 :  0.006 0.021 0.011 0.017 0.630 0.107 0.014 0.011 0.020 0.020 0.024 0.021 0.017 0.031 0.020 0.009 0.022 
 90 QAc-W-0013    (0)   13 :  0.007 0.037 0.155 0.009 0.014 0.200 0.015 0.008 0.060 0.037 0.069 0.067 0.021 0.100 0.054 0.046 0.101 
 91 QAc-W-0014    (0)   13 :  0.010 0.010 0.005 0.016 0.831 0.017 0.004 0.005 0.015 0.008 0.013 0.016 0.008 0.012 0.013 0.004 0.013 
 92 QAc-W-0015    (0)   13 :  0.128 0.023 0.015 0.018 0.012 0.414 0.017 0.004 0.049 0.019 0.043 0.059 0.019 0.073 0.040 0.010 0.056 
 93 QAc-W-0017    (0)   13 :  0.045 0.085 0.022 0.041 0.011 0.039 0.010 0.007 0.112 0.072 0.089 0.081 0.054 0.109 0.106 0.013 0.103 
 94 QAc-W-0018    (0)   13 :  0.004 0.053 0.042 0.014 0.395 0.021 0.004 0.015 0.071 0.048 0.054 0.054 0.041 0.050 0.060 0.027 0.047 
 95 QAc-W-0020    (0)   13 :  0.006 0.020 0.004 0.006 0.781 0.007 0.004 0.010 0.024 0.022 0.022 0.019 0.014 0.017 0.020 0.004 0.020 
 96 QAc-W-0021    (0)   13 :  0.004 0.071 0.110 0.017 0.313 0.015 0.012 0.010 0.066 0.039 0.055 0.059 0.042 0.059 0.052 0.019 0.058 
 97 QAc-W-0022    (0)   13 :  0.024 0.076 0.011 0.029 0.021 0.098 0.016 0.007 0.128 0.058 0.096 0.093 0.047 0.101 0.087 0.007 0.100 
 98 QAc-W-0023    (6)   13 :  0.006 0.059 0.021 0.045 0.103 0.128 0.003 0.038 0.075 0.056 0.077 0.070 0.035 0.096 0.073 0.030 0.086 
 99 QAc-W-0024    (0)   13 :  0.005 0.052 0.089 0.017 0.332 0.024 0.051 0.006 0.063 0.047 0.048 0.048 0.028 0.059 0.067 0.011 0.053 
100 QAc-W-0025    (0)   13 :  0.004 0.026 0.018 0.015 0.330 0.365 0.008 0.004 0.033 0.023 0.025 0.026 0.016 0.035 0.029 0.010 0.035 
101 QAc-W-0026    (0)   13 :  0.015 0.046 0.085 0.028 0.441 0.052 0.050 0.025 0.024 0.018 0.038 0.034 0.023 0.037 0.031 0.015 0.038 
102 QAc-W-0027    (0)   13 :  0.004 0.015 0.005 0.013 0.080 0.744 0.005 0.004 0.017 0.012 0.017 0.014 0.011 0.016 0.014 0.012 0.015 
103 QAc-W-0028    (0)   13 :  0.009 0.024 0.004 0.012 0.575 0.126 0.008 0.004 0.030 0.024 0.036 0.025 0.015 0.035 0.034 0.007 0.031 
104 QAc-W-0029    (0)   13 :  0.003 0.024 0.007 0.009 0.256 0.202 0.004 0.020 0.057 0.046 0.056 0.050 0.027 0.081 0.058 0.012 0.089 
105 QAc-W-0032    (0)   13 :  0.003 0.009 0.006 0.009 0.832 0.023 0.003 0.024 0.013 0.009 0.012 0.009 0.007 0.013 0.013 0.004 0.012 
106 QAc-W-0033    (0)   13 :  0.010 0.111 0.013 0.027 0.155 0.019 0.004 0.029 0.066 0.065 0.081 0.068 0.085 0.098 0.062 0.014 0.091 
107 QAc-W-0035    (0)   13 :  0.015 0.045 0.017 0.027 0.118 0.396 0.022 0.008 0.051 0.039 0.045 0.040 0.028 0.048 0.038 0.006 0.058 
108 QAc-W-0037    (0)   13 :  0.006 0.012 0.014 0.008 0.025 0.814 0.008 0.018 0.011 0.010 0.012 0.011 0.011 0.013 0.011 0.005 0.012 
109 QAc-W-0038    (0)   13 :  0.034 0.066 0.007 0.019 0.129 0.092 0.009 0.013 0.105 0.082 0.089 0.061 0.040 0.068 0.086 0.013 0.088 
110 QAc-W-0040    (0)   13 :  0.010 0.029 0.013 0.111 0.606 0.017 0.009 0.022 0.019 0.013 0.020 0.027 0.015 0.027 0.035 0.008 0.020 
111 QAc-W-0041    (0)   13 :  0.006 0.030 0.061 0.011 0.039 0.395 0.037 0.006 0.047 0.030 0.059 0.053 0.034 0.065 0.040 0.034 0.055 
112 QAc-W-0042    (0)   14 :  0.012 0.015 0.017 0.007 0.006 0.017 0.038 0.328 0.021 0.028 0.021 0.023 0.036 0.030 0.016 0.353 0.033 
113 QAc-W-0044    (0)   14 :  0.080 0.026 0.005 0.024 0.008 0.084 0.041 0.160 0.064 0.025 0.057 0.084 0.028 0.105 0.061 0.066 0.082 
114 QAc-W-0045    (0)   14 :  0.007 0.017 0.008 0.006 0.006 0.014 0.012 0.038 0.013 0.033 0.014 0.013 0.034 0.014 0.012 0.746 0.014 
115 QAc-W-0048    (0)   14 :  0.006 0.032 0.014 0.008 0.012 0.013 0.005 0.077 0.019 0.013 0.020 0.019 0.021 0.024 0.016 0.678 0.022 
116 QAc-W-0050    (0)   14 :  0.006 0.024 0.006 0.012 0.003 0.009 0.008 0.020 0.021 0.243 0.025 0.022 0.317 0.019 0.019 0.225 0.021 
117 QAc-W-0051    (0)   14 :  0.039 0.014 0.016 0.006 0.007 0.006 0.006 0.087 0.012 0.270 0.014 0.012 0.354 0.013 0.009 0.118 0.018 
118 QAc-W-0052    (0)   14 :  0.006 0.004 0.004 0.004 0.009 0.005 0.006 0.919 0.005 0.004 0.004 0.005 0.004 0.005 0.005 0.006 0.005 
119 QAc-W-0053    (0)   14 :  0.008 0.011 0.005 0.009 0.008 0.009 0.005 0.020 0.012 0.012 0.012 0.011 0.014 0.012 0.011 0.828 0.013 
120 QAc-W-0054    (0)   14 :  0.063 0.068 0.009 0.025 0.009 0.011 0.100 0.083 0.071 0.105 0.064 0.049 0.131 0.058 0.055 0.041 0.059 
121 QAc-W-0056    (0)   14 :  0.010 0.081 0.011 0.012 0.048 0.068 0.007 0.007 0.044 0.180 0.060 0.044 0.243 0.054 0.042 0.029 0.058 
122 QAc-W-0057    (0)   14 :  0.088 0.035 0.029 0.014 0.007 0.015 0.008 0.011 0.027 0.210 0.031 0.028 0.287 0.026 0.021 0.131 0.032 
123 QAc-W-0060    (0)   14 :  0.862 0.007 0.004 0.007 0.003 0.018 0.010 0.032 0.006 0.006 0.007 0.006 0.006 0.007 0.006 0.006 0.007 
124 QAc-W-0061    (0)   14 :  0.639 0.031 0.012 0.050 0.011 0.028 0.013 0.006 0.022 0.021 0.030 0.026 0.020 0.028 0.024 0.016 0.027 
125 QAc-W-0062    (0)   14 :  0.926 0.004 0.005 0.005 0.003 0.004 0.006 0.008 0.004 0.004 0.004 0.005 0.005 0.004 0.004 0.004 0.004 
126 QAc-W-0063    (0)   14 :  0.793 0.013 0.020 0.011 0.016 0.007 0.019 0.025 0.014 0.009 0.011 0.012 0.009 0.012 0.012 0.007 0.012 
127 QAc-W-0064    (0)   14 :  0.871 0.009 0.006 0.007 0.010 0.006 0.018 0.005 0.008 0.008 0.007 0.008 0.008 0.008 0.008 0.005 0.008 
128 QAc-W-0065    (0)   14 :  0.759 0.018 0.011 0.014 0.008 0.014 0.010 0.007 0.020 0.022 0.017 0.016 0.024 0.016 0.019 0.009 0.016 
129 QAc-W-0066    (0)   14 :  0.005 0.003 0.005 0.003 0.003 0.004 0.947 0.003 0.003 0.003 0.003 0.003 0.003 0.003 0.003 0.003 0.003 
130 QAc-W-0072    (0)   14 :  0.699 0.017 0.011 0.078 0.015 0.005 0.006 0.004 0.014 0.028 0.013 0.022 0.024 0.014 0.030 0.006 0.014 
131 QAc-W-0073    (0)   14 :  0.818 0.013 0.008 0.008 0.006 0.009 0.006 0.008 0.015 0.013 0.014 0.015 0.011 0.016 0.013 0.015 0.013 
132 QAc-W-0077    (0)   14 :  0.718 0.006 0.004 0.005 0.005 0.007 0.188 0.005 0.006 0.007 0.006 0.007 0.008 0.007 0.006 0.008 0.006 
133 QAc-W-0078    (0)   15 :  0.008 0.040 0.623 0.019 0.012 0.021 0.031 0.014 0.028 0.019 0.032 0.030 0.023 0.037 0.025 0.005 0.033 
134 QAc-W-0079    (6)   15 :  0.004 0.006 0.901 0.007 0.005 0.007 0.011 0.003 0.007 0.006 0.006 0.006 0.006 0.006 0.005 0.007 0.006 
135 QAc-W-0081    (0)   15 :  0.008 0.006 0.899 0.005 0.008 0.005 0.004 0.009 0.006 0.005 0.007 0.006 0.006 0.007 0.007 0.004 0.008 
136 QAc-W-0082    (0)   15 :  0.005 0.009 0.446 0.005 0.003 0.005 0.005 0.002 0.006 0.187 0.006 0.006 0.248 0.006 0.005 0.047 0.008 
137 QAc-W-0083    (0)   15 :  0.034 0.009 0.836 0.009 0.007 0.007 0.008 0.009 0.008 0.010 0.008 0.010 0.010 0.008 0.010 0.008 0.009 
138 QAc-W-0086    (0)   15 :  0.005 0.007 0.873 0.010 0.006 0.008 0.015 0.005 0.008 0.009 0.008 0.008 0.009 0.008 0.008 0.006 0.007 
139 QAc-W-0087    (0)   15 :  0.003 0.006 0.911 0.008 0.004 0.005 0.005 0.003 0.006 0.006 0.005 0.006 0.006 0.006 0.006 0.008 0.006 
140 QAc-W-0088    (0)   15 :  0.006 0.019 0.808 0.008 0.006 0.011 0.006 0.005 0.016 0.014 0.016 0.014 0.016 0.016 0.014 0.011 0.015 
141 QAc-W-0092    (0)   15 :  0.006 0.030 0.586 0.010 0.023 0.091 0.013 0.018 0.028 0.017 0.030 0.032 0.017 0.036 0.021 0.015 0.029 
142 QAc-W-0093    (0)   15 :  0.005 0.027 0.692 0.016 0.026 0.016 0.003 0.008 0.026 0.024 0.031 0.020 0.022 0.025 0.022 0.011 0.024 
143 QAc-W-0094    (0)   15 :  0.051 0.033 0.275 0.013 0.048 0.009 0.007 0.254 0.041 0.032 0.039 0.033 0.024 0.044 0.035 0.026 0.035 
144 QAc-W-0097    (0)   15 :  0.007 0.026 0.621 0.009 0.027 0.064 0.006 0.015 0.026 0.023 0.029 0.029 0.019 0.030 0.024 0.013 0.033 
145 QAc-W-0099    (0)   15 :  0.004 0.046 0.566 0.015 0.004 0.010 0.005 0.018 0.042 0.027 0.042 0.041 0.030 0.049 0.043 0.015 0.044 
146 QAc-W-0107    (0)   15 :  0.029 0.009 0.848 0.007 0.006 0.006 0.013 0.007 0.009 0.008 0.009 0.009 0.008 0.010 0.008 0.005 0.009 
147 QAc-W-0115    (0)   16 :  0.007 0.011 0.009 0.516 0.011 0.018 0.005 0.006 0.014 0.010 0.013 0.149 0.008 0.029 0.177 0.004 0.012 
148 QAc-W-0116    (0)   16 :  0.005 0.033 0.007 0.555 0.007 0.017 0.003 0.013 0.033 0.022 0.033 0.051 0.024 0.039 0.107 0.020 0.031 
149 QAc-W-0117    (0)   16 :  0.004 0.009 0.004 0.767 0.005 0.008 0.004 0.004 0.015 0.011 0.012 0.023 0.011 0.010 0.088 0.013 0.012 
150 QAc-W-0118    (0)   16 :  0.023 0.016 0.021 0.536 0.007 0.006 0.036 0.005 0.018 0.014 0.018 0.083 0.014 0.034 0.146 0.007 0.015 
151 QAc-W-0119    (0)   16 :  0.005 0.021 0.007 0.690 0.006 0.007 0.015 0.006 0.020 0.017 0.023 0.020 0.017 0.019 0.096 0.007 0.023 
152 QAc-W-0120    (0)   16 :  0.009 0.046 0.010 0.545 0.010 0.009 0.017 0.005 0.031 0.023 0.034 0.062 0.026 0.035 0.089 0.011 0.038 
153 QAc-W-0121    (0)   16 :  0.011 0.014 0.004 0.686 0.007 0.006 0.066 0.003 0.012 0.017 0.012 0.020 0.025 0.014 0.079 0.008 0.015 
154 QAc-W-0122    (0)   16 :  0.007 0.030 0.006 0.313 0.019 0.006 0.004 0.004 0.067 0.033 0.053 0.147 0.032 0.074 0.154 0.012 0.038 
155 QAc-W-0123    (6)   16 :  0.009 0.024 0.009 0.510 0.004 0.014 0.007 0.017 0.032 0.025 0.030 0.073 0.020 0.036 0.151 0.010 0.028 
156 QAc-W-0124    (0)   16 :  0.107 0.020 0.078 0.285 0.016 0.040 0.011 0.007 0.022 0.012 0.023 0.156 0.012 0.040 0.149 0.004 0.017 
157 QAc-W-0125    (0)   16 :  0.005 0.014 0.019 0.668 0.008 0.011 0.008 0.008 0.015 0.012 0.014 0.038 0.010 0.014 0.134 0.008 0.013 
158 QAc-W-0132    (6)   16 :  0.026 0.027 0.031 0.362 0.016 0.033 0.049 0.019 0.026 0.019 0.027 0.121 0.019 0.043 0.154 0.005 0.023 
159 QAc-W-0134    (0)   16 :  0.007 0.008 0.007 0.777 0.005 0.007 0.005 0.007 0.007 0.005 0.007 0.019 0.006 0.008 0.112 0.006 0.007 
160 QAc-W-0135    (0)   16 :  0.031 0.024 0.009 0.389 0.095 0.023 0.015 0.004 0.025 0.017 0.025 0.126 0.014 0.039 0.135 0.006 0.024 
161 QAc-W-0136    (0)   16 :  0.006 0.009 0.005 0.640 0.005 0.005 0.003 0.007 0.008 0.007 0.009 0.097 0.007 0.009 0.171 0.005 0.008 
162 QAc-W-0138    (0)   16 :  0.005 0.008 0.003 0.672 0.008 0.005 0.005 0.006 0.010 0.008 0.010 0.074 0.007 0.010 0.157 0.004 0.010 
163 QAc-W-0140    (0)   16 :  0.005 0.016 0.006 0.679 0.008 0.018 0.005 0.004 0.025 0.021 0.022 0.027 0.015 0.020 0.086 0.020 0.021 
164 QAc-W-0141    (6)   16 :  0.008 0.058 0.008 0.086 0.019 0.047 0.029 0.007 0.130 0.081 0.111 0.069 0.052 0.083 0.104 0.017 0.092 
165 QAc-W-0142    (0)   16 :  0.016 0.007 0.005 0.778 0.004 0.004 0.012 0.004 0.007 0.009 0.007 0.015 0.009 0.009 0.101 0.006 0.007 
166 QAc-W-0143    (0)   16 :  0.006 0.015 0.031 0.670 0.007 0.005 0.003 0.006 0.015 0.011 0.014 0.053 0.013 0.017 0.110 0.011 0.014 
167 QAc-W-0145    (0)   16 :  0.006 0.013 0.003 0.512 0.004 0.005 0.003 0.004 0.015 0.010 0.015 0.165 0.009 0.040 0.181 0.005 0.009 
168 QAc-W-0148    (0)   16 :  0.008 0.007 0.004 0.613 0.006 0.012 0.004 0.006 0.008 0.006 0.007 0.124 0.006 0.011 0.166 0.005 0.008 
169 QAc-W-0149    (0)   16 :  0.013 0.047 0.011 0.168 0.013 0.007 0.004 0.035 0.100 0.034 0.067 0.149 0.032 0.089 0.150 0.012 0.069 
170 QAc-W-0150    (0)   16 :  0.007 0.038 0.028 0.242 0.082 0.036 0.006 0.018 0.079 0.035 0.050 0.114 0.023 0.062 0.125 0.007 0.050 
171 QAc-W-0151    (0)   16 :  0.006 0.018 0.010 0.466 0.010 0.048 0.005 0.006 0.016 0.013 0.015 0.150 0.011 0.026 0.176 0.007 0.017 
172 QAc-W-0152    (0)   16 :  0.033 0.010 0.005 0.460 0.005 0.010 0.005 0.006 0.011 0.010 0.009 0.177 0.011 0.037 0.191 0.011 0.010 
173 QAc-W-0153    (0)   16 :  0.023 0.069 0.026 0.021 0.006 0.026 0.006 0.004 0.192 0.114 0.141 0.073 0.068 0.074 0.074 0.006 0.077 
174 QAc-W-0154    (0)   16 :  0.005 0.031 0.005 0.584 0.048 0.008 0.004 0.004 0.022 0.019 0.026 0.061 0.017 0.030 0.103 0.006 0.029 
175 QAc-W-0157    (0)   16 :  0.020 0.049 0.004 0.528 0.005 0.018 0.011 0.026 0.028 0.027 0.046 0.038 0.027 0.042 0.080 0.011 0.039 
176 QAc-W-0158    (0)   16 :  0.008 0.021 0.027 0.388 0.045 0.069 0.023 0.009 0.028 0.015 0.024 0.109 0.015 0.040 0.144 0.006 0.029 
177 QAc-W-0159    (0)   16 :  0.004 0.010 0.007 0.789 0.007 0.007 0.004 0.007 0.009 0.008 0.009 0.015 0.008 0.012 0.091 0.006 0.009 
178 QAc-W-0160    (0)   16 :  0.006 0.032 0.009 0.575 0.025 0.018 0.004 0.004 0.023 0.016 0.033 0.064 0.015 0.034 0.105 0.005 0.031 
179 QAc-W-0162    (0)   16 :  0.094 0.018 0.008 0.551 0.004 0.004 0.006 0.017 0.014 0.020 0.015 0.065 0.026 0.016 0.097 0.027 0.017 
180 QAc-W-0163    (0)   16 :  0.009 0.033 0.005 0.510 0.006 0.007 0.006 0.010 0.026 0.055 0.024 0.031 0.078 0.033 0.084 0.049 0.032 
181 QAc-W-0164    (0)   16 :  0.067 0.034 0.011 0.431 0.008 0.008 0.008 0.009 0.028 0.021 0.027 0.096 0.030 0.035 0.148 0.011 0.029 
182 QAc-W-0167    (0)   17 :  0.008 0.080 0.018 0.018 0.006 0.006 0.006 0.005 0.190 0.136 0.117 0.066 0.074 0.066 0.101 0.008 0.094 
183 QAc-W-0168    (0)   17 :  0.019 0.107 0.013 0.110 0.009 0.015 0.049 0.007 0.082 0.067 0.101 0.087 0.061 0.093 0.075 0.017 0.088 
184 QAc-W-0169    (0)   17 :  0.011 0.155 0.004 0.009 0.019 0.015 0.010 0.004 0.083 0.069 0.124 0.095 0.104 0.099 0.075 0.013 0.111 
185 QAc-W-0170    (0)   17 :  0.006 0.125 0.007 0.018 0.011 0.056 0.003 0.005 0.106 0.076 0.117 0.092 0.076 0.102 0.076 0.008 0.117 
186 QAc-W-0172    (0)   17 :  0.002 0.182 0.009 0.013 0.008 0.009 0.002 0.014 0.086 0.061 0.123 0.111 0.088 0.107 0.064 0.005 0.115 
187 QAc-W-0173    (0)   17 :  0.011 0.058 0.007 0.023 0.011 0.014 0.004 0.005 0.211 0.146 0.123 0.060 0.064 0.050 0.118 0.005 0.090 
188 QAc-W-0174    (0)   17 :  0.011 0.070 0.006 0.017 0.005 0.008 0.010 0.004 0.202 0.131 0.108 0.074 0.070 0.054 0.115 0.010 0.105 


Estimated Allele Frequencies in each cluster
First column gives estimated ancestral frequencies


Locus 1 : 
18 alleles
0.0% missing data
 210   (0.113) 0.022 0.113 0.149 0.182 0.017 0.069 0.007 0.029 0.118 0.102 0.117 0.121 0.097 0.111 0.125 0.259 0.108 
 212   (0.116) 0.015 0.116 0.273 0.060 0.048 0.401 0.199 0.023 0.125 0.110 0.124 0.137 0.103 0.123 0.129 0.034 0.120 
 202   (0.058) 0.007 0.058 0.140 0.011 0.065 0.035 0.004 0.307 0.049 0.037 0.053 0.043 0.038 0.049 0.041 0.017 0.050 
 226   (0.041) 0.133 0.041 0.014 0.008 0.004 0.004 0.245 0.221 0.028 0.029 0.032 0.028 0.036 0.032 0.023 0.024 0.032 
 216   (0.076) 0.058 0.076 0.168 0.130 0.018 0.010 0.005 0.170 0.060 0.051 0.067 0.072 0.054 0.067 0.076 0.049 0.066 
 200   (0.249) 0.131 0.249 0.089 0.164 0.518 0.386 0.509 0.125 0.306 0.236 0.286 0.275 0.204 0.311 0.278 0.191 0.309 
 224   (0.041) 0.261 0.041 0.011 0.009 0.008 0.023 0.004 0.009 0.041 0.033 0.042 0.037 0.031 0.044 0.036 0.010 0.045 
 218   (0.054) 0.018 0.054 0.107 0.148 0.083 0.010 0.004 0.010 0.045 0.042 0.047 0.059 0.047 0.048 0.066 0.013 0.047 
 228   (0.012) 0.126 0.012 0.001 0.002 0.001 0.001 0.001 0.002 0.007 0.005 0.008 0.008 0.008 0.008 0.005 0.003 0.008 
 214   (0.061) 0.208 0.061 0.008 0.021 0.007 0.007 0.012 0.044 0.054 0.218 0.054 0.052 0.261 0.051 0.047 0.179 0.054 
 208   (0.059) 0.007 0.059 0.026 0.015 0.212 0.037 0.004 0.017 0.077 0.062 0.068 0.051 0.043 0.056 0.056 0.079 0.062 
 220   (0.031) 0.004 0.031 0.004 0.014 0.004 0.005 0.002 0.006 0.029 0.024 0.032 0.024 0.022 0.028 0.024 0.008 0.028 
 196   (0.011) 0.001 0.011 0.002 0.002 0.001 0.001 0.001 0.002 0.007 0.006 0.009 0.008 0.007 0.008 0.006 0.003 0.009 
 238   (0.012) 0.002 0.012 0.001 0.003 0.001 0.001 0.001 0.002 0.011 0.008 0.010 0.008 0.008 0.010 0.008 0.003 0.010 
 206   (0.019) 0.002 0.019 0.003 0.028 0.003 0.002 0.001 0.004 0.014 0.010 0.016 0.015 0.012 0.015 0.015 0.059 0.015 
 190   (0.011) 0.001 0.011 0.001 0.002 0.001 0.001 0.001 0.002 0.007 0.006 0.008 0.007 0.007 0.009 0.006 0.002 0.009 
 222   (0.024) 0.003 0.024 0.003 0.201 0.007 0.003 0.001 0.024 0.016 0.013 0.019 0.048 0.015 0.022 0.053 0.006 0.019 
 232   (0.011) 0.001 0.011 0.001 0.002 0.001 0.001 0.001 0.004 0.007 0.006 0.008 0.007 0.007 0.008 0.005 0.063 0.008 

Locus 2 : 
15 alleles
2.1% missing data
 171   (0.209) 0.043 0.209 0.180 0.079 0.308 0.433 0.017 0.244 0.218 0.220 0.220 0.195 0.221 0.225 0.194 0.460 0.228 
 175   (0.097) 0.028 0.097 0.258 0.036 0.046 0.054 0.028 0.202 0.079 0.158 0.088 0.078 0.183 0.091 0.070 0.034 0.090 
 185   (0.053) 0.015 0.053 0.082 0.213 0.008 0.006 0.004 0.012 0.049 0.035 0.051 0.069 0.036 0.053 0.081 0.013 0.046 
 179   (0.075) 0.489 0.075 0.009 0.200 0.009 0.010 0.034 0.241 0.081 0.058 0.072 0.148 0.055 0.085 0.147 0.018 0.068 
 181   (0.094) 0.050 0.094 0.345 0.017 0.030 0.132 0.562 0.037 0.096 0.084 0.098 0.085 0.084 0.100 0.080 0.116 0.102 
 173   (0.186) 0.149 0.186 0.040 0.214 0.188 0.214 0.330 0.173 0.193 0.208 0.194 0.178 0.194 0.197 0.183 0.173 0.210 
 177   (0.032) 0.182 0.032 0.004 0.076 0.003 0.004 0.003 0.005 0.025 0.027 0.028 0.039 0.032 0.026 0.035 0.010 0.026 
 187   (0.094) 0.026 0.094 0.012 0.036 0.107 0.116 0.009 0.018 0.112 0.100 0.098 0.080 0.088 0.084 0.085 0.046 0.091 
 183   (0.063) 0.007 0.063 0.021 0.101 0.008 0.008 0.006 0.016 0.075 0.051 0.071 0.054 0.046 0.059 0.063 0.088 0.058 
 189   (0.031) 0.004 0.031 0.004 0.016 0.286 0.017 0.003 0.005 0.024 0.020 0.028 0.027 0.020 0.027 0.023 0.007 0.028 
 191   (0.020) 0.003 0.020 0.040 0.004 0.003 0.002 0.002 0.040 0.016 0.012 0.017 0.014 0.013 0.016 0.012 0.025 0.016 
 163   (0.011) 0.001 0.011 0.001 0.002 0.001 0.001 0.001 0.002 0.007 0.006 0.008 0.008 0.007 0.008 0.006 0.002 0.009 
 165   (0.011) 0.001 0.011 0.001 0.002 0.001 0.001 0.001 0.002 0.007 0.006 0.008 0.007 0.007 0.008 0.007 0.002 0.009 
 193   (0.012) 0.001 0.012 0.001 0.002 0.001 0.001 0.001 0.002 0.010 0.008 0.011 0.010 0.007 0.010 0.007 0.003 0.009 
 167   (0.011) 0.001 0.011 0.001 0.002 0.001 0.001 0.001 0.002 0.008 0.006 0.009 0.008 0.007 0.009 0.006 0.002 0.009 

Locus 3 : 
4 alleles
1.1% missing data
 206   (0.891) 0.884 0.891 0.976 0.977 0.688 0.984 0.989 0.898 0.902 0.917 0.901 0.918 0.918 0.910 0.923 0.905 0.904 
 208   (0.056) 0.051 0.056 0.007 0.012 0.306 0.009 0.004 0.011 0.047 0.045 0.047 0.042 0.047 0.046 0.041 0.066 0.049 
 204   (0.039) 0.063 0.039 0.015 0.008 0.005 0.005 0.006 0.089 0.030 0.023 0.033 0.028 0.024 0.032 0.025 0.027 0.033 
 212   (0.014) 0.002 0.014 0.002 0.003 0.002 0.002 0.001 0.002 0.022 0.015 0.019 0.012 0.011 0.012 0.011 0.003 0.014 

Locus 4 : 
15 alleles
1.1% missing data
 165   (0.074) 0.309 0.074 0.467 0.015 0.013 0.028 0.005 0.043 0.096 0.089 0.091 0.064 0.073 0.078 0.069 0.021 0.090 
 163   (0.201) 0.078 0.201 0.029 0.285 0.085 0.063 0.015 0.078 0.245 0.219 0.221 0.221 0.193 0.215 0.252 0.273 0.220 
 167   (0.145) 0.020 0.145 0.068 0.166 0.242 0.191 0.010 0.487 0.147 0.153 0.137 0.125 0.154 0.133 0.132 0.096 0.137 
 161   (0.358) 0.570 0.358 0.126 0.455 0.478 0.679 0.956 0.330 0.330 0.380 0.350 0.411 0.408 0.383 0.387 0.434 0.361 
 153   (0.015) 0.002 0.015 0.002 0.003 0.011 0.003 0.001 0.003 0.014 0.011 0.015 0.014 0.010 0.017 0.012 0.004 0.018 
 173   (0.032) 0.004 0.032 0.262 0.006 0.003 0.003 0.002 0.006 0.023 0.037 0.028 0.024 0.042 0.026 0.019 0.025 0.026 
 171   (0.039) 0.004 0.039 0.005 0.009 0.005 0.004 0.003 0.030 0.041 0.030 0.042 0.032 0.032 0.036 0.031 0.045 0.036 
 179   (0.011) 0.001 0.011 0.001 0.002 0.001 0.003 0.001 0.002 0.008 0.006 0.009 0.008 0.007 0.009 0.007 0.003 0.009 
 157   (0.024) 0.002 0.024 0.003 0.005 0.146 0.012 0.001 0.004 0.018 0.014 0.020 0.017 0.015 0.019 0.014 0.017 0.020 
 149   (0.012) 0.001 0.012 0.001 0.002 0.001 0.001 0.001 0.002 0.007 0.006 0.008 0.008 0.008 0.008 0.006 0.026 0.009 
 177   (0.020) 0.002 0.020 0.011 0.004 0.002 0.004 0.001 0.004 0.022 0.014 0.021 0.017 0.013 0.020 0.017 0.005 0.019 
 155   (0.018) 0.002 0.018 0.002 0.004 0.006 0.002 0.001 0.003 0.012 0.010 0.014 0.012 0.011 0.014 0.012 0.004 0.015 
 175   (0.011) 0.001 0.011 0.001 0.002 0.001 0.001 0.001 0.002 0.008 0.006 0.009 0.008 0.007 0.008 0.006 0.008 0.009 
 169   (0.021) 0.002 0.021 0.017 0.004 0.002 0.002 0.001 0.004 0.016 0.014 0.019 0.017 0.014 0.017 0.013 0.034 0.017 
 159   (0.019) 0.002 0.019 0.002 0.038 0.002 0.002 0.001 0.003 0.013 0.011 0.016 0.023 0.012 0.015 0.022 0.005 0.016 

Locus 5 : 
16 alleles
0.0% missing data
 148   (0.117) 0.049 0.117 0.282 0.059 0.101 0.197 0.364 0.028 0.118 0.083 0.116 0.100 0.074 0.111 0.104 0.093 0.112 
 160   (0.027) 0.003 0.027 0.058 0.005 0.004 0.004 0.002 0.062 0.018 0.014 0.021 0.019 0.016 0.021 0.015 0.025 0.022 
 154   (0.074) 0.171 0.074 0.026 0.215 0.018 0.009 0.010 0.048 0.076 0.065 0.069 0.092 0.061 0.070 0.107 0.020 0.066 
 150   (0.059) 0.011 0.059 0.010 0.012 0.064 0.030 0.012 0.013 0.052 0.197 0.059 0.049 0.233 0.058 0.046 0.092 0.062 
 138   (0.120) 0.182 0.120 0.150 0.231 0.024 0.052 0.008 0.308 0.111 0.095 0.111 0.139 0.087 0.118 0.141 0.089 0.118 
 166   (0.030) 0.003 0.029 0.014 0.005 0.033 0.005 0.002 0.269 0.019 0.015 0.023 0.020 0.018 0.022 0.016 0.199 0.023 
 146   (0.098) 0.233 0.098 0.164 0.025 0.032 0.027 0.335 0.076 0.091 0.073 0.090 0.076 0.068 0.083 0.074 0.090 0.089 
 164   (0.016) 0.002 0.016 0.002 0.003 0.002 0.002 0.001 0.038 0.011 0.009 0.013 0.011 0.010 0.013 0.009 0.004 0.013 
 142   (0.019) 0.002 0.019 0.002 0.021 0.002 0.002 0.008 0.003 0.012 0.088 0.014 0.013 0.114 0.013 0.012 0.015 0.015 
 144   (0.160) 0.298 0.160 0.029 0.151 0.071 0.394 0.228 0.058 0.175 0.133 0.174 0.165 0.123 0.178 0.158 0.235 0.172 
 140   (0.085) 0.010 0.085 0.020 0.203 0.189 0.241 0.007 0.017 0.089 0.065 0.087 0.110 0.056 0.089 0.116 0.021 0.082 
 158   (0.044) 0.005 0.044 0.088 0.020 0.009 0.012 0.003 0.035 0.049 0.032 0.050 0.051 0.030 0.063 0.044 0.025 0.062 
 162   (0.028) 0.003 0.028 0.130 0.006 0.003 0.005 0.002 0.005 0.028 0.024 0.026 0.021 0.025 0.024 0.021 0.008 0.025 
 152   (0.087) 0.026 0.088 0.012 0.035 0.443 0.015 0.015 0.018 0.117 0.081 0.109 0.105 0.061 0.107 0.111 0.035 0.107 
 134   (0.016) 0.002 0.016 0.002 0.004 0.002 0.002 0.001 0.003 0.016 0.011 0.019 0.012 0.012 0.014 0.011 0.043 0.014 
 156   (0.020) 0.002 0.020 0.012 0.004 0.003 0.004 0.001 0.020 0.017 0.014 0.019 0.016 0.013 0.018 0.014 0.005 0.018 

Locus 6 : 
12 alleles
0.0% missing data
 225   (0.044) 0.007 0.044 0.119 0.027 0.010 0.005 0.293 0.007 0.037 0.034 0.037 0.034 0.036 0.037 0.034 0.011 0.038 
 239   (0.101) 0.232 0.101 0.028 0.026 0.014 0.100 0.426 0.231 0.099 0.088 0.100 0.086 0.075 0.099 0.077 0.048 0.102 
 229   (0.016) 0.002 0.016 0.292 0.003 0.002 0.002 0.001 0.003 0.011 0.009 0.013 0.011 0.010 0.013 0.009 0.004 0.014 
 235   (0.301) 0.310 0.301 0.376 0.437 0.268 0.421 0.230 0.085 0.317 0.398 0.309 0.366 0.417 0.318 0.373 0.145 0.304 
 237   (0.216) 0.264 0.217 0.039 0.169 0.196 0.271 0.025 0.069 0.237 0.199 0.230 0.217 0.185 0.218 0.218 0.174 0.218 
 233   (0.096) 0.157 0.096 0.062 0.023 0.469 0.168 0.010 0.259 0.088 0.081 0.093 0.084 0.083 0.101 0.074 0.093 0.105 
 227   (0.031) 0.003 0.031 0.004 0.006 0.003 0.003 0.002 0.288 0.022 0.024 0.026 0.020 0.032 0.023 0.017 0.406 0.025 
 245   (0.066) 0.008 0.066 0.008 0.161 0.023 0.013 0.005 0.023 0.069 0.054 0.071 0.070 0.049 0.080 0.081 0.020 0.078 
 241   (0.040) 0.007 0.040 0.061 0.023 0.007 0.005 0.003 0.014 0.033 0.031 0.034 0.034 0.034 0.034 0.031 0.034 0.033 
 231   (0.051) 0.006 0.051 0.006 0.050 0.005 0.006 0.003 0.016 0.059 0.055 0.055 0.048 0.054 0.046 0.055 0.024 0.048 
 243   (0.026) 0.003 0.026 0.003 0.073 0.003 0.004 0.002 0.004 0.020 0.019 0.023 0.022 0.019 0.024 0.026 0.038 0.025 
 251   (0.011) 0.001 0.011 0.001 0.002 0.001 0.001 0.001 0.002 0.007 0.006 0.008 0.008 0.007 0.009 0.007 0.003 0.010 

Locus 7 : 
5 alleles
0.0% missing data
 118   (0.920) 0.992 0.920 0.989 0.985 0.921 0.938 0.993 0.673 0.935 0.793 0.927 0.941 0.759 0.932 0.945 0.964 0.925 
 124   (0.039) 0.004 0.039 0.005 0.007 0.073 0.057 0.002 0.320 0.031 0.025 0.037 0.029 0.024 0.036 0.029 0.009 0.040 
 116   (0.013) 0.001 0.013 0.003 0.003 0.001 0.001 0.003 0.002 0.007 0.160 0.009 0.008 0.199 0.009 0.006 0.021 0.010 
 114   (0.017) 0.002 0.017 0.002 0.004 0.003 0.002 0.001 0.004 0.019 0.015 0.017 0.013 0.012 0.015 0.013 0.004 0.017 
 122   (0.011) 0.001 0.011 0.001 0.002 0.001 0.001 0.001 0.002 0.008 0.006 0.010 0.008 0.007 0.009 0.007 0.002 0.009 

Locus 8 : 
5 alleles
0.0% missing data
 135   (0.054) 0.006 0.054 0.023 0.030 0.013 0.029 0.011 0.010 0.070 0.056 0.075 0.055 0.034 0.070 0.070 0.013 0.078 
 139   (0.753) 0.956 0.753 0.815 0.641 0.931 0.914 0.918 0.948 0.780 0.688 0.754 0.781 0.662 0.766 0.767 0.645 0.754 
 137   (0.144) 0.032 0.144 0.156 0.264 0.050 0.051 0.068 0.034 0.115 0.227 0.132 0.122 0.271 0.124 0.122 0.330 0.126 
 143   (0.035) 0.004 0.035 0.004 0.042 0.004 0.004 0.002 0.006 0.026 0.022 0.028 0.026 0.024 0.028 0.027 0.009 0.030 
 141   (0.015) 0.001 0.014 0.002 0.023 0.002 0.002 0.001 0.002 0.009 0.007 0.011 0.016 0.009 0.011 0.013 0.003 0.011 

Locus 9 : 
11 alleles
0.0% missing data
 116   (0.299) 0.179 0.299 0.427 0.323 0.514 0.278 0.370 0.109 0.330 0.282 0.327 0.301 0.247 0.323 0.324 0.121 0.340 
 112   (0.087) 0.371 0.087 0.058 0.156 0.035 0.078 0.012 0.015 0.087 0.059 0.082 0.112 0.059 0.085 0.105 0.021 0.077 
 122   (0.060) 0.299 0.060 0.007 0.014 0.009 0.008 0.432 0.297 0.046 0.079 0.051 0.045 0.097 0.053 0.036 0.261 0.052 
 114   (0.219) 0.046 0.219 0.080 0.300 0.361 0.338 0.021 0.053 0.227 0.176 0.226 0.232 0.153 0.220 0.237 0.228 0.216 
 120   (0.042) 0.022 0.042 0.005 0.022 0.005 0.147 0.003 0.209 0.028 0.023 0.033 0.031 0.026 0.033 0.028 0.010 0.035 
 130   (0.036) 0.004 0.036 0.005 0.008 0.006 0.042 0.002 0.174 0.033 0.024 0.036 0.032 0.024 0.043 0.027 0.073 0.046 
 118   (0.126) 0.019 0.126 0.400 0.122 0.039 0.080 0.019 0.117 0.129 0.094 0.123 0.143 0.092 0.132 0.146 0.051 0.120 
 124   (0.060) 0.052 0.060 0.008 0.040 0.007 0.007 0.136 0.010 0.052 0.115 0.052 0.047 0.143 0.050 0.044 0.079 0.052 
 126   (0.036) 0.004 0.036 0.006 0.007 0.008 0.018 0.003 0.010 0.033 0.116 0.033 0.026 0.135 0.029 0.025 0.147 0.031 
 108   (0.015) 0.001 0.015 0.002 0.003 0.001 0.002 0.001 0.002 0.014 0.012 0.016 0.015 0.009 0.014 0.011 0.003 0.012 
 128   (0.021) 0.002 0.021 0.002 0.005 0.015 0.002 0.002 0.004 0.023 0.018 0.021 0.016 0.015 0.017 0.017 0.005 0.019 

Locus 10 : 
4 alleles
0.0% missing data
 232   (0.896) 0.989 0.896 0.987 0.912 0.988 0.946 0.993 0.971 0.917 0.931 0.904 0.916 0.930 0.910 0.924 0.685 0.910 
 238   (0.076) 0.009 0.076 0.010 0.082 0.010 0.051 0.006 0.025 0.061 0.049 0.069 0.060 0.053 0.066 0.057 0.309 0.067 
 234   (0.015) 0.001 0.015 0.002 0.003 0.002 0.002 0.001 0.002 0.014 0.012 0.017 0.015 0.009 0.015 0.011 0.003 0.013 
 244   (0.012) 0.001 0.012 0.001 0.002 0.001 0.002 0.001 0.002 0.009 0.007 0.010 0.009 0.008 0.009 0.007 0.003 0.010 

Locus 11 : 
7 alleles
0.0% missing data
 165   (0.764) 0.798 0.764 0.917 0.918 0.921 0.779 0.768 0.932 0.785 0.679 0.776 0.797 0.658 0.787 0.811 0.886 0.780 
 167   (0.075) 0.184 0.075 0.057 0.033 0.009 0.012 0.221 0.021 0.056 0.183 0.062 0.055 0.216 0.060 0.050 0.028 0.064 
 161   (0.113) 0.013 0.113 0.020 0.023 0.065 0.203 0.008 0.040 0.126 0.112 0.122 0.101 0.097 0.113 0.101 0.075 0.117 
 155   (0.012) 0.001 0.012 0.001 0.002 0.001 0.001 0.001 0.002 0.007 0.006 0.008 0.008 0.007 0.009 0.007 0.003 0.010 
 173   (0.011) 0.001 0.011 0.001 0.002 0.001 0.001 0.001 0.002 0.009 0.008 0.011 0.010 0.007 0.010 0.007 0.003 0.009 
 163   (0.013) 0.001 0.013 0.002 0.019 0.001 0.001 0.001 0.002 0.009 0.006 0.010 0.020 0.008 0.013 0.016 0.003 0.010 
 171   (0.012) 0.001 0.012 0.001 0.002 0.001 0.001 0.001 0.002 0.008 0.006 0.010 0.008 0.007 0.009 0.007 0.003 0.010 

Locus 12 : 
8 alleles
0.0% missing data
 137   (0.517) 0.416 0.517 0.405 0.788 0.331 0.241 0.456 0.848 0.528 0.595 0.517 0.570 0.613 0.522 0.602 0.549 0.511 
 140   (0.156) 0.054 0.156 0.212 0.073 0.594 0.503 0.015 0.031 0.158 0.125 0.163 0.151 0.111 0.179 0.138 0.074 0.177 
 134   (0.250) 0.522 0.250 0.373 0.107 0.057 0.247 0.524 0.108 0.241 0.226 0.250 0.211 0.224 0.237 0.199 0.316 0.247 
 149   (0.011) 0.001 0.011 0.001 0.002 0.001 0.001 0.001 0.002 0.007 0.006 0.009 0.008 0.007 0.008 0.006 0.003 0.009 
 143   (0.015) 0.002 0.015 0.002 0.003 0.002 0.002 0.001 0.004 0.012 0.009 0.014 0.011 0.010 0.011 0.009 0.042 0.012 
 128   (0.012) 0.001 0.012 0.001 0.002 0.001 0.001 0.001 0.002 0.008 0.006 0.010 0.008 0.008 0.009 0.006 0.008 0.009 
 125   (0.019) 0.002 0.019 0.002 0.020 0.012 0.003 0.001 0.003 0.013 0.011 0.015 0.026 0.012 0.016 0.021 0.005 0.015 
 146   (0.019) 0.002 0.019 0.002 0.004 0.002 0.002 0.001 0.003 0.032 0.022 0.023 0.016 0.016 0.016 0.018 0.004 0.019 

Locus 13 : 
19 alleles
0.5% missing data
 206   (0.129) 0.029 0.129 0.415 0.131 0.257 0.174 0.049 0.218 0.110 0.108 0.112 0.131 0.115 0.115 0.128 0.067 0.113 
 210   (0.096) 0.040 0.096 0.281 0.027 0.174 0.154 0.418 0.017 0.096 0.075 0.100 0.098 0.068 0.108 0.087 0.026 0.108 
 190   (0.073) 0.012 0.073 0.009 0.133 0.086 0.009 0.005 0.028 0.079 0.064 0.078 0.064 0.057 0.071 0.074 0.017 0.071 
 202   (0.085) 0.014 0.085 0.016 0.019 0.033 0.012 0.008 0.533 0.106 0.149 0.101 0.084 0.154 0.100 0.092 0.257 0.104 
 214   (0.044) 0.145 0.044 0.006 0.009 0.062 0.021 0.249 0.008 0.035 0.028 0.037 0.033 0.029 0.037 0.030 0.012 0.037 
 212   (0.033) 0.004 0.033 0.004 0.390 0.004 0.004 0.185 0.005 0.023 0.021 0.028 0.079 0.025 0.035 0.103 0.007 0.028 
 192   (0.112) 0.014 0.112 0.047 0.049 0.091 0.274 0.008 0.061 0.132 0.102 0.127 0.115 0.091 0.132 0.106 0.029 0.132 
 204   (0.038) 0.059 0.038 0.005 0.018 0.020 0.010 0.015 0.016 0.037 0.026 0.036 0.037 0.026 0.039 0.034 0.014 0.034 
 184   (0.055) 0.006 0.055 0.097 0.075 0.017 0.023 0.004 0.009 0.045 0.035 0.048 0.074 0.035 0.056 0.069 0.012 0.051 
 216   (0.020) 0.002 0.020 0.002 0.005 0.014 0.266 0.001 0.003 0.020 0.016 0.018 0.017 0.013 0.021 0.013 0.004 0.023 
 208   (0.046) 0.005 0.045 0.006 0.044 0.195 0.021 0.017 0.009 0.044 0.034 0.047 0.045 0.031 0.050 0.047 0.010 0.054 
 198   (0.038) 0.004 0.038 0.004 0.009 0.004 0.005 0.003 0.017 0.061 0.045 0.050 0.034 0.030 0.039 0.043 0.009 0.043 
 194   (0.061) 0.594 0.061 0.032 0.015 0.019 0.007 0.006 0.019 0.050 0.152 0.053 0.045 0.184 0.051 0.041 0.210 0.054 
 186   (0.018) 0.050 0.018 0.003 0.003 0.002 0.002 0.009 0.003 0.012 0.011 0.014 0.013 0.013 0.015 0.010 0.005 0.014 
 188   (0.021) 0.002 0.021 0.002 0.004 0.004 0.004 0.001 0.003 0.016 0.012 0.019 0.015 0.013 0.017 0.014 0.032 0.019 
 200   (0.068) 0.012 0.068 0.064 0.038 0.011 0.007 0.017 0.035 0.065 0.068 0.065 0.059 0.070 0.058 0.054 0.274 0.058 
 196   (0.037) 0.004 0.037 0.005 0.022 0.004 0.004 0.002 0.006 0.047 0.036 0.041 0.033 0.030 0.032 0.038 0.010 0.036 
 220   (0.012) 0.001 0.012 0.001 0.003 0.001 0.001 0.001 0.006 0.008 0.006 0.010 0.008 0.008 0.009 0.007 0.004 0.010 
 180   (0.013) 0.001 0.013 0.001 0.003 0.001 0.001 0.001 0.002 0.013 0.011 0.016 0.014 0.008 0.014 0.011 0.003 0.011 

Locus 14 : 
8 alleles
1.1% missing data
 139   (0.075) 0.165 0.075 0.091 0.014 0.011 0.243 0.185 0.039 0.062 0.078 0.066 0.062 0.091 0.071 0.049 0.057 0.069 
 145   (0.065) 0.010 0.065 0.137 0.124 0.011 0.022 0.009 0.013 0.055 0.041 0.058 0.101 0.044 0.070 0.095 0.036 0.056 
 151   (0.297) 0.540 0.297 0.461 0.417 0.660 0.178 0.337 0.354 0.300 0.240 0.293 0.309 0.242 0.307 0.305 0.276 0.303 
 157   (0.357) 0.160 0.357 0.224 0.270 0.277 0.488 0.155 0.471 0.413 0.442 0.394 0.354 0.409 0.371 0.389 0.322 0.395 
 154   (0.104) 0.114 0.104 0.015 0.142 0.029 0.056 0.308 0.018 0.093 0.112 0.099 0.086 0.118 0.092 0.089 0.032 0.091 
 163   (0.042) 0.005 0.042 0.064 0.008 0.005 0.005 0.003 0.094 0.031 0.041 0.037 0.032 0.045 0.035 0.027 0.014 0.035 
 160   (0.032) 0.003 0.032 0.005 0.006 0.004 0.003 0.002 0.006 0.021 0.019 0.027 0.023 0.022 0.026 0.019 0.248 0.027 
 142   (0.028) 0.003 0.028 0.004 0.018 0.004 0.004 0.002 0.005 0.025 0.027 0.026 0.033 0.029 0.028 0.027 0.016 0.023 

Locus 15 : 
13 alleles
1.6% missing data
 256   (0.149) 0.121 0.149 0.163 0.155 0.171 0.153 0.076 0.126 0.116 0.152 0.129 0.116 0.169 0.128 0.116 0.162 0.131 
 262   (0.022) 0.003 0.022 0.270 0.004 0.002 0.002 0.001 0.003 0.014 0.078 0.017 0.015 0.095 0.016 0.011 0.013 0.018 
 246   (0.118) 0.014 0.118 0.179 0.050 0.094 0.131 0.008 0.023 0.146 0.138 0.135 0.104 0.114 0.127 0.114 0.106 0.139 
 258   (0.178) 0.024 0.178 0.025 0.163 0.235 0.298 0.014 0.537 0.215 0.194 0.204 0.211 0.190 0.221 0.214 0.158 0.219 
 254   (0.108) 0.335 0.108 0.014 0.061 0.164 0.027 0.161 0.178 0.099 0.089 0.106 0.101 0.086 0.097 0.095 0.077 0.094 
 250   (0.033) 0.085 0.033 0.004 0.025 0.004 0.004 0.643 0.009 0.024 0.021 0.027 0.024 0.025 0.027 0.021 0.011 0.027 
 242   (0.100) 0.154 0.100 0.189 0.154 0.011 0.012 0.071 0.022 0.125 0.102 0.106 0.124 0.090 0.099 0.129 0.059 0.094 
 252   (0.063) 0.046 0.064 0.110 0.036 0.029 0.029 0.007 0.013 0.062 0.057 0.064 0.065 0.057 0.064 0.060 0.021 0.062 
 248   (0.133) 0.210 0.133 0.024 0.268 0.038 0.323 0.012 0.074 0.117 0.104 0.126 0.165 0.109 0.137 0.159 0.360 0.129 
 260   (0.043) 0.004 0.043 0.006 0.010 0.247 0.015 0.003 0.007 0.036 0.030 0.040 0.033 0.027 0.041 0.035 0.021 0.043 
 264   (0.015) 0.001 0.015 0.002 0.003 0.002 0.002 0.001 0.002 0.020 0.014 0.015 0.012 0.012 0.013 0.015 0.003 0.015 
 244   (0.025) 0.003 0.025 0.014 0.067 0.003 0.003 0.002 0.004 0.018 0.016 0.021 0.021 0.018 0.021 0.023 0.007 0.021 
 276   (0.012) 0.001 0.012 0.001 0.002 0.001 0.001 0.001 0.002 0.007 0.006 0.009 0.008 0.007 0.009 0.007 0.003 0.010 

Values of parameters used in structure:
DATAFILE=G:\Shared drives\Emily_Schumacher\QUAC_analyses\QUAC_structure_wild_relate\QUAC_allpop_relate_red_12_15_21\project_data,	OUTFILE=G:\Shared drives\Emily_Schumacher\QUAC_analyses\QUAC_structure_wild_relate\QUAC_allpop_relate_red_12_15_21\50-100\Results\50-100_run_83,	NUMINDS=188,	NUMLOCI=15,	MISSING=-9,	LABEL=1,	POPDATA=1,	POPFLAG=0,	PHENOTYPE=0,	EXTRACOLS=0,	MAXPOPS=17,	BURNIN=50000,	NUMREPS=100000,	USEPOPINFO=0,	INFERALPHA=1,	INFERLAMBDA=0,	POPSPECIFICLAMBDA=0,	POPALPHAS=0,	COMPUTEPROB=1,	NOADMIX=0,	ADMBURNIN=2500,	UPDATEFREQ=1,	PRINTLIKES=0,	INTERMEDSAVE=0,	PRINTKLD=0,	PRINTNET=0,	PRINTLAMBDA=0,	ANCESTDIST=0,	NUMBOXES=1000,	ANCESTPINT=0.90000,	GENSBACK=2,	MIGRPRIOR=0.05000,	PRINTQHAT=0,	PRINTQSUM=0,	ALPHA=1.0000,	FREQSCORR=1,	FPRIORMEAN=0.0100,	FPRIORSD=0.0500,	ONEFST=0,	LAMBDA=1.0000,	UNIFPRIORALPHA=1,	ALPHAMAX=10.0000,	ALPHAPRIORA=1.0000,	ALPHAPRIORB=2.0000,	ALPHAPROPSD=0.0250,	STARTATPOPINFO=0,	RANDOMIZE=1,	LINKAGE=0,	METROFREQ=10,	REPORTHITRATE=0,	MARKOVPHASE=-1,	PHASED=0,	PLOIDY=2,	PHASEINFO=0	LOCPRIOR=0, 	LOCPRIORINIT=1.000000, 	LOCDATA=0, 	LOCISPOP=0, 	LOCPRIORSTEP=0.100000, 	MAXLOCPRIOR=20.000000, 	SEED=1639613022,	
[STRAT parameters]:    NUMSIMSTATS=1000,	PHENOTYPECOL=-9,	POOLFREQ=10,	LOCUSxONLY=0,	EMERROR=0.00100,	MISSINGPHENO=-9,	