

----------------------------------------------------
STRUCTURE by Pritchard, Stephens and Donnelly (2000)
     and Falush, Stephens and Pritchard (2003)
       Code by Pritchard, Falush and Hubisz
             Version 2.3.4 (Jul 2012)
----------------------------------------------------



Command line arguments:   bin\structure -m G:\Shared drives\Emily_Schumacher\QUAC_analyses\QUAC_structure_wild_relate\QUAC_allpop_relate_red_12_15_21\50-100\mainparams -e G:\Shared drives\Emily_Schumacher\QUAC_analyses\QUAC_structure_wild_relate\QUAC_allpop_relate_red_12_15_21\50-100\extraparams 
Input File:    G:\Shared drives\Emily_Schumacher\QUAC_analyses\QUAC_structure_wild_relate\QUAC_allpop_relate_red_12_15_21\project_data

Run parameters:
   188 individuals
   15 loci
   20 populations assumed
   50000 Burn-in period
   100000 Reps


--------------------------------------------
Proportion of membership of each pre-defined
 population in each of the 20 clusters

Given    Inferred Clusters                                                                                                                              Number of
 Pop       1      2      3      4      5      6      7      8      9     10     11     12     13     14     15     16     17     18     19     20      Individuals

  1:     0.006  0.005  0.008  0.004  0.010  0.008  0.006  0.006  0.008  0.009  0.847  0.007  0.008  0.008  0.009  0.011  0.009  0.010  0.016  0.004        2
  2:     0.071  0.178  0.024  0.018  0.028  0.025  0.026  0.032  0.027  0.021  0.035  0.026  0.020  0.024  0.030  0.088  0.029  0.029  0.261  0.006       17
  3:     0.091  0.013  0.032  0.024  0.040  0.027  0.033  0.020  0.031  0.032  0.053  0.027  0.031  0.037  0.037  0.166  0.039  0.039  0.144  0.081       19
  4:     0.011  0.011  0.034  0.058  0.041  0.034  0.054  0.025  0.033  0.044  0.101  0.034  0.041  0.042  0.047  0.281  0.042  0.046  0.009  0.012       10
  5:     0.245  0.004  0.013  0.026  0.014  0.013  0.007  0.012  0.014  0.014  0.009  0.011  0.014  0.012  0.013  0.014  0.014  0.013  0.533  0.006        2
  6:     0.015  0.125  0.029  0.005  0.028  0.022  0.059  0.022  0.027  0.024  0.008  0.027  0.025  0.025  0.026  0.363  0.024  0.035  0.008  0.104        2
  7:     0.221  0.012  0.058  0.007  0.037  0.031  0.011  0.089  0.055  0.055  0.008  0.052  0.046  0.048  0.034  0.008  0.040  0.043  0.129  0.015        1
  8:     0.032  0.005  0.007  0.007  0.007  0.007  0.009  0.010  0.007  0.007  0.006  0.008  0.008  0.008  0.007  0.007  0.007  0.007  0.838  0.005        1
  9:     0.048  0.005  0.054  0.004  0.118  0.069  0.057  0.040  0.068  0.082  0.005  0.060  0.073  0.080  0.072  0.014  0.075  0.061  0.004  0.010        1
 10:     0.008  0.123  0.046  0.009  0.035  0.034  0.011  0.020  0.040  0.057  0.006  0.042  0.059  0.042  0.038  0.010  0.044  0.043  0.013  0.321        6
 11:     0.108  0.074  0.042  0.033  0.043  0.036  0.029  0.028  0.043  0.043  0.013  0.041  0.044  0.045  0.040  0.088  0.045  0.045  0.039  0.121       16
 12:     0.007  0.003  0.044  0.018  0.036  0.110  0.380  0.017  0.035  0.047  0.013  0.031  0.050  0.040  0.042  0.015  0.036  0.048  0.020  0.007        1
 13:     0.013  0.011  0.032  0.365  0.039  0.031  0.034  0.020  0.032  0.032  0.023  0.029  0.032  0.035  0.040  0.126  0.041  0.036  0.013  0.015       33
 14:     0.340  0.082  0.025  0.009  0.017  0.017  0.014  0.080  0.032  0.019  0.009  0.037  0.018  0.017  0.021  0.016  0.018  0.017  0.070  0.141       21
 15:     0.012  0.022  0.019  0.012  0.020  0.015  0.011  0.033  0.022  0.018  0.668  0.023  0.018  0.019  0.018  0.017  0.017  0.017  0.009  0.009       14
 16:     0.017  0.008  0.024  0.015  0.029  0.164  0.453  0.023  0.026  0.023  0.012  0.037  0.023  0.024  0.034  0.017  0.023  0.026  0.011  0.009       35
 17:     0.009  0.006  0.079  0.009  0.102  0.054  0.020  0.041  0.067  0.086  0.009  0.059  0.084  0.101  0.074  0.023  0.078  0.079  0.011  0.009        7
--------------------------------------------

Allele-freq. divergence among pops (Net nucleotide distance),
computed using point estimates of P.

      1       2       3       4       5       6       7       8       9      10      11      12      13      14      15      16      17      18      19      20      
 1      -    0.1097  0.0557  0.1140  0.0581  0.0554  0.0738  0.0708  0.0570  0.0547  0.0961  0.0555  0.0547  0.0570  0.0582  0.0911  0.0588  0.0597  0.0943  0.0851  
 2   0.1097     -    0.0577  0.1110  0.0609  0.0624  0.0802  0.0724  0.0584  0.0585  0.1122  0.0593  0.0585  0.0599  0.0596  0.0998  0.0604  0.0600  0.1500  0.0755  
 3   0.0557  0.0577     -    0.0507  0.0008  0.0033  0.0195  0.0170  0.0004  0.0002  0.0465  0.0012  0.0002  0.0003  0.0005  0.0290  0.0008  0.0005  0.0842  0.0351  
 4   0.1140  0.1110  0.0507     -    0.0480  0.0549  0.0765  0.0865  0.0537  0.0499  0.0972  0.0560  0.0499  0.0496  0.0481  0.0594  0.0462  0.0486  0.1377  0.1015  
 5   0.0581  0.0609  0.0008  0.0480     -    0.0038  0.0209  0.0227  0.0017  0.0008  0.0464  0.0030  0.0008  0.0002  0.0003  0.0264  0.0002  0.0003  0.0855  0.0388  
 6   0.0554  0.0624  0.0033  0.0549  0.0038     -    0.0082  0.0237  0.0041  0.0032  0.0502  0.0042  0.0032  0.0035  0.0029  0.0324  0.0041  0.0037  0.0880  0.0402  
 7   0.0738  0.0802  0.0195  0.0765  0.0209  0.0082     -    0.0393  0.0204  0.0194  0.0707  0.0194  0.0194  0.0204  0.0190  0.0508  0.0213  0.0206  0.1092  0.0557  
 8   0.0708  0.0724  0.0170  0.0865  0.0227  0.0237  0.0393     -    0.0124  0.0197  0.0703  0.0100  0.0197  0.0209  0.0216  0.0563  0.0224  0.0214  0.1056  0.0492  
 9   0.0570  0.0584  0.0004  0.0537  0.0017  0.0041  0.0204  0.0124     -    0.0011  0.0483  0.0003  0.0011  0.0012  0.0014  0.0304  0.0017  0.0013  0.0856  0.0356  
10   0.0547  0.0585  0.0002  0.0499  0.0008  0.0032  0.0194  0.0197  0.0011     -    0.0448  0.0019  0.0000  0.0003  0.0006  0.0284  0.0007  0.0006  0.0828  0.0347  
11   0.0961  0.1122  0.0465  0.0972  0.0464  0.0502  0.0707  0.0703  0.0483  0.0448     -    0.0494  0.0448  0.0459  0.0471  0.0802  0.0473  0.0472  0.1165  0.0940  
12   0.0555  0.0593  0.0012  0.0560  0.0030  0.0042  0.0194  0.0100  0.0003  0.0019  0.0494     -    0.0019  0.0023  0.0024  0.0315  0.0029  0.0025  0.0858  0.0353  
13   0.0547  0.0585  0.0002  0.0499  0.0008  0.0032  0.0194  0.0197  0.0011  0.0000  0.0448  0.0019     -    0.0003  0.0006  0.0284  0.0007  0.0006  0.0828  0.0347  
14   0.0570  0.0599  0.0003  0.0496  0.0002  0.0035  0.0204  0.0209  0.0012  0.0003  0.0459  0.0023  0.0003     -    0.0003  0.0277  0.0004  0.0002  0.0846  0.0368  
15   0.0582  0.0596  0.0005  0.0481  0.0003  0.0029  0.0190  0.0216  0.0014  0.0006  0.0471  0.0024  0.0006  0.0003     -    0.0267  0.0004  0.0002  0.0850  0.0369  
16   0.0911  0.0998  0.0290  0.0594  0.0264  0.0324  0.0508  0.0563  0.0304  0.0284  0.0802  0.0315  0.0284  0.0277  0.0267     -    0.0249  0.0278  0.1014  0.0680  
17   0.0588  0.0604  0.0008  0.0462  0.0002  0.0041  0.0213  0.0224  0.0017  0.0007  0.0473  0.0029  0.0007  0.0004  0.0004  0.0249     -    0.0003  0.0838  0.0375  
18   0.0597  0.0600  0.0005  0.0486  0.0003  0.0037  0.0206  0.0214  0.0013  0.0006  0.0472  0.0025  0.0006  0.0002  0.0002  0.0278  0.0003     -    0.0863  0.0369  
19   0.0943  0.1500  0.0842  0.1377  0.0855  0.0880  0.1092  0.1056  0.0856  0.0828  0.1165  0.0858  0.0828  0.0846  0.0850  0.1014  0.0838  0.0863     -    0.1219  
20   0.0851  0.0755  0.0351  0.1015  0.0388  0.0402  0.0557  0.0492  0.0356  0.0347  0.0940  0.0353  0.0347  0.0368  0.0369  0.0680  0.0375  0.0369  0.1219     -    

Average distances (expected heterozygosity) between individuals in same cluster:
cluster  1  : 0.5060 
cluster  2  : 0.5127 
cluster  3  : 0.6382 
cluster  4  : 0.5056 
cluster  5  : 0.6241 
cluster  6  : 0.6103 
cluster  7  : 0.5544 
cluster  8  : 0.6372 
cluster  9  : 0.6391 
cluster 10  : 0.6419 
cluster 11  : 0.5281 
cluster 12  : 0.6385 
cluster 13  : 0.6419 
cluster 14  : 0.6344 
cluster 15  : 0.6238 
cluster 16  : 0.5290 
cluster 17  : 0.6280 
cluster 18  : 0.6284 
cluster 19  : 0.4247 
cluster 20  : 0.5912 

--------------------------------------------
Estimated Ln Prob of Data   = -8441.0
Mean value of ln likelihood = -6986.5
Variance of ln likelihood   = 2909.2
Mean value of alpha         = 0.0396

Mean value of Fst_1         = 0.2634
Mean value of Fst_2         = 0.2828
Mean value of Fst_3         = 0.0607
Mean value of Fst_4         = 0.2433
Mean value of Fst_5         = 0.0862
Mean value of Fst_6         = 0.0988
Mean value of Fst_7         = 0.1737
Mean value of Fst_8         = 0.2001
Mean value of Fst_9         = 0.1061
Mean value of Fst_10         = 0.0005
Mean value of Fst_11         = 0.2178
Mean value of Fst_12         = 0.1187
Mean value of Fst_13         = 0.0003
Mean value of Fst_14         = 0.0483
Mean value of Fst_15         = 0.0821
Mean value of Fst_16         = 0.2131
Mean value of Fst_17         = 0.0751
Mean value of Fst_18         = 0.0793
Mean value of Fst_19         = 0.4124
Mean value of Fst_20         = 0.1769


Inferred ancestry of individuals:
        Label (%Miss) Pop:  Inferred clusters
  1 QAc-G-0029    (0)    1 :  0.006 0.005 0.010 0.005 0.014 0.010 0.006 0.008 0.011 0.012 0.786 0.010 0.011 0.011 0.014 0.017 0.014 0.015 0.027 0.005 
  2 QAc-G-0030    (0)    1 :  0.007 0.005 0.005 0.004 0.005 0.006 0.006 0.003 0.005 0.005 0.908 0.005 0.005 0.005 0.005 0.004 0.005 0.005 0.004 0.003 
  3 QAc-G-0062    (0)    2 :  0.268 0.354 0.028 0.005 0.026 0.021 0.027 0.042 0.025 0.023 0.006 0.027 0.021 0.020 0.022 0.007 0.019 0.022 0.030 0.008 
  4 QAc-G-0063    (0)    2 :  0.047 0.009 0.025 0.015 0.023 0.026 0.014 0.018 0.023 0.027 0.006 0.022 0.026 0.027 0.028 0.024 0.026 0.032 0.574 0.008 
  5 QAc-G-0064    (0)    2 :  0.029 0.859 0.006 0.005 0.007 0.007 0.007 0.005 0.007 0.006 0.005 0.007 0.006 0.006 0.006 0.006 0.007 0.006 0.006 0.007 
  6 QAc-G-0065    (0)    2 :  0.003 0.908 0.005 0.005 0.005 0.004 0.003 0.004 0.004 0.005 0.007 0.005 0.005 0.005 0.005 0.004 0.005 0.005 0.003 0.010 
  7 QAc-G-0066    (0)    2 :  0.005 0.003 0.004 0.004 0.004 0.004 0.004 0.004 0.004 0.004 0.005 0.004 0.004 0.004 0.004 0.004 0.004 0.004 0.926 0.003 
  8 QAc-G-0067    (0)    2 :  0.005 0.771 0.015 0.007 0.014 0.013 0.007 0.009 0.013 0.014 0.016 0.014 0.016 0.013 0.015 0.014 0.014 0.015 0.005 0.010 
  9 QAc-G-0068    (0)    2 :  0.006 0.006 0.032 0.004 0.004 0.005 0.007 0.294 0.072 0.004 0.005 0.095 0.005 0.004 0.005 0.003 0.005 0.004 0.435 0.004 
 10 QAc-G-0070    (0)    2 :  0.115 0.019 0.025 0.006 0.022 0.056 0.051 0.021 0.022 0.022 0.011 0.030 0.024 0.022 0.033 0.010 0.020 0.021 0.464 0.005 
 11 QAc-G-0071   (13)    2 :  0.037 0.003 0.005 0.003 0.006 0.006 0.006 0.006 0.006 0.005 0.009 0.006 0.006 0.006 0.006 0.008 0.006 0.006 0.858 0.005 
 12 QAc-G-0072    (0)    2 :  0.004 0.004 0.005 0.004 0.005 0.005 0.006 0.005 0.005 0.005 0.005 0.005 0.006 0.005 0.005 0.005 0.005 0.005 0.906 0.004 
 13 QAc-G-0073    (0)    2 :  0.004 0.004 0.024 0.012 0.052 0.037 0.079 0.012 0.033 0.017 0.010 0.025 0.017 0.031 0.071 0.456 0.051 0.055 0.004 0.004 
 14 QAc-G-0074    (0)    2 :  0.035 0.005 0.031 0.018 0.035 0.028 0.064 0.018 0.041 0.030 0.004 0.024 0.032 0.032 0.031 0.331 0.037 0.034 0.164 0.005 
 15 QAc-G-0075    (0)    2 :  0.010 0.009 0.026 0.031 0.025 0.021 0.080 0.015 0.023 0.027 0.018 0.024 0.026 0.028 0.027 0.533 0.032 0.026 0.010 0.008 
 16 QAc-G-0076    (0)    2 :  0.004 0.028 0.046 0.091 0.088 0.061 0.020 0.024 0.054 0.041 0.008 0.056 0.037 0.066 0.111 0.047 0.120 0.082 0.009 0.006 
 17 QAc-G-0080    (0)    2 :  0.018 0.022 0.028 0.004 0.043 0.028 0.009 0.028 0.043 0.047 0.463 0.030 0.047 0.044 0.037 0.016 0.041 0.034 0.009 0.006 
 18 QAc-G-0081    (0)    2 :  0.011 0.006 0.079 0.011 0.088 0.076 0.050 0.036 0.069 0.064 0.008 0.054 0.052 0.085 0.089 0.011 0.081 0.118 0.005 0.007 
 19 QAc-G-0083    (0)    2 :  0.610 0.011 0.016 0.083 0.024 0.021 0.010 0.008 0.020 0.016 0.014 0.020 0.014 0.018 0.017 0.019 0.026 0.019 0.029 0.005 
 20 QAc-G-0285    (0)    3 :  0.808 0.004 0.007 0.005 0.006 0.007 0.006 0.008 0.007 0.007 0.010 0.007 0.007 0.007 0.007 0.005 0.007 0.007 0.069 0.010 
 21 QAc-G-0287    (0)    3 :  0.004 0.003 0.003 0.003 0.003 0.003 0.004 0.003 0.003 0.003 0.004 0.003 0.003 0.003 0.003 0.004 0.003 0.003 0.937 0.003 
 22 QAc-G-0288    (6)    3 :  0.005 0.005 0.008 0.007 0.006 0.007 0.010 0.008 0.007 0.007 0.016 0.008 0.007 0.007 0.007 0.006 0.006 0.007 0.861 0.006 
 23 QAc-G-0292    (0)    3 :  0.666 0.007 0.012 0.005 0.011 0.011 0.011 0.015 0.010 0.010 0.005 0.011 0.010 0.011 0.011 0.006 0.009 0.011 0.162 0.007 
 24 QAc-G-0294    (0)    3 :  0.004 0.017 0.052 0.035 0.079 0.059 0.017 0.046 0.058 0.041 0.016 0.057 0.040 0.084 0.117 0.043 0.094 0.127 0.005 0.009 
 25 QAc-G-0295    (0)    3 :  0.016 0.015 0.031 0.022 0.122 0.038 0.038 0.012 0.043 0.025 0.017 0.037 0.024 0.054 0.050 0.264 0.111 0.059 0.014 0.006 
 26 QAc-G-0296    (0)    3 :  0.013 0.043 0.026 0.053 0.042 0.032 0.062 0.016 0.035 0.028 0.005 0.028 0.029 0.035 0.055 0.387 0.054 0.043 0.008 0.007 
 27 QAc-G-0297    (0)    3 :  0.004 0.003 0.065 0.027 0.055 0.047 0.032 0.028 0.049 0.086 0.006 0.045 0.092 0.078 0.062 0.171 0.072 0.062 0.003 0.014 
 28 QAc-G-0298    (6)    3 :  0.017 0.008 0.016 0.011 0.027 0.015 0.088 0.011 0.019 0.016 0.016 0.014 0.014 0.024 0.019 0.628 0.028 0.022 0.004 0.005 
 29 QAc-G-0299    (0)    3 :  0.005 0.004 0.011 0.110 0.018 0.012 0.089 0.010 0.012 0.013 0.005 0.012 0.013 0.015 0.013 0.609 0.017 0.014 0.011 0.009 
 30 QAc-G-0300    (0)    3 :  0.005 0.039 0.032 0.092 0.069 0.041 0.064 0.020 0.045 0.032 0.005 0.036 0.034 0.042 0.067 0.252 0.055 0.054 0.005 0.012 
 31 QAc-G-0301    (0)    3 :  0.011 0.037 0.010 0.016 0.011 0.010 0.100 0.006 0.011 0.011 0.007 0.009 0.011 0.011 0.011 0.688 0.012 0.010 0.012 0.005 
 32 QAc-G-0302    (0)    3 :  0.006 0.004 0.018 0.025 0.020 0.015 0.005 0.020 0.022 0.020 0.005 0.022 0.019 0.024 0.024 0.012 0.018 0.025 0.005 0.690 
 33 QAc-G-0303    (0)    3 :  0.015 0.008 0.017 0.004 0.013 0.018 0.019 0.031 0.015 0.019 0.007 0.023 0.021 0.018 0.016 0.005 0.016 0.014 0.005 0.715 
 34 QAc-G-0305    (0)    3 :  0.080 0.005 0.020 0.004 0.017 0.020 0.010 0.029 0.021 0.019 0.019 0.024 0.017 0.019 0.017 0.008 0.016 0.018 0.613 0.023 
 35 QAc-G-0307    (0)    3 :  0.010 0.005 0.010 0.006 0.012 0.012 0.017 0.008 0.011 0.010 0.819 0.011 0.011 0.010 0.010 0.007 0.010 0.011 0.004 0.007 
 36 QAc-G-0313    (0)    3 :  0.057 0.015 0.092 0.007 0.070 0.054 0.014 0.043 0.073 0.102 0.011 0.049 0.095 0.089 0.064 0.011 0.071 0.068 0.009 0.005 
 37 QAc-G-0314    (0)    3 :  0.003 0.009 0.079 0.022 0.078 0.065 0.015 0.038 0.074 0.084 0.009 0.062 0.078 0.081 0.080 0.038 0.077 0.096 0.004 0.009 
 38 QAc-G-0316    (0)    3 :  0.006 0.013 0.093 0.012 0.097 0.055 0.018 0.037 0.077 0.075 0.021 0.061 0.069 0.095 0.077 0.016 0.064 0.098 0.009 0.005 
 39 QAc-G-0033    (0)    4 :  0.004 0.011 0.009 0.162 0.021 0.013 0.095 0.007 0.013 0.009 0.007 0.011 0.009 0.011 0.011 0.562 0.022 0.012 0.005 0.006 
 40 QAc-G-0034    (0)    4 :  0.004 0.008 0.010 0.010 0.012 0.013 0.108 0.008 0.009 0.012 0.027 0.011 0.011 0.011 0.014 0.695 0.013 0.010 0.004 0.011 
 41 QAc-G-0035    (0)    4 :  0.012 0.021 0.040 0.303 0.066 0.049 0.014 0.029 0.043 0.032 0.013 0.039 0.035 0.055 0.061 0.028 0.059 0.080 0.014 0.007 
 42 QAc-G-0036    (0)    4 :  0.007 0.013 0.009 0.007 0.011 0.010 0.106 0.008 0.010 0.010 0.006 0.010 0.009 0.010 0.010 0.726 0.011 0.012 0.013 0.004 
 43 QAc-G-0039    (0)    4 :  0.005 0.008 0.061 0.020 0.085 0.056 0.017 0.045 0.073 0.044 0.032 0.054 0.036 0.085 0.117 0.025 0.085 0.133 0.009 0.010 
 44 QAc-G-0040    (0)    4 :  0.047 0.007 0.048 0.037 0.076 0.064 0.062 0.023 0.058 0.066 0.011 0.052 0.060 0.067 0.086 0.050 0.084 0.075 0.015 0.012 
 45 QAc-G-0045    (0)    4 :  0.004 0.007 0.010 0.023 0.012 0.017 0.099 0.006 0.009 0.009 0.013 0.012 0.008 0.009 0.024 0.698 0.013 0.013 0.010 0.004 
 46 QAc-G-0050    (0)    4 :  0.014 0.006 0.070 0.004 0.050 0.042 0.013 0.078 0.052 0.112 0.088 0.077 0.098 0.065 0.054 0.006 0.060 0.052 0.011 0.048 
 47 QAc-G-0052    (0)    4 :  0.004 0.018 0.011 0.005 0.021 0.012 0.008 0.009 0.021 0.013 0.783 0.013 0.013 0.015 0.013 0.007 0.012 0.013 0.004 0.005 
 48 QAc-G-0056    (0)    4 :  0.006 0.008 0.072 0.006 0.056 0.065 0.020 0.033 0.044 0.139 0.036 0.060 0.134 0.091 0.077 0.009 0.063 0.059 0.006 0.016 
 49 QAc-G-0276    (0)    5 :  0.474 0.003 0.011 0.020 0.013 0.012 0.006 0.012 0.012 0.013 0.008 0.011 0.012 0.012 0.013 0.016 0.013 0.011 0.324 0.005 
 50 QAc-G-0280    (6)    5 :  0.015 0.005 0.015 0.032 0.015 0.014 0.008 0.013 0.015 0.014 0.009 0.012 0.016 0.013 0.013 0.012 0.015 0.014 0.742 0.007 
 51 QAc-G-0018    (0)    6 :  0.004 0.006 0.013 0.007 0.011 0.011 0.104 0.015 0.012 0.011 0.012 0.012 0.011 0.011 0.010 0.711 0.011 0.012 0.006 0.012 
 52 QAc-G-0017    (0)    6 :  0.025 0.243 0.045 0.004 0.045 0.033 0.014 0.028 0.042 0.038 0.004 0.042 0.038 0.040 0.043 0.015 0.037 0.057 0.009 0.195 
 53 QAc-G-0250    (0)    7 :  0.221 0.012 0.058 0.007 0.037 0.031 0.011 0.089 0.055 0.055 0.008 0.052 0.046 0.048 0.034 0.008 0.040 0.043 0.129 0.015 
 54 QAc-G-0003    (6)    8 :  0.032 0.005 0.007 0.007 0.007 0.007 0.009 0.010 0.007 0.007 0.006 0.008 0.008 0.008 0.007 0.007 0.007 0.007 0.838 0.005 
 55 QAc-G-0283    (0)    9 :  0.048 0.005 0.054 0.004 0.118 0.069 0.057 0.040 0.068 0.082 0.005 0.060 0.073 0.080 0.072 0.014 0.075 0.061 0.004 0.010 
 56 QAc-G-0255    (0)   10 :  0.006 0.009 0.045 0.023 0.050 0.042 0.007 0.026 0.066 0.031 0.004 0.074 0.029 0.031 0.055 0.016 0.045 0.086 0.004 0.349 
 57 QAc-G-0256    (0)   10 :  0.012 0.016 0.008 0.008 0.007 0.006 0.005 0.007 0.007 0.007 0.006 0.008 0.007 0.007 0.007 0.008 0.008 0.007 0.018 0.840 
 58 QAc-G-0257    (0)   10 :  0.006 0.061 0.017 0.003 0.019 0.018 0.016 0.013 0.020 0.022 0.010 0.021 0.022 0.019 0.018 0.009 0.017 0.022 0.003 0.665 
 59 QAc-G-0259    (0)   10 :  0.003 0.003 0.089 0.007 0.043 0.068 0.005 0.026 0.066 0.148 0.002 0.067 0.161 0.095 0.071 0.004 0.075 0.051 0.003 0.014 
 60 QAc-G-0260    (0)   10 :  0.014 0.139 0.070 0.010 0.051 0.045 0.023 0.026 0.047 0.092 0.008 0.055 0.097 0.059 0.047 0.009 0.070 0.050 0.043 0.044 
 61 QAc-G-0261    (0)   10 :  0.007 0.507 0.048 0.004 0.037 0.026 0.007 0.023 0.036 0.043 0.006 0.027 0.038 0.043 0.032 0.011 0.047 0.041 0.004 0.013 
 62 QAc-G-0109    (0)   11 :  0.010 0.041 0.047 0.004 0.037 0.040 0.018 0.020 0.042 0.058 0.012 0.038 0.054 0.047 0.040 0.018 0.049 0.040 0.005 0.378 
 63 QAc-G-0113    (0)   11 :  0.052 0.022 0.024 0.005 0.020 0.018 0.009 0.068 0.031 0.027 0.020 0.042 0.029 0.023 0.025 0.014 0.023 0.020 0.010 0.519 
 64 QAc-G-0114    (0)   11 :  0.008 0.005 0.035 0.080 0.022 0.025 0.008 0.025 0.037 0.039 0.006 0.043 0.040 0.028 0.027 0.024 0.031 0.048 0.010 0.460 
 65 QAc-G-0117    (0)   11 :  0.049 0.074 0.066 0.031 0.053 0.039 0.019 0.057 0.058 0.049 0.011 0.056 0.054 0.049 0.067 0.052 0.063 0.057 0.006 0.090 
 66 QAc-G-0120    (0)   11 :  0.010 0.008 0.064 0.011 0.049 0.048 0.010 0.028 0.061 0.107 0.008 0.068 0.102 0.071 0.060 0.013 0.058 0.065 0.004 0.156 
 67 QAc-G-0125    (0)   11 :  0.055 0.586 0.022 0.005 0.024 0.022 0.019 0.016 0.019 0.024 0.033 0.018 0.025 0.026 0.019 0.005 0.023 0.023 0.015 0.022 
 68 QAc-G-0141    (0)   11 :  0.015 0.021 0.071 0.014 0.069 0.051 0.027 0.054 0.068 0.069 0.024 0.068 0.068 0.081 0.072 0.040 0.057 0.058 0.017 0.057 
 69 QAc-G-0143    (0)   11 :  0.004 0.003 0.102 0.004 0.093 0.063 0.004 0.032 0.097 0.046 0.006 0.067 0.049 0.134 0.051 0.030 0.109 0.095 0.006 0.005 
 70 QAc-G-0147    (0)   11 :  0.035 0.316 0.039 0.009 0.035 0.047 0.058 0.029 0.043 0.047 0.008 0.036 0.045 0.042 0.036 0.024 0.038 0.036 0.005 0.073 
 71 QAc-G-0174    (0)   11 :  0.851 0.004 0.005 0.004 0.005 0.005 0.005 0.005 0.005 0.004 0.006 0.005 0.005 0.005 0.005 0.007 0.005 0.004 0.062 0.005 
 72 QAc-G-0182    (0)   11 :  0.607 0.011 0.007 0.004 0.006 0.006 0.005 0.005 0.006 0.007 0.003 0.006 0.007 0.007 0.007 0.005 0.006 0.006 0.286 0.006 
 73 QAc-G-0188    (0)   11 :  0.011 0.006 0.045 0.014 0.047 0.049 0.006 0.034 0.069 0.059 0.004 0.064 0.058 0.043 0.055 0.014 0.050 0.089 0.167 0.116 
 74 QAc-G-0229    (0)   11 :  0.008 0.004 0.011 0.007 0.014 0.011 0.107 0.008 0.011 0.011 0.007 0.011 0.012 0.012 0.011 0.719 0.012 0.011 0.005 0.009 
 75 QAc-G-0233    (0)   11 :  0.004 0.010 0.060 0.223 0.064 0.064 0.071 0.021 0.048 0.064 0.025 0.045 0.061 0.055 0.052 0.013 0.060 0.049 0.006 0.005 
 76 QAc-G-0237    (0)   11 :  0.007 0.045 0.026 0.029 0.065 0.031 0.068 0.011 0.033 0.026 0.020 0.027 0.026 0.029 0.028 0.401 0.066 0.033 0.009 0.021 
 77 QAc-G-0243    (0)   11 :  0.007 0.037 0.055 0.078 0.080 0.061 0.030 0.033 0.066 0.056 0.012 0.055 0.066 0.076 0.092 0.028 0.076 0.078 0.004 0.008 
 78 QAc-G-0249    (0)   12 :  0.007 0.003 0.044 0.018 0.036 0.110 0.380 0.017 0.035 0.047 0.013 0.031 0.050 0.040 0.042 0.015 0.036 0.048 0.020 0.007 
 79 QAc-W-0001    (0)   13 :  0.004 0.015 0.009 0.805 0.011 0.008 0.010 0.006 0.008 0.010 0.004 0.009 0.010 0.008 0.010 0.037 0.011 0.009 0.003 0.013 
 80 QAc-W-0002    (0)   13 :  0.006 0.004 0.026 0.017 0.030 0.026 0.080 0.015 0.030 0.032 0.006 0.027 0.026 0.033 0.033 0.476 0.044 0.033 0.036 0.021 
 81 QAc-W-0003    (0)   13 :  0.024 0.013 0.015 0.728 0.016 0.012 0.007 0.013 0.014 0.014 0.017 0.016 0.015 0.014 0.014 0.018 0.016 0.014 0.007 0.013 
 82 QAc-W-0004    (0)   13 :  0.004 0.004 0.005 0.879 0.008 0.006 0.006 0.004 0.006 0.005 0.007 0.006 0.005 0.005 0.006 0.016 0.007 0.006 0.008 0.004 
 83 QAc-W-0005    (0)   13 :  0.006 0.004 0.007 0.873 0.007 0.007 0.007 0.005 0.008 0.007 0.004 0.008 0.007 0.008 0.008 0.008 0.008 0.008 0.005 0.005 
 84 QAc-W-0007   (13)   13 :  0.005 0.006 0.007 0.864 0.009 0.007 0.008 0.005 0.007 0.007 0.005 0.007 0.007 0.008 0.008 0.013 0.008 0.008 0.004 0.006 
 85 QAc-W-0008    (6)   13 :  0.006 0.004 0.028 0.639 0.024 0.026 0.013 0.019 0.025 0.028 0.004 0.022 0.030 0.026 0.025 0.015 0.028 0.026 0.005 0.007 
 86 QAc-W-0009    (0)   13 :  0.006 0.009 0.051 0.015 0.087 0.047 0.028 0.023 0.056 0.057 0.008 0.056 0.058 0.060 0.065 0.062 0.107 0.063 0.016 0.125 
 87 QAc-W-0010    (0)   13 :  0.016 0.031 0.025 0.643 0.023 0.020 0.029 0.015 0.021 0.016 0.005 0.018 0.020 0.018 0.023 0.011 0.018 0.025 0.007 0.016 
 88 QAc-W-0011    (0)   13 :  0.014 0.011 0.038 0.370 0.051 0.031 0.013 0.022 0.034 0.036 0.015 0.032 0.039 0.043 0.056 0.046 0.054 0.051 0.032 0.011 
 89 QAc-W-0012    (0)   13 :  0.006 0.011 0.023 0.577 0.026 0.024 0.033 0.015 0.026 0.021 0.011 0.020 0.022 0.019 0.019 0.080 0.029 0.017 0.012 0.008 
 90 QAc-W-0013    (0)   13 :  0.007 0.008 0.032 0.016 0.060 0.043 0.032 0.016 0.040 0.038 0.151 0.045 0.040 0.053 0.082 0.147 0.068 0.051 0.016 0.055 
 91 QAc-W-0014    (0)   13 :  0.010 0.005 0.011 0.786 0.014 0.016 0.022 0.008 0.012 0.010 0.005 0.011 0.012 0.011 0.014 0.017 0.012 0.016 0.004 0.004 
 92 QAc-W-0015    (0)   13 :  0.132 0.004 0.027 0.012 0.043 0.029 0.055 0.020 0.030 0.022 0.017 0.031 0.025 0.031 0.049 0.364 0.044 0.034 0.019 0.012 
 93 QAc-W-0017    (0)   13 :  0.039 0.006 0.068 0.009 0.078 0.060 0.036 0.042 0.072 0.072 0.020 0.062 0.067 0.081 0.086 0.042 0.067 0.071 0.010 0.012 
 94 QAc-W-0018    (0)   13 :  0.004 0.015 0.057 0.336 0.044 0.036 0.013 0.040 0.044 0.046 0.035 0.039 0.046 0.044 0.045 0.019 0.050 0.062 0.004 0.019 
 95 QAc-W-0020    (0)   13 :  0.006 0.011 0.023 0.715 0.020 0.018 0.005 0.015 0.017 0.022 0.004 0.015 0.020 0.028 0.019 0.009 0.021 0.024 0.004 0.004 
 96 QAc-W-0021    (0)   13 :  0.004 0.008 0.051 0.278 0.039 0.040 0.011 0.029 0.043 0.053 0.091 0.041 0.061 0.053 0.053 0.019 0.048 0.051 0.011 0.017 
 97 QAc-W-0022    (0)   13 :  0.024 0.007 0.064 0.016 0.079 0.064 0.033 0.036 0.064 0.066 0.010 0.047 0.073 0.072 0.091 0.090 0.072 0.071 0.014 0.007 
 98 QAc-W-0023    (6)   13 :  0.005 0.026 0.056 0.074 0.061 0.053 0.042 0.025 0.054 0.053 0.022 0.054 0.051 0.060 0.077 0.099 0.092 0.069 0.004 0.022 
 99 QAc-W-0024    (0)   13 :  0.005 0.006 0.046 0.264 0.052 0.037 0.012 0.023 0.056 0.042 0.079 0.039 0.052 0.051 0.063 0.025 0.038 0.053 0.048 0.010 
100 QAc-W-0025    (0)   13 :  0.004 0.004 0.033 0.282 0.050 0.032 0.056 0.014 0.038 0.023 0.014 0.025 0.029 0.034 0.034 0.239 0.041 0.031 0.007 0.009 
101 QAc-W-0026    (0)   13 :  0.015 0.025 0.035 0.363 0.032 0.035 0.029 0.021 0.039 0.041 0.077 0.028 0.035 0.032 0.028 0.044 0.037 0.030 0.040 0.014 
102 QAc-W-0027    (0)   13 :  0.004 0.004 0.016 0.073 0.026 0.015 0.093 0.009 0.016 0.019 0.004 0.015 0.017 0.019 0.017 0.597 0.026 0.016 0.005 0.010 
103 QAc-W-0028    (0)   13 :  0.008 0.004 0.028 0.519 0.034 0.026 0.023 0.012 0.024 0.020 0.004 0.024 0.022 0.034 0.035 0.095 0.041 0.033 0.008 0.006 
104 QAc-W-0029    (0)   13 :  0.004 0.018 0.032 0.215 0.071 0.044 0.036 0.027 0.037 0.027 0.007 0.040 0.022 0.048 0.067 0.160 0.072 0.058 0.004 0.011 
105 QAc-W-0032    (0)   13 :  0.003 0.027 0.012 0.756 0.018 0.018 0.022 0.007 0.011 0.011 0.006 0.012 0.012 0.013 0.016 0.021 0.015 0.013 0.003 0.004 
106 QAc-W-0033    (0)   13 :  0.009 0.029 0.062 0.112 0.053 0.051 0.025 0.057 0.062 0.094 0.011 0.055 0.086 0.075 0.067 0.018 0.067 0.055 0.004 0.010 
107 QAc-W-0035    (0)   13 :  0.013 0.007 0.044 0.095 0.061 0.040 0.061 0.027 0.036 0.043 0.015 0.034 0.038 0.038 0.039 0.286 0.057 0.041 0.019 0.006 
108 QAc-W-0037    (0)   13 :  0.006 0.019 0.012 0.023 0.012 0.012 0.099 0.010 0.012 0.013 0.013 0.011 0.014 0.013 0.012 0.671 0.018 0.013 0.008 0.005 
109 QAc-W-0038    (0)   13 :  0.025 0.009 0.065 0.095 0.088 0.052 0.018 0.034 0.068 0.059 0.006 0.053 0.051 0.080 0.080 0.060 0.067 0.071 0.008 0.010 
110 QAc-W-0040    (0)   13 :  0.010 0.016 0.020 0.553 0.023 0.046 0.099 0.011 0.021 0.027 0.013 0.017 0.028 0.020 0.019 0.016 0.024 0.021 0.009 0.007 
111 QAc-W-0041    (0)   13 :  0.006 0.006 0.035 0.037 0.038 0.030 0.052 0.026 0.032 0.032 0.063 0.048 0.030 0.037 0.064 0.325 0.045 0.038 0.031 0.026 
112 QAc-W-0042    (0)   14 :  0.012 0.304 0.020 0.006 0.015 0.013 0.008 0.036 0.022 0.016 0.016 0.026 0.016 0.018 0.026 0.019 0.019 0.018 0.036 0.357 
113 QAc-W-0044    (0)   14 :  0.076 0.119 0.041 0.010 0.039 0.052 0.035 0.023 0.038 0.027 0.005 0.046 0.028 0.040 0.086 0.086 0.057 0.047 0.043 0.102 
114 QAc-W-0045    (0)   14 :  0.006 0.032 0.020 0.006 0.016 0.014 0.006 0.048 0.029 0.018 0.008 0.035 0.017 0.016 0.023 0.013 0.017 0.019 0.011 0.645 
115 QAc-W-0048    (0)   14 :  0.006 0.070 0.018 0.011 0.018 0.014 0.006 0.012 0.021 0.025 0.014 0.016 0.025 0.021 0.021 0.012 0.020 0.016 0.005 0.651 
116 QAc-W-0050    (0)   14 :  0.006 0.019 0.050 0.004 0.018 0.016 0.011 0.350 0.097 0.020 0.005 0.118 0.019 0.021 0.018 0.010 0.017 0.018 0.009 0.173 
117 QAc-W-0051    (0)   14 :  0.041 0.087 0.051 0.007 0.012 0.010 0.005 0.416 0.104 0.013 0.014 0.133 0.013 0.013 0.014 0.006 0.012 0.011 0.006 0.032 
118 QAc-W-0052    (0)   14 :  0.006 0.899 0.005 0.010 0.005 0.005 0.004 0.004 0.005 0.005 0.003 0.005 0.005 0.005 0.005 0.005 0.005 0.005 0.006 0.007 
119 QAc-W-0053    (0)   14 :  0.007 0.017 0.012 0.008 0.011 0.011 0.008 0.012 0.012 0.012 0.005 0.011 0.013 0.012 0.013 0.008 0.013 0.011 0.005 0.800 
120 QAc-W-0054    (0)   14 :  0.064 0.071 0.065 0.008 0.048 0.032 0.022 0.123 0.071 0.056 0.007 0.068 0.045 0.041 0.051 0.012 0.040 0.048 0.096 0.033 
121 QAc-W-0056    (0)   14 :  0.010 0.007 0.072 0.039 0.036 0.034 0.016 0.230 0.075 0.064 0.011 0.097 0.061 0.048 0.042 0.056 0.047 0.034 0.007 0.014 
122 QAc-W-0057    (0)   14 :  0.080 0.009 0.054 0.006 0.025 0.022 0.012 0.314 0.084 0.039 0.026 0.105 0.029 0.023 0.026 0.017 0.022 0.023 0.007 0.074 
123 QAc-W-0060    (0)   14 :  0.843 0.032 0.007 0.004 0.007 0.006 0.007 0.005 0.007 0.007 0.004 0.006 0.007 0.007 0.007 0.017 0.007 0.007 0.009 0.005 
124 QAc-W-0061    (0)   14 :  0.605 0.005 0.026 0.010 0.023 0.025 0.039 0.018 0.025 0.027 0.010 0.020 0.023 0.024 0.021 0.024 0.025 0.023 0.012 0.014 
125 QAc-W-0062    (0)   14 :  0.915 0.008 0.004 0.003 0.004 0.005 0.005 0.004 0.004 0.004 0.004 0.004 0.004 0.004 0.004 0.004 0.004 0.004 0.006 0.004 
126 QAc-W-0063    (0)   14 :  0.744 0.021 0.014 0.016 0.013 0.013 0.009 0.008 0.012 0.014 0.021 0.012 0.013 0.016 0.014 0.007 0.014 0.012 0.020 0.006 
127 QAc-W-0064    (0)   14 :  0.842 0.005 0.008 0.011 0.008 0.008 0.008 0.008 0.008 0.008 0.007 0.008 0.009 0.008 0.008 0.006 0.008 0.008 0.021 0.005 
128 QAc-W-0065    (0)   14 :  0.733 0.007 0.017 0.008 0.017 0.015 0.013 0.022 0.017 0.015 0.011 0.017 0.015 0.017 0.015 0.013 0.015 0.015 0.010 0.008 
129 QAc-W-0066    (0)   14 :  0.004 0.003 0.003 0.003 0.003 0.003 0.003 0.003 0.003 0.003 0.004 0.003 0.003 0.003 0.003 0.004 0.003 0.003 0.939 0.003 
130 QAc-W-0072    (0)   14 :  0.683 0.004 0.018 0.015 0.012 0.033 0.071 0.026 0.014 0.014 0.010 0.018 0.014 0.012 0.014 0.006 0.012 0.015 0.005 0.005 
131 QAc-W-0073    (0)   14 :  0.790 0.006 0.013 0.006 0.014 0.012 0.008 0.011 0.014 0.013 0.007 0.013 0.013 0.012 0.016 0.009 0.012 0.012 0.006 0.015 
132 QAc-W-0077    (0)   14 :  0.677 0.005 0.007 0.006 0.006 0.006 0.005 0.008 0.006 0.007 0.004 0.007 0.006 0.006 0.006 0.007 0.006 0.006 0.210 0.008 
133 QAc-W-0078    (0)   15 :  0.007 0.012 0.030 0.011 0.029 0.024 0.017 0.014 0.025 0.036 0.572 0.023 0.036 0.034 0.025 0.017 0.026 0.025 0.030 0.005 
134 QAc-W-0079    (6)   15 :  0.004 0.003 0.007 0.005 0.006 0.007 0.006 0.005 0.006 0.006 0.878 0.007 0.006 0.007 0.006 0.008 0.007 0.006 0.011 0.007 
135 QAc-W-0081    (0)   15 :  0.007 0.010 0.006 0.008 0.009 0.006 0.005 0.005 0.008 0.007 0.872 0.007 0.007 0.008 0.007 0.005 0.007 0.007 0.004 0.004 
136 QAc-W-0082    (0)   15 :  0.005 0.002 0.032 0.003 0.006 0.006 0.005 0.295 0.069 0.007 0.424 0.096 0.007 0.006 0.007 0.006 0.005 0.006 0.005 0.008 
137 QAc-W-0083    (0)   15 :  0.034 0.008 0.009 0.007 0.009 0.010 0.010 0.013 0.011 0.009 0.804 0.010 0.008 0.009 0.009 0.007 0.009 0.009 0.007 0.007 
138 QAc-W-0086    (0)   15 :  0.005 0.004 0.009 0.006 0.008 0.008 0.011 0.009 0.010 0.008 0.848 0.009 0.007 0.008 0.008 0.007 0.008 0.008 0.013 0.005 
139 QAc-W-0087    (0)   15 :  0.003 0.003 0.006 0.004 0.006 0.007 0.007 0.006 0.006 0.006 0.891 0.006 0.006 0.006 0.006 0.005 0.006 0.006 0.005 0.008 
140 QAc-W-0088    (0)   15 :  0.006 0.004 0.016 0.006 0.015 0.013 0.007 0.012 0.014 0.017 0.763 0.015 0.018 0.020 0.015 0.012 0.017 0.015 0.006 0.008 
141 QAc-W-0092    (0)   15 :  0.006 0.017 0.022 0.017 0.025 0.019 0.019 0.013 0.028 0.026 0.541 0.022 0.025 0.028 0.032 0.080 0.024 0.025 0.012 0.017 
142 QAc-W-0093    (0)   15 :  0.005 0.009 0.022 0.022 0.030 0.021 0.013 0.018 0.022 0.026 0.636 0.022 0.024 0.028 0.025 0.014 0.028 0.023 0.003 0.009 
143 QAc-W-0094    (0)   15 :  0.049 0.204 0.031 0.043 0.060 0.026 0.012 0.025 0.039 0.036 0.199 0.038 0.038 0.043 0.044 0.015 0.034 0.038 0.007 0.020 
144 QAc-W-0097    (0)   15 :  0.007 0.013 0.024 0.023 0.030 0.019 0.013 0.016 0.022 0.027 0.587 0.022 0.025 0.024 0.025 0.051 0.029 0.025 0.006 0.012 
145 QAc-W-0099    (0)   15 :  0.004 0.015 0.042 0.004 0.040 0.031 0.016 0.023 0.039 0.033 0.510 0.030 0.032 0.042 0.037 0.011 0.032 0.040 0.005 0.014 
146 QAc-W-0107    (0)   15 :  0.032 0.007 0.009 0.006 0.009 0.008 0.006 0.008 0.008 0.009 0.825 0.008 0.009 0.009 0.008 0.005 0.009 0.008 0.012 0.004 
147 QAc-W-0115    (0)   16 :  0.007 0.006 0.014 0.011 0.016 0.233 0.492 0.016 0.014 0.015 0.009 0.048 0.015 0.013 0.032 0.020 0.015 0.014 0.005 0.004 
148 QAc-W-0116    (0)   16 :  0.006 0.012 0.026 0.007 0.031 0.137 0.467 0.022 0.032 0.027 0.007 0.036 0.029 0.030 0.035 0.016 0.025 0.030 0.003 0.021 
149 QAc-W-0117    (0)   16 :  0.004 0.003 0.011 0.005 0.015 0.164 0.663 0.009 0.013 0.010 0.004 0.011 0.011 0.012 0.013 0.009 0.012 0.015 0.004 0.011 
150 QAc-W-0118    (0)   16 :  0.021 0.005 0.019 0.007 0.019 0.193 0.478 0.023 0.015 0.016 0.023 0.037 0.017 0.015 0.029 0.008 0.013 0.017 0.037 0.007 
151 QAc-W-0119    (0)   16 :  0.005 0.007 0.021 0.005 0.019 0.150 0.573 0.016 0.019 0.024 0.007 0.020 0.018 0.021 0.019 0.009 0.019 0.027 0.016 0.007 
152 QAc-W-0120    (0)   16 :  0.009 0.004 0.042 0.009 0.032 0.144 0.402 0.021 0.036 0.047 0.009 0.034 0.041 0.036 0.033 0.009 0.031 0.033 0.017 0.011 
153 QAc-W-0121    (0)   16 :  0.010 0.003 0.020 0.007 0.014 0.139 0.567 0.029 0.019 0.016 0.004 0.019 0.013 0.012 0.015 0.007 0.015 0.011 0.073 0.007 
154 QAc-W-0122    (0)   16 :  0.007 0.004 0.041 0.017 0.052 0.191 0.261 0.039 0.045 0.027 0.005 0.075 0.030 0.032 0.074 0.014 0.032 0.037 0.004 0.011 
155 QAc-W-0123    (6)   16 :  0.008 0.015 0.025 0.004 0.027 0.159 0.459 0.028 0.027 0.023 0.010 0.037 0.024 0.027 0.048 0.015 0.022 0.026 0.007 0.009 
156 QAc-W-0124    (0)   16 :  0.104 0.007 0.020 0.015 0.029 0.189 0.253 0.025 0.037 0.022 0.057 0.064 0.019 0.023 0.040 0.035 0.023 0.023 0.010 0.004 
157 QAc-W-0125    (0)   16 :  0.005 0.007 0.013 0.008 0.014 0.162 0.622 0.010 0.013 0.012 0.019 0.018 0.014 0.011 0.018 0.012 0.013 0.016 0.008 0.008 
158 QAc-W-0132    (6)   16 :  0.026 0.017 0.031 0.019 0.032 0.161 0.317 0.023 0.027 0.030 0.035 0.048 0.030 0.025 0.039 0.034 0.029 0.028 0.042 0.006 
159 QAc-W-0134    (0)   16 :  0.007 0.007 0.006 0.005 0.008 0.175 0.708 0.005 0.006 0.007 0.006 0.008 0.007 0.006 0.009 0.008 0.007 0.006 0.005 0.006 
160 QAc-W-0135    (0)   16 :  0.030 0.004 0.022 0.098 0.024 0.206 0.319 0.024 0.027 0.019 0.009 0.058 0.019 0.019 0.036 0.021 0.018 0.026 0.014 0.006 
161 QAc-W-0136    (0)   16 :  0.006 0.007 0.008 0.005 0.008 0.189 0.673 0.007 0.008 0.008 0.005 0.017 0.008 0.007 0.014 0.006 0.008 0.008 0.003 0.005 
162 QAc-W-0138    (0)   16 :  0.005 0.005 0.009 0.008 0.010 0.177 0.683 0.007 0.009 0.008 0.003 0.011 0.008 0.009 0.014 0.006 0.009 0.012 0.004 0.004 
163 QAc-W-0140    (0)   16 :  0.005 0.004 0.021 0.007 0.031 0.140 0.565 0.014 0.020 0.018 0.005 0.019 0.016 0.023 0.025 0.017 0.025 0.021 0.005 0.018 
164 QAc-W-0141    (6)   16 :  0.008 0.007 0.060 0.016 0.090 0.064 0.075 0.039 0.073 0.055 0.007 0.062 0.056 0.070 0.081 0.044 0.070 0.088 0.023 0.013 
165 QAc-W-0142    (0)   16 :  0.016 0.004 0.008 0.004 0.007 0.167 0.687 0.016 0.009 0.007 0.005 0.010 0.007 0.007 0.008 0.004 0.007 0.008 0.012 0.005 
166 QAc-W-0143    (0)   16 :  0.006 0.005 0.016 0.008 0.021 0.167 0.567 0.015 0.017 0.017 0.026 0.021 0.018 0.017 0.022 0.006 0.012 0.023 0.003 0.012 
167 QAc-W-0145    (0)   16 :  0.007 0.004 0.014 0.004 0.016 0.268 0.455 0.028 0.025 0.010 0.004 0.060 0.011 0.011 0.046 0.008 0.011 0.012 0.003 0.006 
168 QAc-W-0148    (0)   16 :  0.009 0.008 0.008 0.007 0.008 0.214 0.618 0.007 0.008 0.007 0.004 0.033 0.007 0.007 0.019 0.012 0.007 0.008 0.004 0.005 
169 QAc-W-0149    (0)   16 :  0.012 0.031 0.057 0.012 0.057 0.128 0.132 0.036 0.055 0.048 0.010 0.076 0.046 0.048 0.089 0.018 0.056 0.073 0.004 0.013 
170 QAc-W-0150    (0)   16 :  0.008 0.016 0.046 0.074 0.063 0.115 0.178 0.041 0.053 0.037 0.025 0.055 0.032 0.037 0.068 0.029 0.046 0.066 0.005 0.007 
171 QAc-W-0151    (0)   16 :  0.007 0.006 0.020 0.009 0.020 0.215 0.439 0.018 0.022 0.021 0.010 0.053 0.020 0.017 0.032 0.045 0.017 0.018 0.004 0.006 
172 QAc-W-0152    (0)   16 :  0.032 0.005 0.010 0.005 0.015 0.266 0.430 0.032 0.025 0.009 0.005 0.062 0.010 0.010 0.040 0.010 0.010 0.009 0.005 0.010 
173 QAc-W-0153    (0)   16 :  0.022 0.004 0.052 0.005 0.161 0.052 0.020 0.053 0.088 0.052 0.024 0.058 0.051 0.093 0.073 0.043 0.077 0.062 0.005 0.005 
174 QAc-W-0154    (0)   16 :  0.004 0.004 0.023 0.048 0.023 0.156 0.498 0.011 0.022 0.029 0.006 0.027 0.027 0.025 0.025 0.008 0.026 0.028 0.003 0.006 
175 QAc-W-0157    (0)   16 :  0.018 0.024 0.036 0.005 0.029 0.130 0.411 0.017 0.027 0.042 0.004 0.032 0.043 0.036 0.039 0.017 0.030 0.037 0.012 0.010 
176 QAc-W-0158    (0)   16 :  0.009 0.008 0.023 0.036 0.027 0.163 0.378 0.017 0.023 0.023 0.028 0.036 0.026 0.022 0.038 0.058 0.029 0.030 0.024 0.005 
177 QAc-W-0159    (0)   16 :  0.003 0.008 0.009 0.008 0.009 0.164 0.685 0.013 0.009 0.009 0.007 0.010 0.010 0.009 0.010 0.007 0.011 0.010 0.004 0.005 
178 QAc-W-0160    (0)   16 :  0.006 0.004 0.026 0.026 0.026 0.164 0.491 0.010 0.021 0.031 0.009 0.028 0.032 0.023 0.026 0.016 0.026 0.027 0.004 0.005 
179 QAc-W-0162    (0)   16 :  0.086 0.014 0.015 0.004 0.015 0.149 0.518 0.027 0.016 0.017 0.007 0.021 0.018 0.016 0.015 0.005 0.014 0.014 0.005 0.026 
180 QAc-W-0163    (0)   16 :  0.009 0.010 0.036 0.006 0.023 0.114 0.411 0.078 0.041 0.034 0.005 0.050 0.030 0.030 0.027 0.008 0.025 0.022 0.007 0.033 
181 QAc-W-0164    (0)   16 :  0.084 0.009 0.030 0.007 0.030 0.153 0.373 0.024 0.024 0.037 0.011 0.040 0.036 0.029 0.032 0.010 0.028 0.027 0.008 0.010 
182 QAc-W-0167    (0)   17 :  0.009 0.006 0.071 0.006 0.142 0.046 0.009 0.041 0.074 0.061 0.019 0.055 0.072 0.128 0.074 0.019 0.074 0.082 0.006 0.008 
183 QAc-W-0168    (0)   17 :  0.017 0.007 0.072 0.008 0.075 0.066 0.078 0.033 0.061 0.087 0.012 0.055 0.081 0.077 0.064 0.018 0.062 0.067 0.043 0.014 
184 QAc-W-0169    (0)   17 :  0.011 0.004 0.090 0.018 0.063 0.057 0.007 0.050 0.071 0.119 0.004 0.056 0.105 0.086 0.067 0.015 0.093 0.064 0.010 0.011 
185 QAc-W-0170    (0)   17 :  0.005 0.004 0.092 0.010 0.074 0.056 0.015 0.038 0.057 0.103 0.007 0.065 0.094 0.087 0.073 0.046 0.084 0.076 0.003 0.008 
186 QAc-W-0172    (0)   17 :  0.003 0.013 0.100 0.007 0.057 0.062 0.008 0.034 0.059 0.116 0.010 0.068 0.123 0.094 0.077 0.013 0.078 0.072 0.002 0.004 
187 QAc-W-0173    (0)   17 :  0.011 0.005 0.061 0.010 0.144 0.048 0.012 0.044 0.071 0.050 0.006 0.054 0.050 0.118 0.089 0.030 0.080 0.108 0.004 0.005 
188 QAc-W-0174    (0)   17 :  0.010 0.004 0.070 0.005 0.156 0.041 0.009 0.048 0.079 0.064 0.006 0.059 0.060 0.116 0.075 0.018 0.077 0.083 0.010 0.010 


Estimated Allele Frequencies in each cluster
First column gives estimated ancestral frequencies


Locus 1 : 
18 alleles
0.0% missing data
 210   (0.114) 0.021 0.028 0.112 0.017 0.112 0.133 0.165 0.095 0.107 0.114 0.152 0.112 0.114 0.108 0.116 0.069 0.108 0.117 0.007 0.279 
 212   (0.121) 0.015 0.024 0.125 0.046 0.131 0.130 0.104 0.103 0.129 0.121 0.275 0.122 0.121 0.127 0.127 0.379 0.128 0.132 0.193 0.032 
 202   (0.056) 0.007 0.330 0.053 0.059 0.046 0.037 0.012 0.031 0.045 0.056 0.145 0.040 0.056 0.050 0.046 0.034 0.047 0.050 0.003 0.016 
 226   (0.041) 0.132 0.226 0.036 0.005 0.031 0.023 0.006 0.032 0.032 0.041 0.012 0.031 0.041 0.035 0.029 0.008 0.033 0.031 0.251 0.022 
 216   (0.074) 0.053 0.162 0.067 0.017 0.062 0.079 0.127 0.045 0.063 0.074 0.169 0.060 0.074 0.068 0.064 0.014 0.064 0.063 0.005 0.051 
 200   (0.252) 0.124 0.121 0.266 0.531 0.301 0.249 0.186 0.193 0.260 0.252 0.087 0.259 0.252 0.280 0.311 0.388 0.308 0.295 0.510 0.193 
 224   (0.042) 0.265 0.009 0.040 0.007 0.041 0.030 0.009 0.028 0.039 0.042 0.010 0.034 0.042 0.042 0.042 0.024 0.042 0.040 0.004 0.010 
 218   (0.054) 0.018 0.010 0.052 0.078 0.047 0.077 0.134 0.047 0.046 0.054 0.107 0.048 0.054 0.048 0.047 0.013 0.046 0.050 0.004 0.013 
 228   (0.011) 0.131 0.002 0.008 0.001 0.006 0.007 0.001 0.004 0.007 0.011 0.001 0.007 0.011 0.008 0.007 0.002 0.007 0.007 0.001 0.002 
 214   (0.060) 0.212 0.036 0.084 0.007 0.050 0.045 0.018 0.324 0.120 0.060 0.007 0.137 0.060 0.055 0.050 0.010 0.049 0.049 0.012 0.177 
 208   (0.060) 0.007 0.016 0.061 0.215 0.082 0.048 0.011 0.036 0.065 0.060 0.021 0.059 0.060 0.076 0.067 0.038 0.077 0.076 0.004 0.058 
 220   (0.028) 0.003 0.005 0.027 0.003 0.028 0.021 0.009 0.017 0.024 0.028 0.003 0.023 0.028 0.029 0.026 0.007 0.027 0.026 0.002 0.007 
 196   (0.011) 0.001 0.002 0.009 0.001 0.007 0.006 0.001 0.005 0.007 0.011 0.001 0.007 0.011 0.009 0.008 0.002 0.008 0.008 0.001 0.003 
 238   (0.010) 0.001 0.002 0.008 0.001 0.010 0.006 0.002 0.005 0.007 0.010 0.001 0.007 0.010 0.009 0.008 0.002 0.008 0.008 0.001 0.002 
 206   (0.021) 0.002 0.004 0.017 0.003 0.015 0.018 0.022 0.011 0.016 0.021 0.003 0.016 0.021 0.018 0.016 0.004 0.016 0.018 0.001 0.059 
 190   (0.010) 0.001 0.001 0.009 0.001 0.007 0.006 0.001 0.004 0.007 0.010 0.001 0.006 0.010 0.008 0.007 0.001 0.007 0.007 0.001 0.002 
 222   (0.022) 0.003 0.021 0.019 0.007 0.017 0.079 0.191 0.014 0.017 0.022 0.003 0.024 0.022 0.019 0.020 0.004 0.017 0.017 0.001 0.006 
 232   (0.012) 0.001 0.004 0.009 0.001 0.007 0.007 0.001 0.006 0.008 0.012 0.001 0.008 0.012 0.009 0.009 0.002 0.008 0.008 0.001 0.067 

Locus 2 : 
15 alleles
2.1% missing data
 171   (0.213) 0.041 0.234 0.221 0.309 0.214 0.169 0.121 0.221 0.218 0.213 0.178 0.216 0.213 0.216 0.233 0.421 0.227 0.226 0.017 0.490 
 175   (0.097) 0.026 0.212 0.103 0.040 0.084 0.069 0.032 0.215 0.116 0.097 0.263 0.125 0.097 0.090 0.084 0.052 0.090 0.085 0.024 0.026 
 185   (0.051) 0.015 0.011 0.049 0.007 0.047 0.099 0.193 0.035 0.045 0.051 0.082 0.049 0.051 0.046 0.054 0.010 0.045 0.049 0.004 0.013 
 179   (0.075) 0.506 0.256 0.076 0.008 0.076 0.174 0.200 0.054 0.070 0.075 0.009 0.089 0.075 0.076 0.087 0.019 0.066 0.072 0.035 0.019 
 181   (0.094) 0.045 0.036 0.090 0.027 0.089 0.066 0.032 0.084 0.092 0.094 0.353 0.090 0.094 0.096 0.096 0.138 0.089 0.095 0.566 0.121 
 173   (0.193) 0.138 0.170 0.194 0.182 0.220 0.186 0.209 0.199 0.204 0.193 0.040 0.193 0.193 0.195 0.196 0.197 0.230 0.199 0.330 0.171 
 177   (0.034) 0.188 0.006 0.030 0.004 0.026 0.045 0.070 0.031 0.028 0.034 0.004 0.030 0.034 0.028 0.027 0.006 0.026 0.028 0.003 0.009 
 187   (0.092) 0.024 0.017 0.096 0.102 0.105 0.067 0.038 0.077 0.090 0.092 0.011 0.080 0.092 0.107 0.090 0.113 0.092 0.098 0.008 0.042 
 183   (0.061) 0.007 0.015 0.060 0.007 0.065 0.063 0.084 0.038 0.064 0.061 0.019 0.062 0.061 0.062 0.062 0.016 0.060 0.072 0.006 0.069 
 189   (0.029) 0.003 0.005 0.026 0.306 0.024 0.024 0.012 0.016 0.023 0.029 0.003 0.023 0.029 0.027 0.025 0.015 0.026 0.026 0.002 0.007 
 191   (0.018) 0.003 0.031 0.016 0.003 0.019 0.011 0.003 0.011 0.018 0.018 0.033 0.015 0.018 0.018 0.015 0.005 0.016 0.016 0.001 0.024 
 163   (0.010) 0.001 0.002 0.009 0.001 0.007 0.006 0.001 0.004 0.007 0.010 0.001 0.007 0.010 0.008 0.008 0.002 0.007 0.007 0.001 0.002 
 165   (0.012) 0.001 0.002 0.010 0.001 0.008 0.007 0.001 0.005 0.008 0.012 0.001 0.007 0.012 0.010 0.008 0.002 0.009 0.008 0.001 0.002 
 193   (0.010) 0.001 0.002 0.010 0.001 0.008 0.007 0.001 0.005 0.009 0.010 0.001 0.007 0.010 0.011 0.008 0.003 0.010 0.010 0.001 0.002 
 167   (0.011) 0.001 0.002 0.010 0.001 0.008 0.006 0.001 0.005 0.007 0.011 0.001 0.007 0.011 0.009 0.008 0.002 0.008 0.008 0.001 0.002 

Locus 3 : 
4 alleles
1.1% missing data
 206   (0.893) 0.886 0.908 0.903 0.678 0.904 0.931 0.981 0.933 0.911 0.894 0.978 0.919 0.893 0.900 0.911 0.977 0.910 0.910 0.989 0.900 
 208   (0.056) 0.050 0.011 0.052 0.316 0.047 0.036 0.011 0.039 0.047 0.056 0.007 0.043 0.056 0.051 0.048 0.012 0.046 0.048 0.004 0.066 
 204   (0.037) 0.062 0.079 0.033 0.004 0.029 0.023 0.006 0.019 0.029 0.037 0.013 0.027 0.037 0.034 0.028 0.006 0.030 0.030 0.006 0.031 
 212   (0.013) 0.002 0.002 0.012 0.001 0.021 0.010 0.002 0.009 0.013 0.013 0.002 0.011 0.013 0.015 0.013 0.004 0.014 0.013 0.001 0.003 

Locus 4 : 
15 alleles
1.1% missing data
 165   (0.072) 0.319 0.040 0.071 0.012 0.096 0.055 0.014 0.071 0.076 0.072 0.481 0.070 0.072 0.086 0.079 0.032 0.086 0.085 0.005 0.018 
 163   (0.206) 0.074 0.070 0.215 0.079 0.227 0.228 0.260 0.194 0.211 0.206 0.028 0.204 0.206 0.224 0.231 0.077 0.210 0.231 0.015 0.303 
 167   (0.148) 0.019 0.508 0.154 0.238 0.153 0.129 0.161 0.150 0.147 0.148 0.059 0.135 0.148 0.146 0.143 0.182 0.143 0.142 0.010 0.102 
 161   (0.366) 0.566 0.327 0.370 0.485 0.355 0.437 0.497 0.439 0.389 0.366 0.119 0.420 0.366 0.351 0.375 0.658 0.379 0.353 0.957 0.424 
 153   (0.014) 0.001 0.003 0.012 0.010 0.015 0.010 0.002 0.007 0.012 0.014 0.002 0.011 0.014 0.014 0.016 0.004 0.017 0.014 0.001 0.003 
 173   (0.027) 0.003 0.005 0.026 0.003 0.022 0.016 0.004 0.047 0.029 0.027 0.270 0.032 0.027 0.026 0.020 0.005 0.024 0.023 0.002 0.021 
 171   (0.034) 0.004 0.025 0.035 0.004 0.034 0.027 0.005 0.024 0.037 0.034 0.004 0.034 0.034 0.034 0.035 0.007 0.034 0.044 0.003 0.029 
 179   (0.011) 0.001 0.002 0.010 0.001 0.008 0.007 0.002 0.005 0.008 0.011 0.001 0.007 0.011 0.010 0.009 0.003 0.009 0.009 0.001 0.003 
 157   (0.022) 0.002 0.004 0.018 0.153 0.016 0.014 0.005 0.011 0.016 0.022 0.003 0.016 0.022 0.018 0.017 0.013 0.017 0.018 0.001 0.014 
 149   (0.012) 0.001 0.002 0.009 0.001 0.008 0.007 0.002 0.007 0.008 0.012 0.001 0.008 0.012 0.009 0.008 0.002 0.008 0.008 0.001 0.027 
 177   (0.020) 0.002 0.004 0.020 0.002 0.018 0.015 0.004 0.012 0.019 0.020 0.009 0.015 0.020 0.021 0.018 0.005 0.019 0.020 0.001 0.005 
 155   (0.016) 0.002 0.003 0.014 0.005 0.012 0.010 0.003 0.007 0.012 0.016 0.002 0.011 0.016 0.014 0.013 0.002 0.012 0.012 0.001 0.004 
 175   (0.011) 0.001 0.002 0.009 0.001 0.008 0.006 0.001 0.005 0.008 0.011 0.001 0.008 0.011 0.009 0.008 0.002 0.008 0.008 0.001 0.006 
 169   (0.021) 0.002 0.004 0.019 0.002 0.016 0.013 0.003 0.011 0.016 0.021 0.015 0.014 0.021 0.022 0.014 0.005 0.019 0.018 0.001 0.035 
 159   (0.020) 0.002 0.003 0.017 0.002 0.014 0.026 0.038 0.010 0.014 0.020 0.002 0.016 0.020 0.017 0.015 0.003 0.015 0.015 0.001 0.005 

Locus 5 : 
16 alleles
0.0% missing data
 148   (0.117) 0.046 0.027 0.113 0.097 0.111 0.093 0.071 0.061 0.106 0.117 0.289 0.093 0.117 0.117 0.111 0.187 0.115 0.125 0.364 0.088 
 160   (0.023) 0.003 0.063 0.019 0.003 0.016 0.014 0.003 0.010 0.016 0.023 0.061 0.015 0.023 0.019 0.018 0.004 0.019 0.017 0.002 0.025 
 154   (0.068) 0.175 0.046 0.077 0.017 0.071 0.103 0.200 0.059 0.065 0.068 0.024 0.066 0.068 0.066 0.070 0.014 0.061 0.070 0.008 0.018 
 150   (0.059) 0.010 0.013 0.079 0.058 0.053 0.041 0.013 0.289 0.106 0.059 0.010 0.125 0.059 0.059 0.056 0.032 0.057 0.058 0.012 0.073 
 138   (0.124) 0.187 0.292 0.116 0.023 0.132 0.162 0.213 0.076 0.115 0.124 0.147 0.117 0.124 0.124 0.118 0.052 0.136 0.115 0.009 0.088 
 166   (0.030) 0.003 0.296 0.023 0.030 0.020 0.017 0.004 0.013 0.021 0.030 0.012 0.019 0.030 0.024 0.021 0.006 0.022 0.021 0.002 0.229 
 146   (0.097) 0.225 0.073 0.090 0.029 0.098 0.065 0.021 0.052 0.082 0.097 0.163 0.075 0.097 0.098 0.085 0.029 0.091 0.085 0.342 0.093 
 164   (0.015) 0.002 0.037 0.013 0.002 0.011 0.009 0.002 0.007 0.010 0.015 0.002 0.010 0.015 0.013 0.011 0.003 0.012 0.012 0.001 0.004 
 142   (0.017) 0.002 0.003 0.025 0.002 0.011 0.012 0.015 0.146 0.045 0.017 0.002 0.055 0.017 0.013 0.011 0.003 0.012 0.011 0.008 0.005 
 144   (0.160) 0.303 0.055 0.154 0.072 0.173 0.167 0.175 0.109 0.151 0.160 0.028 0.153 0.160 0.163 0.179 0.383 0.168 0.163 0.224 0.252 
 140   (0.089) 0.010 0.018 0.085 0.189 0.094 0.131 0.223 0.049 0.085 0.089 0.019 0.082 0.089 0.096 0.091 0.230 0.091 0.089 0.007 0.021 
 158   (0.046) 0.005 0.032 0.047 0.009 0.051 0.042 0.019 0.026 0.044 0.046 0.085 0.044 0.046 0.050 0.060 0.017 0.056 0.050 0.004 0.031 
 162   (0.026) 0.003 0.005 0.024 0.003 0.026 0.017 0.005 0.020 0.024 0.026 0.133 0.021 0.026 0.027 0.022 0.006 0.022 0.023 0.002 0.007 
 152   (0.093) 0.023 0.019 0.101 0.460 0.103 0.098 0.032 0.064 0.099 0.093 0.012 0.093 0.093 0.099 0.115 0.025 0.105 0.124 0.014 0.030 
 134   (0.016) 0.002 0.003 0.015 0.002 0.014 0.013 0.002 0.009 0.017 0.016 0.002 0.017 0.016 0.014 0.016 0.004 0.016 0.020 0.001 0.030 
 156   (0.019) 0.002 0.018 0.018 0.002 0.016 0.013 0.003 0.010 0.015 0.019 0.011 0.014 0.019 0.017 0.016 0.004 0.018 0.017 0.001 0.005 

Locus 6 : 
12 alleles
0.0% missing data
 225   (0.042) 0.006 0.007 0.039 0.009 0.033 0.028 0.019 0.030 0.035 0.042 0.122 0.032 0.042 0.038 0.036 0.008 0.034 0.037 0.297 0.010 
 239   (0.102) 0.229 0.224 0.099 0.014 0.118 0.076 0.027 0.065 0.096 0.102 0.027 0.090 0.102 0.103 0.093 0.090 0.123 0.101 0.432 0.045 
 229   (0.015) 0.001 0.002 0.011 0.001 0.010 0.009 0.002 0.006 0.009 0.014 0.307 0.009 0.014 0.012 0.010 0.003 0.010 0.010 0.001 0.004 
 235   (0.303) 0.312 0.079 0.319 0.266 0.313 0.388 0.462 0.469 0.344 0.303 0.374 0.373 0.303 0.308 0.328 0.422 0.294 0.308 0.221 0.126 
 237   (0.214) 0.267 0.064 0.216 0.192 0.220 0.204 0.167 0.174 0.212 0.214 0.036 0.204 0.214 0.227 0.222 0.273 0.221 0.236 0.024 0.156 
 233   (0.103) 0.156 0.264 0.098 0.480 0.105 0.080 0.045 0.081 0.098 0.102 0.058 0.093 0.103 0.098 0.098 0.156 0.110 0.096 0.010 0.097 
 227   (0.030) 0.003 0.308 0.026 0.003 0.021 0.020 0.004 0.028 0.028 0.030 0.003 0.030 0.030 0.025 0.024 0.005 0.023 0.027 0.002 0.445 
 245   (0.069) 0.008 0.019 0.071 0.020 0.069 0.084 0.139 0.044 0.065 0.069 0.008 0.064 0.069 0.071 0.080 0.020 0.077 0.072 0.005 0.021 
 241   (0.038) 0.007 0.012 0.037 0.006 0.032 0.029 0.021 0.031 0.036 0.038 0.055 0.032 0.038 0.034 0.032 0.007 0.030 0.033 0.003 0.034 
 231   (0.047) 0.005 0.014 0.051 0.005 0.049 0.043 0.050 0.050 0.049 0.047 0.006 0.045 0.047 0.050 0.045 0.009 0.042 0.052 0.003 0.023 
 243   (0.027) 0.003 0.004 0.023 0.003 0.023 0.031 0.063 0.018 0.021 0.027 0.003 0.022 0.027 0.024 0.023 0.006 0.026 0.022 0.002 0.036 
 251   (0.011) 0.001 0.002 0.009 0.001 0.007 0.006 0.001 0.005 0.007 0.011 0.001 0.007 0.011 0.009 0.008 0.002 0.008 0.007 0.001 0.002 

Locus 7 : 
5 alleles
0.0% missing data
 118   (0.922) 0.992 0.647 0.911 0.927 0.935 0.949 0.980 0.700 0.880 0.922 0.990 0.862 0.922 0.928 0.936 0.939 0.933 0.934 0.993 0.982 
 124   (0.038) 0.004 0.346 0.033 0.068 0.033 0.027 0.015 0.018 0.030 0.038 0.005 0.028 0.038 0.035 0.033 0.054 0.036 0.036 0.002 0.009 
 116   (0.013) 0.001 0.002 0.031 0.001 0.007 0.006 0.002 0.268 0.069 0.013 0.002 0.091 0.013 0.010 0.008 0.002 0.009 0.008 0.003 0.003 
 114   (0.016) 0.002 0.003 0.014 0.002 0.017 0.011 0.002 0.008 0.013 0.016 0.002 0.012 0.016 0.018 0.015 0.004 0.014 0.015 0.001 0.004 
 122   (0.011) 0.001 0.002 0.009 0.001 0.008 0.007 0.001 0.005 0.007 0.011 0.001 0.007 0.011 0.009 0.008 0.002 0.008 0.008 0.001 0.002 

Locus 8 : 
5 alleles
0.0% missing data
 135   (0.054) 0.006 0.010 0.055 0.012 0.066 0.056 0.028 0.033 0.056 0.054 0.022 0.049 0.054 0.063 0.073 0.030 0.069 0.085 0.010 0.012 
 139   (0.759) 0.958 0.950 0.756 0.939 0.784 0.758 0.682 0.620 0.728 0.759 0.817 0.717 0.759 0.772 0.766 0.909 0.768 0.748 0.927 0.676 
 137   (0.142) 0.031 0.033 0.148 0.044 0.117 0.144 0.237 0.324 0.181 0.142 0.155 0.201 0.142 0.127 0.125 0.053 0.128 0.133 0.060 0.301 
 143   (0.032) 0.004 0.006 0.031 0.003 0.025 0.026 0.032 0.018 0.026 0.032 0.004 0.023 0.032 0.029 0.026 0.005 0.025 0.026 0.002 0.008 
 141   (0.013) 0.001 0.002 0.010 0.002 0.008 0.016 0.022 0.006 0.008 0.013 0.002 0.009 0.013 0.010 0.009 0.002 0.009 0.009 0.001 0.003 

Locus 9 : 
11 alleles
0.0% missing data
 116   (0.301) 0.169 0.102 0.308 0.521 0.341 0.309 0.316 0.239 0.303 0.301 0.424 0.287 0.301 0.320 0.332 0.265 0.343 0.345 0.364 0.116 
 112   (0.083) 0.381 0.015 0.080 0.033 0.083 0.117 0.154 0.053 0.078 0.083 0.056 0.079 0.083 0.079 0.082 0.082 0.075 0.074 0.012 0.020 
 122   (0.060) 0.308 0.292 0.061 0.009 0.042 0.038 0.011 0.109 0.060 0.060 0.007 0.068 0.060 0.050 0.048 0.011 0.048 0.047 0.439 0.298 
 114   (0.224) 0.044 0.050 0.216 0.362 0.231 0.249 0.307 0.134 0.206 0.224 0.078 0.201 0.224 0.229 0.224 0.332 0.231 0.224 0.021 0.228 
 120   (0.040) 0.021 0.220 0.033 0.004 0.028 0.027 0.035 0.019 0.028 0.040 0.004 0.027 0.040 0.033 0.031 0.143 0.031 0.029 0.003 0.010 
 130   (0.036) 0.004 0.183 0.032 0.006 0.037 0.028 0.011 0.017 0.032 0.036 0.005 0.031 0.036 0.035 0.039 0.034 0.043 0.034 0.002 0.084 
 118   (0.125) 0.018 0.113 0.123 0.036 0.124 0.139 0.123 0.081 0.117 0.125 0.408 0.119 0.125 0.125 0.131 0.091 0.112 0.121 0.018 0.049 
 124   (0.059) 0.048 0.010 0.065 0.007 0.050 0.043 0.031 0.159 0.072 0.059 0.007 0.081 0.059 0.055 0.048 0.012 0.047 0.048 0.135 0.073 
 126   (0.040) 0.004 0.010 0.048 0.008 0.030 0.027 0.008 0.172 0.074 0.040 0.006 0.083 0.040 0.034 0.035 0.020 0.035 0.041 0.003 0.116 
 108   (0.013) 0.001 0.002 0.015 0.001 0.012 0.009 0.002 0.006 0.013 0.013 0.001 0.010 0.013 0.018 0.010 0.004 0.016 0.015 0.001 0.003 
 128   (0.020) 0.002 0.003 0.019 0.013 0.021 0.014 0.003 0.011 0.016 0.020 0.002 0.015 0.020 0.023 0.017 0.004 0.018 0.020 0.001 0.004 

Locus 10 : 
4 alleles
0.0% missing data
 232   (0.897) 0.989 0.974 0.903 0.988 0.914 0.920 0.932 0.945 0.913 0.897 0.988 0.915 0.897 0.903 0.911 0.946 0.902 0.906 0.993 0.672 
 238   (0.079) 0.009 0.022 0.072 0.010 0.066 0.064 0.065 0.043 0.066 0.079 0.010 0.067 0.079 0.070 0.070 0.048 0.072 0.070 0.006 0.323 
 234   (0.013) 0.001 0.002 0.015 0.001 0.012 0.009 0.002 0.007 0.013 0.013 0.001 0.010 0.013 0.018 0.010 0.004 0.016 0.015 0.001 0.003 
 244   (0.012) 0.001 0.002 0.010 0.001 0.008 0.007 0.002 0.005 0.008 0.012 0.001 0.007 0.012 0.010 0.008 0.002 0.010 0.008 0.001 0.003 

Locus 11 : 
7 alleles
0.0% missing data
 165   (0.777) 0.794 0.937 0.768 0.927 0.803 0.831 0.912 0.625 0.757 0.777 0.923 0.755 0.777 0.779 0.802 0.776 0.792 0.796 0.768 0.899 
 167   (0.068) 0.189 0.019 0.082 0.008 0.052 0.046 0.026 0.266 0.103 0.068 0.054 0.117 0.068 0.058 0.052 0.014 0.053 0.052 0.222 0.018 
 161   (0.109) 0.012 0.037 0.112 0.060 0.114 0.080 0.042 0.087 0.107 0.109 0.019 0.094 0.109 0.123 0.111 0.202 0.119 0.118 0.008 0.073 
 155   (0.011) 0.001 0.002 0.009 0.001 0.007 0.006 0.001 0.005 0.008 0.011 0.001 0.007 0.011 0.009 0.008 0.002 0.008 0.008 0.001 0.002 
 173   (0.011) 0.001 0.002 0.011 0.001 0.008 0.007 0.001 0.005 0.009 0.011 0.001 0.007 0.011 0.012 0.008 0.003 0.011 0.010 0.001 0.002 
 163   (0.012) 0.001 0.002 0.009 0.001 0.008 0.023 0.017 0.007 0.009 0.012 0.001 0.012 0.012 0.009 0.012 0.002 0.009 0.008 0.001 0.003 
 171   (0.011) 0.001 0.002 0.010 0.001 0.008 0.007 0.001 0.005 0.007 0.011 0.001 0.007 0.011 0.009 0.008 0.002 0.008 0.008 0.001 0.002 

Locus 12 : 
8 alleles
0.0% missing data
 137   (0.516) 0.416 0.853 0.542 0.320 0.505 0.607 0.744 0.662 0.560 0.515 0.395 0.572 0.516 0.520 0.534 0.259 0.493 0.526 0.451 0.566 
 140   (0.162) 0.049 0.031 0.158 0.609 0.185 0.141 0.121 0.094 0.153 0.162 0.213 0.150 0.162 0.165 0.172 0.478 0.210 0.174 0.015 0.062 
 134   (0.249) 0.527 0.103 0.238 0.055 0.243 0.190 0.109 0.204 0.228 0.249 0.384 0.220 0.249 0.244 0.233 0.248 0.238 0.237 0.529 0.320 
 149   (0.011) 0.001 0.002 0.009 0.001 0.007 0.007 0.001 0.005 0.007 0.011 0.001 0.007 0.011 0.009 0.008 0.002 0.008 0.008 0.001 0.003 
 143   (0.015) 0.001 0.003 0.012 0.002 0.010 0.010 0.002 0.007 0.012 0.015 0.002 0.012 0.015 0.012 0.012 0.003 0.012 0.014 0.002 0.035 
 128   (0.012) 0.001 0.002 0.010 0.001 0.008 0.007 0.001 0.005 0.008 0.012 0.001 0.008 0.012 0.010 0.009 0.002 0.009 0.009 0.001 0.006 
 125   (0.017) 0.002 0.003 0.014 0.011 0.012 0.026 0.019 0.010 0.013 0.017 0.002 0.016 0.017 0.014 0.014 0.003 0.013 0.012 0.001 0.004 
 146   (0.019) 0.002 0.003 0.018 0.002 0.029 0.012 0.003 0.012 0.018 0.019 0.002 0.015 0.019 0.025 0.018 0.005 0.018 0.019 0.001 0.004 

Locus 13 : 
19 alleles
0.5% missing data
 206   (0.132) 0.028 0.212 0.126 0.265 0.117 0.132 0.140 0.115 0.116 0.132 0.427 0.122 0.132 0.120 0.115 0.170 0.119 0.119 0.046 0.064 
 210   (0.100) 0.040 0.018 0.094 0.177 0.099 0.082 0.041 0.065 0.093 0.100 0.288 0.092 0.100 0.101 0.108 0.148 0.111 0.099 0.417 0.025 
 190   (0.072) 0.012 0.027 0.070 0.077 0.078 0.074 0.114 0.051 0.067 0.072 0.009 0.064 0.072 0.075 0.072 0.016 0.070 0.072 0.005 0.016 
 202   (0.087) 0.014 0.553 0.109 0.030 0.092 0.072 0.019 0.171 0.121 0.087 0.015 0.115 0.087 0.093 0.105 0.022 0.101 0.111 0.008 0.270 
 214   (0.042) 0.145 0.007 0.037 0.057 0.034 0.028 0.008 0.022 0.034 0.042 0.005 0.031 0.042 0.039 0.035 0.021 0.036 0.037 0.253 0.010 
 212   (0.034) 0.004 0.006 0.029 0.004 0.026 0.148 0.370 0.029 0.029 0.034 0.004 0.042 0.034 0.028 0.038 0.006 0.026 0.028 0.188 0.007 
 192   (0.114) 0.013 0.058 0.114 0.088 0.137 0.097 0.071 0.078 0.113 0.114 0.043 0.106 0.114 0.124 0.132 0.267 0.134 0.121 0.008 0.030 
 204   (0.038) 0.054 0.014 0.038 0.018 0.034 0.032 0.014 0.022 0.035 0.038 0.005 0.034 0.038 0.035 0.036 0.013 0.035 0.037 0.014 0.014 
 184   (0.052) 0.006 0.009 0.050 0.015 0.053 0.083 0.067 0.033 0.054 0.052 0.090 0.051 0.052 0.050 0.057 0.021 0.047 0.049 0.003 0.011 
 216   (0.022) 0.002 0.003 0.019 0.015 0.032 0.018 0.039 0.010 0.020 0.021 0.003 0.019 0.022 0.022 0.019 0.241 0.033 0.020 0.001 0.005 
 208   (0.045) 0.005 0.009 0.042 0.207 0.044 0.044 0.047 0.025 0.040 0.045 0.005 0.035 0.045 0.044 0.047 0.019 0.049 0.048 0.014 0.010 
 198   (0.040) 0.004 0.017 0.044 0.005 0.053 0.030 0.006 0.026 0.040 0.040 0.005 0.034 0.040 0.051 0.043 0.010 0.041 0.050 0.003 0.008 
 194   (0.063) 0.607 0.017 0.074 0.019 0.054 0.041 0.012 0.230 0.092 0.063 0.028 0.114 0.063 0.057 0.053 0.012 0.052 0.053 0.006 0.199 
 186   (0.017) 0.048 0.003 0.014 0.002 0.012 0.010 0.002 0.010 0.011 0.017 0.002 0.012 0.017 0.014 0.012 0.003 0.012 0.012 0.012 0.004 
 188   (0.019) 0.002 0.003 0.017 0.003 0.014 0.013 0.003 0.010 0.017 0.019 0.002 0.016 0.019 0.017 0.015 0.005 0.017 0.019 0.001 0.025 
 200   (0.064) 0.011 0.031 0.064 0.010 0.060 0.052 0.026 0.065 0.064 0.064 0.063 0.066 0.064 0.062 0.059 0.013 0.057 0.065 0.015 0.288 
 196   (0.036) 0.004 0.006 0.036 0.004 0.041 0.029 0.017 0.027 0.033 0.036 0.005 0.031 0.036 0.040 0.035 0.008 0.034 0.037 0.002 0.009 
 220   (0.011) 0.001 0.005 0.009 0.001 0.008 0.007 0.002 0.005 0.008 0.011 0.001 0.008 0.011 0.010 0.008 0.002 0.009 0.008 0.001 0.003 
 180   (0.012) 0.001 0.002 0.015 0.001 0.012 0.009 0.001 0.007 0.013 0.012 0.001 0.010 0.012 0.018 0.010 0.004 0.016 0.015 0.001 0.003 

Locus 14 : 
8 alleles
1.1% missing data
 139   (0.073) 0.168 0.036 0.069 0.010 0.056 0.047 0.043 0.089 0.066 0.073 0.093 0.067 0.073 0.065 0.065 0.243 0.062 0.059 0.189 0.060 
 145   (0.062) 0.009 0.012 0.060 0.010 0.055 0.117 0.116 0.044 0.057 0.062 0.138 0.068 0.062 0.057 0.069 0.025 0.053 0.054 0.008 0.037 
 151   (0.302) 0.553 0.358 0.300 0.683 0.297 0.324 0.381 0.228 0.284 0.302 0.475 0.286 0.302 0.294 0.306 0.187 0.300 0.296 0.336 0.285 
 157   (0.365) 0.156 0.476 0.380 0.260 0.424 0.348 0.309 0.441 0.411 0.365 0.213 0.401 0.365 0.397 0.395 0.468 0.410 0.420 0.144 0.280 
 154   (0.097) 0.103 0.017 0.098 0.026 0.090 0.088 0.125 0.110 0.098 0.098 0.013 0.090 0.098 0.101 0.082 0.059 0.092 0.090 0.317 0.028 
 163   (0.041) 0.005 0.090 0.040 0.005 0.033 0.025 0.006 0.045 0.037 0.041 0.060 0.036 0.041 0.037 0.033 0.008 0.036 0.034 0.003 0.011 
 160   (0.031) 0.003 0.005 0.026 0.003 0.021 0.018 0.004 0.017 0.023 0.031 0.004 0.022 0.031 0.026 0.023 0.005 0.023 0.024 0.002 0.283 
 142   (0.028) 0.003 0.005 0.027 0.004 0.024 0.032 0.015 0.027 0.025 0.028 0.004 0.029 0.028 0.024 0.027 0.006 0.024 0.023 0.002 0.017 

Locus 15 : 
13 alleles
1.6% missing data
 256   (0.151) 0.123 0.119 0.142 0.180 0.125 0.122 0.145 0.184 0.145 0.151 0.163 0.150 0.151 0.135 0.127 0.143 0.133 0.128 0.068 0.154 
 262   (0.022) 0.002 0.003 0.027 0.002 0.014 0.012 0.003 0.117 0.037 0.022 0.282 0.045 0.022 0.017 0.015 0.004 0.016 0.015 0.001 0.008 
 246   (0.118) 0.013 0.023 0.120 0.086 0.154 0.097 0.051 0.111 0.125 0.118 0.181 0.120 0.118 0.135 0.134 0.118 0.146 0.136 0.008 0.096 
 258   (0.187) 0.024 0.554 0.204 0.240 0.201 0.191 0.191 0.196 0.204 0.187 0.025 0.199 0.187 0.195 0.228 0.304 0.213 0.217 0.014 0.161 
 254   (0.110) 0.341 0.183 0.106 0.164 0.096 0.103 0.052 0.084 0.105 0.110 0.013 0.103 0.110 0.105 0.101 0.036 0.101 0.113 0.152 0.056 
 250   (0.030) 0.083 0.007 0.026 0.003 0.022 0.022 0.016 0.019 0.023 0.030 0.003 0.023 0.030 0.025 0.022 0.004 0.023 0.024 0.661 0.008 
 242   (0.102) 0.150 0.021 0.099 0.012 0.121 0.142 0.142 0.087 0.101 0.102 0.187 0.107 0.102 0.113 0.106 0.024 0.094 0.099 0.071 0.062 
 252   (0.063) 0.039 0.013 0.067 0.027 0.064 0.055 0.031 0.055 0.068 0.063 0.104 0.060 0.063 0.065 0.064 0.030 0.062 0.066 0.007 0.019 
 248   (0.129) 0.215 0.062 0.125 0.038 0.119 0.183 0.298 0.099 0.116 0.129 0.022 0.125 0.129 0.123 0.123 0.314 0.128 0.118 0.012 0.405 
 260   (0.041) 0.004 0.007 0.041 0.243 0.040 0.031 0.012 0.022 0.038 0.041 0.005 0.033 0.041 0.040 0.040 0.016 0.044 0.041 0.003 0.018 
 264   (0.014) 0.001 0.002 0.014 0.001 0.017 0.009 0.002 0.008 0.012 0.014 0.002 0.011 0.014 0.016 0.013 0.003 0.012 0.015 0.001 0.003 
 244   (0.025) 0.003 0.004 0.022 0.003 0.020 0.028 0.056 0.014 0.019 0.025 0.013 0.019 0.025 0.022 0.020 0.005 0.020 0.022 0.002 0.007 
 276   (0.010) 0.001 0.002 0.009 0.001 0.007 0.006 0.001 0.005 0.007 0.010 0.001 0.006 0.010 0.009 0.007 0.001 0.007 0.007 0.001 0.002 

Values of parameters used in structure:
DATAFILE=G:\Shared drives\Emily_Schumacher\QUAC_analyses\QUAC_structure_wild_relate\QUAC_allpop_relate_red_12_15_21\project_data,	OUTFILE=G:\Shared drives\Emily_Schumacher\QUAC_analyses\QUAC_structure_wild_relate\QUAC_allpop_relate_red_12_15_21\50-100\Results\50-100_run_96,	NUMINDS=188,	NUMLOCI=15,	MISSING=-9,	LABEL=1,	POPDATA=1,	POPFLAG=0,	PHENOTYPE=0,	EXTRACOLS=0,	MAXPOPS=20,	BURNIN=50000,	NUMREPS=100000,	USEPOPINFO=0,	INFERALPHA=1,	INFERLAMBDA=0,	POPSPECIFICLAMBDA=0,	POPALPHAS=0,	COMPUTEPROB=1,	NOADMIX=0,	ADMBURNIN=2500,	UPDATEFREQ=1,	PRINTLIKES=0,	INTERMEDSAVE=0,	PRINTKLD=0,	PRINTNET=0,	PRINTLAMBDA=0,	ANCESTDIST=0,	NUMBOXES=1000,	ANCESTPINT=0.90000,	GENSBACK=2,	MIGRPRIOR=0.05000,	PRINTQHAT=0,	PRINTQSUM=0,	ALPHA=1.0000,	FREQSCORR=1,	FPRIORMEAN=0.0100,	FPRIORSD=0.0500,	ONEFST=0,	LAMBDA=1.0000,	UNIFPRIORALPHA=1,	ALPHAMAX=10.0000,	ALPHAPRIORA=1.0000,	ALPHAPRIORB=2.0000,	ALPHAPROPSD=0.0250,	STARTATPOPINFO=0,	RANDOMIZE=1,	LINKAGE=0,	METROFREQ=10,	REPORTHITRATE=0,	MARKOVPHASE=-1,	PHASED=0,	PLOIDY=2,	PHASEINFO=0	LOCPRIOR=0, 	LOCPRIORINIT=1.000000, 	LOCDATA=0, 	LOCISPOP=0, 	LOCPRIORSTEP=0.100000, 	MAXLOCPRIOR=20.000000, 	SEED=1639616022,	
[STRAT parameters]:    NUMSIMSTATS=1000,	PHENOTYPECOL=-9,	POOLFREQ=10,	LOCUSxONLY=0,	EMERROR=0.00100,	MISSINGPHENO=-9,	