

----------------------------------------------------
STRUCTURE by Pritchard, Stephens and Donnelly (2000)
     and Falush, Stephens and Pritchard (2003)
       Code by Pritchard, Falush and Hubisz
             Version 2.3.4 (Jul 2012)
----------------------------------------------------



Command line arguments:   bin\structure -m G:\Shared drives\Emily_Schumacher\QUAC_analyses\QUAC_structure_wild_relate\QUAC_allpop_relate_red_12_15_21\50-100\mainparams -e G:\Shared drives\Emily_Schumacher\QUAC_analyses\QUAC_structure_wild_relate\QUAC_allpop_relate_red_12_15_21\50-100\extraparams 
Input File:    G:\Shared drives\Emily_Schumacher\QUAC_analyses\QUAC_structure_wild_relate\QUAC_allpop_relate_red_12_15_21\project_data

Run parameters:
   188 individuals
   15 loci
   17 populations assumed
   50000 Burn-in period
   100000 Reps


--------------------------------------------
Proportion of membership of each pre-defined
 population in each of the 17 clusters

Given    Inferred Clusters                                                                                                         Number of
 Pop       1      2      3      4      5      6      7      8      9     10     11     12     13     14     15     16     17      Individuals

  1:     0.006  0.009  0.009  0.009  0.005  0.008  0.005  0.010  0.867  0.008  0.004  0.005  0.009  0.010  0.016  0.007  0.012        2
  2:     0.037  0.027  0.030  0.031  0.185  0.024  0.018  0.031  0.039  0.036  0.018  0.011  0.035  0.035  0.267  0.077  0.098       17
  3:     0.026  0.040  0.045  0.039  0.013  0.037  0.010  0.051  0.055  0.037  0.026  0.084  0.047  0.054  0.145  0.096  0.193       19
  4:     0.034  0.053  0.065  0.043  0.011  0.049  0.017  0.052  0.110  0.046  0.062  0.020  0.054  0.053  0.010  0.012  0.308       10
  5:     0.011  0.013  0.013  0.013  0.005  0.013  0.007  0.013  0.009  0.014  0.026  0.007  0.014  0.014  0.553  0.262  0.013        2
  6:     0.024  0.035  0.052  0.031  0.137  0.030  0.010  0.033  0.007  0.030  0.006  0.105  0.031  0.045  0.008  0.016  0.401        2
  7:     0.110  0.057  0.053  0.046  0.011  0.064  0.007  0.044  0.010  0.092  0.008  0.021  0.055  0.047  0.133  0.235  0.007        1
  8:     0.010  0.006  0.007  0.007  0.005  0.007  0.010  0.006  0.007  0.008  0.008  0.005  0.007  0.007  0.853  0.040  0.007        1
  9:     0.032  0.094  0.089  0.090  0.006  0.108  0.075  0.148  0.005  0.059  0.005  0.025  0.099  0.103  0.004  0.050  0.010        1
 10:     0.027  0.068  0.075  0.043  0.137  0.078  0.012  0.042  0.006  0.039  0.010  0.322  0.038  0.073  0.012  0.008  0.011        6
 11:     0.035  0.055  0.055  0.049  0.085  0.053  0.020  0.046  0.013  0.046  0.038  0.137  0.053  0.060  0.038  0.114  0.101       16
 12:     0.021  0.059  0.056  0.049  0.003  0.049  0.532  0.037  0.014  0.032  0.020  0.012  0.036  0.035  0.021  0.007  0.015        1
 13:     0.024  0.037  0.043  0.041  0.012  0.034  0.017  0.041  0.025  0.036  0.397  0.021  0.050  0.047  0.013  0.014  0.148       33
 14:     0.091  0.020  0.021  0.020  0.085  0.020  0.015  0.016  0.010  0.053  0.010  0.143  0.021  0.037  0.070  0.353  0.016       21
 15:     0.036  0.020  0.019  0.018  0.025  0.020  0.009  0.019  0.704  0.028  0.014  0.013  0.019  0.017  0.009  0.012  0.019       14
 16:     0.019  0.026  0.024  0.058  0.009  0.026  0.631  0.032  0.013  0.026  0.017  0.012  0.035  0.027  0.012  0.017  0.017       35
 17:     0.045  0.109  0.106  0.099  0.007  0.107  0.022  0.160  0.009  0.059  0.010  0.022  0.112  0.093  0.013  0.010  0.019        7
--------------------------------------------

Allele-freq. divergence among pops (Net nucleotide distance),
computed using point estimates of P.

      1       2       3       4       5       6       7       8       9      10      11      12      13      14      15      16      17      
 1      -    0.0162  0.0164  0.0177  0.0639  0.0158  0.0463  0.0186  0.0633  0.0046  0.0764  0.0341  0.0189  0.0183  0.0990  0.0656  0.0535  
 2   0.0162     -    0.0002  0.0005  0.0533  0.0001  0.0297  0.0009  0.0428  0.0039  0.0465  0.0242  0.0006  0.0009  0.0812  0.0534  0.0305  
 3   0.0164  0.0002     -    0.0007  0.0539  0.0002  0.0305  0.0015  0.0430  0.0040  0.0452  0.0240  0.0008  0.0010  0.0793  0.0528  0.0269  
 4   0.0177  0.0005  0.0007     -    0.0544  0.0007  0.0263  0.0009  0.0446  0.0045  0.0462  0.0259  0.0003  0.0009  0.0828  0.0538  0.0292  
 5   0.0639  0.0533  0.0539  0.0544     -    0.0533  0.0833  0.0568  0.1033  0.0555  0.1018  0.0637  0.0556  0.0538  0.1419  0.1016  0.0961  
 6   0.0158  0.0001  0.0002  0.0007  0.0533     -    0.0294  0.0013  0.0424  0.0039  0.0470  0.0237  0.0010  0.0012  0.0805  0.0523  0.0309  
 7   0.0463  0.0297  0.0305  0.0263  0.0833  0.0294     -    0.0322  0.0771  0.0339  0.0872  0.0545  0.0309  0.0325  0.1181  0.0776  0.0720  
 8   0.0186  0.0009  0.0015  0.0009  0.0568  0.0013  0.0322     -    0.0453  0.0054  0.0485  0.0274  0.0008  0.0012  0.0869  0.0579  0.0317  
 9   0.0633  0.0428  0.0430  0.0446  0.1033  0.0424  0.0771  0.0453     -    0.0495  0.0913  0.0785  0.0451  0.0469  0.1122  0.0918  0.0791  
10   0.0046  0.0039  0.0040  0.0045  0.0555  0.0039  0.0339  0.0054  0.0495     -    0.0551  0.0253  0.0050  0.0048  0.0852  0.0566  0.0353  
11   0.0764  0.0465  0.0452  0.0462  0.1018  0.0470  0.0872  0.0485  0.0913  0.0551     -    0.0840  0.0437  0.0453  0.1320  0.1073  0.0570  
12   0.0341  0.0242  0.0240  0.0259  0.0637  0.0237  0.0545  0.0274  0.0785  0.0253  0.0840     -    0.0270  0.0206  0.1088  0.0732  0.0580  
13   0.0189  0.0006  0.0008  0.0003  0.0556  0.0010  0.0309  0.0008  0.0451  0.0050  0.0437  0.0270     -    0.0006  0.0815  0.0555  0.0270  
14   0.0183  0.0009  0.0010  0.0009  0.0538  0.0012  0.0325  0.0012  0.0469  0.0048  0.0453  0.0206  0.0006     -    0.0828  0.0566  0.0280  
15   0.0990  0.0812  0.0793  0.0828  0.1419  0.0805  0.1181  0.0869  0.1122  0.0852  0.1320  0.1088  0.0815  0.0828     -    0.0892  0.1004  
16   0.0656  0.0534  0.0528  0.0538  0.1016  0.0523  0.0776  0.0579  0.0918  0.0566  0.1073  0.0732  0.0555  0.0566  0.0892     -    0.0905  
17   0.0535  0.0305  0.0269  0.0292  0.0961  0.0309  0.0720  0.0317  0.0791  0.0353  0.0570  0.0580  0.0270  0.0280  0.1004  0.0905     -    

Average distances (expected heterozygosity) between individuals in same cluster:
cluster  1  : 0.6422 
cluster  2  : 0.6421 
cluster  3  : 0.6419 
cluster  4  : 0.6248 
cluster  5  : 0.5228 
cluster  6  : 0.6466 
cluster  7  : 0.5366 
cluster  8  : 0.6290 
cluster  9  : 0.5333 
cluster 10  : 0.6443 
cluster 11  : 0.5135 
cluster 12  : 0.6115 
cluster 13  : 0.6237 
cluster 14  : 0.6272 
cluster 15  : 0.4290 
cluster 16  : 0.5107 
cluster 17  : 0.5248 

--------------------------------------------
Estimated Ln Prob of Data   = -8428.8
Mean value of ln likelihood = -6967.4
Variance of ln likelihood   = 2922.8
Mean value of alpha         = 0.0392

Mean value of Fst_1         = 0.1662
Mean value of Fst_2         = 0.0259
Mean value of Fst_3         = 0.0206
Mean value of Fst_4         = 0.0848
Mean value of Fst_5         = 0.2595
Mean value of Fst_6         = 0.0095
Mean value of Fst_7         = 0.1556
Mean value of Fst_8         = 0.0759
Mean value of Fst_9         = 0.2062
Mean value of Fst_10         = 0.1298
Mean value of Fst_11         = 0.2281
Mean value of Fst_12         = 0.1476
Mean value of Fst_13         = 0.0896
Mean value of Fst_14         = 0.0984
Mean value of Fst_15         = 0.4059
Mean value of Fst_16         = 0.2516
Mean value of Fst_17         = 0.2067


Inferred ancestry of individuals:
        Label (%Miss) Pop:  Inferred clusters
  1 QAc-G-0029    (0)    1 :  0.009 0.013 0.012 0.013 0.006 0.011 0.004 0.015 0.811 0.013 0.005 0.006 0.013 0.015 0.028 0.006 0.021 
  2 QAc-G-0030    (0)    1 :  0.004 0.005 0.005 0.005 0.005 0.005 0.006 0.005 0.923 0.004 0.004 0.004 0.005 0.005 0.004 0.007 0.004 
  3 QAc-G-0062    (0)    2 :  0.056 0.027 0.030 0.024 0.401 0.025 0.034 0.023 0.006 0.030 0.005 0.011 0.022 0.022 0.027 0.252 0.006 
  4 QAc-G-0063    (0)    2 :  0.026 0.033 0.031 0.032 0.010 0.028 0.016 0.034 0.006 0.026 0.017 0.011 0.031 0.031 0.587 0.053 0.026 
  5 QAc-G-0064    (0)    2 :  0.005 0.005 0.006 0.006 0.889 0.006 0.007 0.006 0.005 0.006 0.004 0.006 0.006 0.007 0.006 0.023 0.006 
  6 QAc-G-0065    (0)    2 :  0.004 0.005 0.005 0.005 0.923 0.005 0.003 0.004 0.007 0.004 0.005 0.010 0.005 0.006 0.003 0.003 0.004 
  7 QAc-G-0066    (0)    2 :  0.004 0.004 0.004 0.004 0.003 0.004 0.004 0.003 0.005 0.004 0.003 0.003 0.004 0.004 0.938 0.006 0.004 
  8 QAc-G-0067    (0)    2 :  0.010 0.017 0.016 0.015 0.802 0.016 0.006 0.015 0.018 0.012 0.008 0.011 0.018 0.014 0.005 0.005 0.013 
  9 QAc-G-0068    (0)    2 :  0.297 0.005 0.005 0.008 0.006 0.005 0.009 0.005 0.005 0.147 0.004 0.023 0.005 0.004 0.462 0.006 0.003 
 10 QAc-G-0070    (0)    2 :  0.021 0.027 0.025 0.039 0.019 0.022 0.091 0.022 0.011 0.021 0.006 0.007 0.031 0.021 0.482 0.144 0.011 
 11 QAc-G-0071   (13)    2 :  0.006 0.006 0.006 0.006 0.003 0.006 0.005 0.006 0.008 0.006 0.003 0.005 0.006 0.007 0.870 0.043 0.008 
 12 QAc-G-0072    (0)    2 :  0.005 0.005 0.005 0.005 0.004 0.004 0.005 0.005 0.005 0.005 0.004 0.004 0.005 0.005 0.924 0.004 0.005 
 13 QAc-G-0073    (0)    2 :  0.029 0.029 0.052 0.059 0.004 0.019 0.011 0.040 0.011 0.065 0.015 0.013 0.068 0.084 0.004 0.004 0.492 
 14 QAc-G-0074    (0)    2 :  0.018 0.045 0.059 0.040 0.005 0.039 0.015 0.038 0.004 0.035 0.023 0.009 0.051 0.042 0.162 0.046 0.368 
 15 QAc-G-0075    (0)    2 :  0.015 0.028 0.063 0.026 0.010 0.028 0.007 0.029 0.016 0.022 0.032 0.010 0.029 0.032 0.011 0.012 0.631 
 16 QAc-G-0076    (0)    2 :  0.048 0.060 0.073 0.106 0.031 0.038 0.007 0.065 0.008 0.099 0.073 0.021 0.144 0.155 0.009 0.005 0.057 
 17 QAc-G-0080    (0)    2 :  0.021 0.046 0.045 0.051 0.025 0.054 0.005 0.050 0.531 0.031 0.005 0.011 0.044 0.039 0.009 0.019 0.015 
 18 QAc-G-0081    (0)    2 :  0.053 0.095 0.077 0.090 0.007 0.096 0.068 0.167 0.007 0.073 0.012 0.021 0.109 0.104 0.005 0.012 0.005 
 19 QAc-G-0083    (0)    2 :  0.009 0.015 0.016 0.021 0.011 0.017 0.009 0.019 0.015 0.017 0.086 0.007 0.023 0.019 0.029 0.669 0.018 
 20 QAc-G-0285    (0)    3 :  0.007 0.008 0.007 0.007 0.004 0.008 0.006 0.007 0.010 0.007 0.005 0.010 0.007 0.007 0.065 0.831 0.005 
 21 QAc-G-0287    (0)    3 :  0.003 0.003 0.003 0.003 0.003 0.003 0.003 0.003 0.003 0.003 0.003 0.003 0.003 0.003 0.948 0.004 0.004 
 22 QAc-G-0288    (6)    3 :  0.008 0.008 0.007 0.007 0.006 0.007 0.010 0.007 0.016 0.007 0.007 0.007 0.006 0.006 0.880 0.005 0.006 
 23 QAc-G-0292    (0)    3 :  0.013 0.009 0.011 0.013 0.007 0.011 0.012 0.010 0.005 0.010 0.005 0.009 0.011 0.011 0.135 0.724 0.005 
 24 QAc-G-0294    (0)    3 :  0.066 0.081 0.041 0.109 0.017 0.037 0.005 0.133 0.016 0.104 0.041 0.028 0.130 0.149 0.005 0.004 0.034 
 25 QAc-G-0295    (0)    3 :  0.027 0.028 0.044 0.064 0.017 0.028 0.005 0.072 0.019 0.058 0.023 0.014 0.103 0.084 0.015 0.022 0.378 
 26 QAc-G-0296    (0)    3 :  0.025 0.034 0.059 0.047 0.039 0.022 0.008 0.033 0.005 0.058 0.044 0.014 0.070 0.079 0.007 0.012 0.445 
 27 QAc-G-0297    (0)    3 :  0.039 0.104 0.107 0.073 0.004 0.100 0.007 0.094 0.005 0.052 0.038 0.023 0.077 0.060 0.003 0.004 0.209 
 28 QAc-G-0298    (6)    3 :  0.011 0.017 0.054 0.024 0.009 0.015 0.004 0.030 0.018 0.021 0.011 0.008 0.030 0.025 0.004 0.016 0.703 
 29 QAc-G-0299    (0)    3 :  0.012 0.012 0.054 0.015 0.005 0.013 0.004 0.012 0.005 0.019 0.114 0.011 0.025 0.023 0.010 0.006 0.660 
 30 QAc-G-0300    (0)    3 :  0.029 0.041 0.049 0.061 0.038 0.027 0.020 0.035 0.005 0.058 0.105 0.017 0.073 0.073 0.005 0.004 0.359 
 31 QAc-G-0301    (0)    3 :  0.006 0.010 0.055 0.011 0.036 0.011 0.005 0.011 0.008 0.012 0.018 0.006 0.011 0.011 0.012 0.010 0.767 
 32 QAc-G-0302    (0)    3 :  0.018 0.019 0.018 0.022 0.004 0.018 0.005 0.029 0.005 0.018 0.025 0.678 0.022 0.099 0.005 0.006 0.011 
 33 QAc-G-0303    (0)    3 :  0.034 0.021 0.020 0.017 0.009 0.020 0.026 0.015 0.007 0.024 0.004 0.670 0.017 0.091 0.005 0.014 0.005 
 34 QAc-G-0305    (0)    3 :  0.033 0.019 0.020 0.021 0.005 0.018 0.011 0.022 0.021 0.027 0.004 0.023 0.021 0.020 0.635 0.092 0.006 
 35 QAc-G-0307    (0)    3 :  0.009 0.009 0.010 0.011 0.006 0.010 0.019 0.010 0.853 0.009 0.005 0.007 0.011 0.009 0.004 0.010 0.007 
 36 QAc-G-0313    (0)    3 :  0.051 0.113 0.118 0.080 0.017 0.138 0.015 0.130 0.010 0.070 0.008 0.016 0.070 0.088 0.010 0.056 0.009 
 37 QAc-G-0314    (0)    3 :  0.051 0.106 0.098 0.079 0.009 0.121 0.012 0.131 0.011 0.085 0.026 0.022 0.089 0.105 0.004 0.003 0.049 
 38 QAc-G-0316    (0)    3 :  0.048 0.113 0.070 0.086 0.014 0.093 0.020 0.192 0.026 0.067 0.014 0.023 0.126 0.084 0.009 0.006 0.008 
 39 QAc-G-0033    (0)    4 :  0.008 0.008 0.044 0.012 0.013 0.008 0.006 0.010 0.007 0.009 0.157 0.007 0.019 0.013 0.005 0.004 0.671 
 40 QAc-G-0034    (0)    4 :  0.007 0.011 0.054 0.013 0.007 0.011 0.014 0.009 0.027 0.011 0.011 0.011 0.012 0.011 0.005 0.004 0.782 
 41 QAc-G-0035    (0)    4 :  0.042 0.052 0.031 0.063 0.023 0.034 0.006 0.094 0.012 0.060 0.346 0.018 0.074 0.093 0.015 0.013 0.023 
 42 QAc-G-0036    (0)    4 :  0.007 0.010 0.052 0.009 0.012 0.010 0.007 0.010 0.006 0.010 0.007 0.005 0.011 0.010 0.014 0.008 0.810 
 43 QAc-G-0039    (0)    4 :  0.064 0.082 0.039 0.100 0.007 0.033 0.010 0.192 0.031 0.108 0.020 0.029 0.108 0.143 0.009 0.004 0.020 
 44 QAc-G-0040    (0)    4 :  0.056 0.070 0.064 0.080 0.008 0.068 0.082 0.059 0.011 0.086 0.037 0.029 0.126 0.111 0.016 0.051 0.048 
 45 QAc-G-0045    (0)    4 :  0.006 0.011 0.059 0.015 0.006 0.008 0.005 0.009 0.012 0.034 0.025 0.009 0.045 0.039 0.009 0.005 0.703 
 46 QAc-G-0050    (0)    4 :  0.106 0.121 0.126 0.062 0.007 0.116 0.014 0.068 0.099 0.068 0.004 0.071 0.056 0.049 0.011 0.017 0.005 
 47 QAc-G-0052    (0)    4 :  0.008 0.012 0.012 0.012 0.018 0.011 0.007 0.011 0.849 0.012 0.005 0.006 0.011 0.009 0.004 0.004 0.007 
 48 QAc-G-0056    (0)    4 :  0.034 0.157 0.173 0.062 0.010 0.193 0.024 0.061 0.042 0.059 0.007 0.021 0.079 0.056 0.007 0.006 0.009 
 49 QAc-G-0276    (0)    5 :  0.011 0.012 0.011 0.012 0.003 0.013 0.005 0.012 0.009 0.014 0.023 0.006 0.015 0.016 0.314 0.511 0.015 
 50 QAc-G-0280    (6)    5 :  0.012 0.014 0.015 0.015 0.006 0.013 0.008 0.014 0.009 0.015 0.030 0.008 0.012 0.012 0.792 0.014 0.012 
 51 QAc-G-0018    (0)    6 :  0.018 0.010 0.055 0.010 0.006 0.011 0.006 0.009 0.011 0.018 0.007 0.015 0.014 0.014 0.006 0.004 0.786 
 52 QAc-G-0017    (0)    6 :  0.030 0.059 0.050 0.051 0.268 0.049 0.015 0.056 0.004 0.042 0.004 0.195 0.049 0.075 0.009 0.027 0.016 
 53 QAc-G-0250    (0)    7 :  0.110 0.057 0.053 0.046 0.011 0.064 0.007 0.044 0.010 0.092 0.008 0.021 0.055 0.047 0.133 0.235 0.007 
 54 QAc-G-0003    (6)    8 :  0.010 0.006 0.007 0.007 0.005 0.007 0.010 0.006 0.007 0.008 0.008 0.005 0.007 0.007 0.853 0.040 0.007 
 55 QAc-G-0283    (0)    9 :  0.032 0.094 0.089 0.090 0.006 0.108 0.075 0.148 0.005 0.059 0.005 0.025 0.099 0.103 0.004 0.050 0.010 
 56 QAc-G-0255    (0)   10 :  0.028 0.039 0.046 0.075 0.008 0.051 0.007 0.062 0.004 0.068 0.026 0.440 0.039 0.088 0.005 0.006 0.009 
 57 QAc-G-0256    (0)   10 :  0.008 0.008 0.007 0.008 0.018 0.007 0.004 0.007 0.005 0.008 0.009 0.762 0.008 0.105 0.016 0.012 0.008 
 58 QAc-G-0257    (0)   10 :  0.015 0.020 0.024 0.024 0.069 0.021 0.019 0.016 0.011 0.014 0.004 0.644 0.015 0.089 0.003 0.006 0.006 
 59 QAc-G-0259    (0)   10 :  0.038 0.199 0.198 0.044 0.003 0.211 0.006 0.070 0.003 0.063 0.008 0.013 0.073 0.050 0.003 0.003 0.016 
 60 QAc-G-0260    (0)   10 :  0.041 0.097 0.127 0.065 0.166 0.129 0.031 0.046 0.008 0.047 0.010 0.052 0.051 0.062 0.040 0.015 0.013 
 61 QAc-G-0261    (0)   10 :  0.031 0.046 0.045 0.045 0.558 0.049 0.005 0.052 0.006 0.031 0.004 0.020 0.041 0.042 0.004 0.007 0.013 
 62 QAc-G-0109    (0)   11 :  0.033 0.064 0.070 0.063 0.055 0.063 0.020 0.050 0.013 0.037 0.005 0.359 0.054 0.080 0.005 0.010 0.018 
 63 QAc-G-0113    (0)   11 :  0.076 0.026 0.027 0.025 0.022 0.029 0.007 0.020 0.021 0.044 0.005 0.530 0.021 0.075 0.011 0.048 0.012 
 64 QAc-G-0114    (0)   11 :  0.021 0.039 0.036 0.040 0.005 0.046 0.006 0.033 0.007 0.032 0.089 0.498 0.026 0.079 0.010 0.008 0.025 
 65 QAc-G-0117    (0)   11 :  0.069 0.072 0.058 0.077 0.085 0.060 0.008 0.056 0.012 0.072 0.039 0.119 0.079 0.078 0.007 0.051 0.058 
 66 QAc-G-0120    (0)   11 :  0.034 0.117 0.112 0.078 0.008 0.104 0.009 0.062 0.009 0.062 0.012 0.226 0.072 0.066 0.004 0.010 0.014 
 67 QAc-G-0125    (0)   11 :  0.015 0.025 0.027 0.023 0.641 0.028 0.022 0.024 0.033 0.018 0.005 0.020 0.021 0.020 0.016 0.057 0.004 
 68 QAc-G-0141    (0)   11 :  0.075 0.085 0.083 0.090 0.025 0.086 0.021 0.083 0.025 0.069 0.014 0.070 0.094 0.112 0.019 0.017 0.033 
 69 QAc-G-0143    (0)   11 :  0.043 0.151 0.102 0.086 0.003 0.116 0.004 0.088 0.006 0.130 0.004 0.017 0.136 0.092 0.006 0.004 0.013 
 70 QAc-G-0147    (0)   11 :  0.038 0.042 0.045 0.054 0.387 0.046 0.070 0.037 0.008 0.034 0.008 0.078 0.035 0.046 0.005 0.039 0.026 
 71 QAc-G-0174    (0)   11 :  0.005 0.005 0.005 0.005 0.003 0.005 0.004 0.004 0.006 0.005 0.005 0.004 0.005 0.005 0.056 0.870 0.007 
 72 QAc-G-0182    (0)   11 :  0.005 0.006 0.007 0.005 0.009 0.005 0.004 0.006 0.003 0.005 0.004 0.006 0.006 0.006 0.249 0.669 0.005 
 73 QAc-G-0188    (0)   11 :  0.037 0.055 0.067 0.063 0.006 0.071 0.005 0.077 0.004 0.062 0.015 0.207 0.052 0.065 0.193 0.012 0.008 
 74 QAc-G-0229    (0)   11 :  0.008 0.012 0.053 0.012 0.004 0.011 0.012 0.010 0.007 0.010 0.006 0.009 0.012 0.011 0.005 0.008 0.811 
 75 QAc-G-0233    (0)   11 :  0.032 0.080 0.077 0.046 0.010 0.091 0.090 0.046 0.029 0.050 0.278 0.009 0.075 0.051 0.006 0.004 0.027 
 76 QAc-G-0237    (0)   11 :  0.020 0.022 0.058 0.031 0.051 0.026 0.011 0.032 0.020 0.031 0.026 0.021 0.053 0.043 0.009 0.007 0.540 
 77 QAc-G-0243    (0)   11 :  0.049 0.074 0.056 0.093 0.046 0.066 0.031 0.112 0.012 0.080 0.091 0.023 0.112 0.125 0.003 0.008 0.018 
 78 QAc-G-0249    (0)   12 :  0.021 0.059 0.056 0.049 0.003 0.049 0.532 0.037 0.014 0.032 0.020 0.012 0.036 0.035 0.021 0.007 0.015 
 79 QAc-W-0001    (0)   13 :  0.006 0.009 0.010 0.008 0.012 0.009 0.005 0.009 0.004 0.007 0.849 0.011 0.010 0.010 0.003 0.003 0.035 
 80 QAc-W-0002    (0)   13 :  0.016 0.030 0.056 0.029 0.004 0.030 0.013 0.026 0.006 0.034 0.017 0.027 0.058 0.047 0.034 0.007 0.566 
 81 QAc-W-0003    (0)   13 :  0.012 0.016 0.015 0.015 0.012 0.015 0.005 0.015 0.021 0.013 0.762 0.016 0.017 0.014 0.008 0.026 0.020 
 82 QAc-W-0004    (0)   13 :  0.005 0.006 0.006 0.006 0.004 0.005 0.004 0.006 0.007 0.006 0.899 0.004 0.007 0.007 0.008 0.004 0.018 
 83 QAc-W-0005    (0)   13 :  0.005 0.006 0.006 0.007 0.005 0.007 0.007 0.008 0.004 0.006 0.900 0.005 0.008 0.008 0.005 0.006 0.007 
 84 QAc-W-0007   (13)   13 :  0.006 0.007 0.008 0.008 0.005 0.007 0.006 0.008 0.004 0.007 0.885 0.006 0.008 0.009 0.005 0.005 0.015 
 85 QAc-W-0008    (6)   13 :  0.023 0.034 0.039 0.034 0.004 0.033 0.014 0.025 0.004 0.032 0.670 0.009 0.028 0.024 0.005 0.007 0.015 
 86 QAc-W-0009    (0)   13 :  0.040 0.059 0.069 0.072 0.012 0.066 0.034 0.082 0.009 0.072 0.018 0.169 0.081 0.092 0.018 0.007 0.102 
 87 QAc-W-0010    (0)   13 :  0.019 0.019 0.017 0.024 0.033 0.019 0.028 0.019 0.005 0.021 0.692 0.018 0.024 0.026 0.007 0.017 0.010 
 88 QAc-W-0011    (0)   13 :  0.031 0.044 0.051 0.060 0.012 0.035 0.006 0.036 0.014 0.056 0.385 0.018 0.067 0.070 0.036 0.015 0.065 
 89 QAc-W-0012    (0)   13 :  0.018 0.023 0.027 0.020 0.011 0.021 0.015 0.022 0.011 0.022 0.629 0.011 0.027 0.021 0.015 0.006 0.101 
 90 QAc-W-0013    (0)   13 :  0.033 0.047 0.058 0.064 0.009 0.029 0.006 0.031 0.152 0.074 0.013 0.062 0.105 0.113 0.016 0.007 0.180 
 91 QAc-W-0014    (0)   13 :  0.008 0.011 0.011 0.011 0.006 0.011 0.016 0.011 0.005 0.013 0.837 0.004 0.015 0.011 0.003 0.010 0.017 
 92 QAc-W-0015    (0)   13 :  0.017 0.034 0.050 0.042 0.004 0.023 0.015 0.029 0.015 0.057 0.011 0.018 0.075 0.081 0.017 0.124 0.388 
 93 QAc-W-0017    (0)   13 :  0.038 0.085 0.079 0.114 0.007 0.079 0.039 0.139 0.022 0.057 0.009 0.031 0.110 0.092 0.010 0.042 0.047 
 94 QAc-W-0018    (0)   13 :  0.048 0.053 0.050 0.047 0.015 0.053 0.009 0.064 0.042 0.056 0.398 0.030 0.053 0.051 0.004 0.004 0.023 
 95 QAc-W-0020    (0)   13 :  0.014 0.022 0.022 0.019 0.011 0.022 0.004 0.025 0.003 0.017 0.779 0.006 0.020 0.020 0.004 0.005 0.007 
 96 QAc-W-0021    (0)   13 :  0.027 0.065 0.058 0.050 0.008 0.066 0.009 0.062 0.121 0.046 0.318 0.024 0.062 0.050 0.011 0.003 0.019 
 97 QAc-W-0022    (0)   13 :  0.037 0.100 0.079 0.097 0.008 0.075 0.022 0.112 0.010 0.069 0.020 0.018 0.107 0.116 0.015 0.027 0.087 
 98 QAc-W-0023    (6)   13 :  0.041 0.072 0.069 0.080 0.034 0.056 0.032 0.071 0.022 0.063 0.093 0.032 0.098 0.113 0.003 0.006 0.115 
 99 QAc-W-0024    (0)   13 :  0.018 0.054 0.047 0.055 0.006 0.048 0.010 0.089 0.089 0.037 0.325 0.015 0.080 0.048 0.051 0.005 0.022 
100 QAc-W-0025    (0)   13 :  0.019 0.027 0.040 0.025 0.004 0.029 0.010 0.027 0.018 0.026 0.335 0.012 0.042 0.032 0.008 0.005 0.343 
101 QAc-W-0026    (0)   13 :  0.021 0.043 0.039 0.028 0.022 0.038 0.025 0.023 0.085 0.023 0.459 0.015 0.031 0.025 0.048 0.015 0.060 
102 QAc-W-0027    (0)   13 :  0.011 0.015 0.051 0.016 0.004 0.016 0.011 0.017 0.005 0.015 0.077 0.012 0.021 0.014 0.005 0.004 0.707 
103 QAc-W-0028    (0)   13 :  0.013 0.027 0.028 0.036 0.004 0.026 0.008 0.039 0.004 0.026 0.577 0.008 0.042 0.032 0.008 0.008 0.113 
104 QAc-W-0029    (0)   13 :  0.043 0.031 0.051 0.073 0.020 0.024 0.004 0.045 0.007 0.065 0.243 0.019 0.096 0.098 0.003 0.003 0.175 
105 QAc-W-0032    (0)   13 :  0.009 0.011 0.011 0.014 0.025 0.010 0.008 0.013 0.006 0.012 0.823 0.005 0.014 0.014 0.003 0.003 0.020 
106 QAc-W-0033    (0)   13 :  0.081 0.094 0.110 0.076 0.029 0.103 0.022 0.064 0.013 0.078 0.140 0.016 0.073 0.069 0.004 0.008 0.019 
107 QAc-W-0035    (0)   13 :  0.037 0.045 0.063 0.043 0.007 0.044 0.023 0.041 0.016 0.040 0.123 0.008 0.060 0.046 0.020 0.014 0.369 
108 QAc-W-0037    (0)   13 :  0.009 0.012 0.050 0.012 0.017 0.012 0.007 0.012 0.015 0.015 0.024 0.006 0.014 0.012 0.008 0.006 0.768 
109 QAc-W-0038    (0)   13 :  0.035 0.072 0.061 0.095 0.011 0.061 0.010 0.136 0.007 0.051 0.129 0.023 0.104 0.088 0.008 0.030 0.079 
110 QAc-W-0040    (0)   13 :  0.014 0.023 0.024 0.023 0.020 0.029 0.131 0.016 0.013 0.016 0.608 0.008 0.019 0.019 0.009 0.010 0.018 
111 QAc-W-0041    (0)   13 :  0.038 0.036 0.060 0.057 0.006 0.031 0.009 0.024 0.061 0.073 0.037 0.034 0.075 0.071 0.031 0.006 0.350 
112 QAc-W-0042    (0)   14 :  0.036 0.019 0.021 0.024 0.281 0.015 0.006 0.015 0.015 0.032 0.006 0.367 0.029 0.073 0.033 0.010 0.017 
113 QAc-W-0044    (0)   14 :  0.042 0.045 0.045 0.084 0.139 0.026 0.027 0.028 0.005 0.064 0.008 0.080 0.102 0.109 0.042 0.081 0.072 
114 QAc-W-0045    (0)   14 :  0.047 0.013 0.015 0.014 0.028 0.016 0.005 0.015 0.008 0.032 0.007 0.667 0.010 0.091 0.011 0.006 0.014 
115 QAc-W-0048    (0)   14 :  0.015 0.023 0.024 0.020 0.079 0.029 0.006 0.016 0.014 0.015 0.011 0.613 0.017 0.096 0.004 0.005 0.013 
116 QAc-W-0050    (0)   14 :  0.392 0.021 0.023 0.023 0.020 0.023 0.011 0.020 0.006 0.194 0.004 0.186 0.020 0.034 0.009 0.006 0.009 
117 QAc-W-0051    (0)   14 :  0.436 0.014 0.015 0.012 0.093 0.014 0.004 0.012 0.015 0.218 0.006 0.083 0.012 0.014 0.006 0.040 0.006 
118 QAc-W-0052    (0)   14 :  0.004 0.004 0.005 0.005 0.916 0.005 0.004 0.005 0.003 0.004 0.010 0.007 0.005 0.006 0.006 0.006 0.005 
119 QAc-W-0053    (0)   14 :  0.014 0.011 0.013 0.011 0.017 0.010 0.008 0.010 0.005 0.014 0.008 0.741 0.014 0.104 0.004 0.007 0.009 
120 QAc-W-0054    (0)   14 :  0.155 0.065 0.063 0.048 0.088 0.067 0.021 0.052 0.008 0.078 0.009 0.046 0.056 0.062 0.103 0.065 0.013 
121 QAc-W-0056    (0)   14 :  0.285 0.063 0.074 0.038 0.007 0.070 0.009 0.038 0.011 0.157 0.049 0.024 0.046 0.047 0.007 0.010 0.064 
122 QAc-W-0057    (0)   14 :  0.357 0.030 0.035 0.023 0.011 0.030 0.015 0.026 0.027 0.182 0.007 0.103 0.022 0.029 0.007 0.079 0.017 
123 QAc-W-0060    (0)   14 :  0.006 0.007 0.008 0.007 0.032 0.008 0.006 0.006 0.004 0.006 0.003 0.006 0.007 0.007 0.009 0.860 0.018 
124 QAc-W-0061    (0)   14 :  0.021 0.026 0.027 0.027 0.005 0.029 0.049 0.023 0.011 0.021 0.011 0.017 0.023 0.026 0.013 0.640 0.029 
125 QAc-W-0062    (0)   14 :  0.004 0.004 0.004 0.004 0.008 0.004 0.006 0.004 0.005 0.004 0.003 0.004 0.004 0.004 0.006 0.927 0.004 
126 QAc-W-0063    (0)   14 :  0.009 0.013 0.012 0.012 0.021 0.013 0.010 0.013 0.019 0.010 0.016 0.007 0.011 0.012 0.018 0.798 0.007 
127 QAc-W-0064    (0)   14 :  0.009 0.008 0.008 0.008 0.005 0.008 0.007 0.008 0.007 0.007 0.010 0.005 0.008 0.008 0.020 0.870 0.005 
128 QAc-W-0065    (0)   14 :  0.026 0.017 0.017 0.017 0.007 0.017 0.016 0.022 0.011 0.018 0.008 0.010 0.020 0.015 0.010 0.756 0.014 
129 QAc-W-0066    (0)   14 :  0.003 0.003 0.003 0.003 0.003 0.003 0.003 0.003 0.004 0.003 0.003 0.003 0.003 0.003 0.948 0.005 0.004 
130 QAc-W-0072    (0)   14 :  0.027 0.016 0.015 0.019 0.004 0.015 0.096 0.012 0.010 0.022 0.015 0.006 0.015 0.010 0.006 0.705 0.006 
131 QAc-W-0073    (0)   14 :  0.012 0.014 0.012 0.017 0.008 0.012 0.008 0.013 0.008 0.014 0.007 0.016 0.017 0.015 0.006 0.814 0.008 
132 QAc-W-0077    (0)   14 :  0.008 0.006 0.006 0.005 0.005 0.006 0.005 0.005 0.004 0.007 0.005 0.008 0.006 0.006 0.196 0.716 0.007 
133 QAc-W-0078    (0)   15 :  0.019 0.033 0.033 0.029 0.015 0.041 0.020 0.031 0.623 0.024 0.013 0.008 0.028 0.025 0.030 0.008 0.020 
134 QAc-W-0079    (6)   15 :  0.005 0.006 0.006 0.007 0.003 0.006 0.007 0.006 0.900 0.006 0.005 0.007 0.006 0.006 0.012 0.004 0.008 
135 QAc-W-0081    (0)   15 :  0.006 0.006 0.007 0.006 0.009 0.007 0.005 0.005 0.897 0.007 0.009 0.005 0.008 0.006 0.004 0.007 0.006 
136 QAc-W-0082    (0)   15 :  0.319 0.007 0.007 0.007 0.003 0.007 0.004 0.007 0.425 0.156 0.003 0.028 0.007 0.006 0.005 0.005 0.005 
137 QAc-W-0083    (0)   15 :  0.012 0.009 0.009 0.009 0.010 0.010 0.010 0.009 0.832 0.010 0.007 0.008 0.008 0.008 0.007 0.035 0.007 
138 QAc-W-0086    (0)   15 :  0.013 0.008 0.008 0.014 0.005 0.008 0.009 0.007 0.861 0.010 0.007 0.006 0.009 0.008 0.014 0.005 0.007 
139 QAc-W-0087    (0)   15 :  0.005 0.006 0.006 0.006 0.003 0.006 0.007 0.006 0.910 0.006 0.004 0.008 0.006 0.006 0.005 0.003 0.005 
140 QAc-W-0088    (0)   15 :  0.012 0.016 0.017 0.015 0.004 0.020 0.008 0.017 0.806 0.014 0.006 0.011 0.016 0.015 0.006 0.006 0.012 
141 QAc-W-0092    (0)   15 :  0.014 0.029 0.028 0.024 0.018 0.025 0.010 0.021 0.595 0.031 0.026 0.017 0.028 0.026 0.010 0.005 0.092 
142 QAc-W-0093    (0)   15 :  0.017 0.028 0.029 0.026 0.009 0.027 0.014 0.034 0.679 0.023 0.027 0.013 0.026 0.023 0.003 0.005 0.018 
143 QAc-W-0094    (0)   15 :  0.027 0.039 0.041 0.042 0.230 0.054 0.007 0.047 0.258 0.033 0.053 0.027 0.045 0.032 0.006 0.048 0.009 
144 QAc-W-0097    (0)   15 :  0.017 0.030 0.033 0.027 0.016 0.028 0.005 0.028 0.614 0.023 0.027 0.014 0.033 0.031 0.006 0.006 0.062 
145 QAc-W-0099    (0)   15 :  0.021 0.047 0.037 0.031 0.017 0.038 0.018 0.034 0.604 0.037 0.004 0.018 0.035 0.036 0.005 0.004 0.013 
146 QAc-W-0107    (0)   15 :  0.009 0.010 0.009 0.009 0.007 0.009 0.006 0.009 0.850 0.008 0.006 0.005 0.009 0.008 0.012 0.028 0.006 
147 QAc-W-0115    (0)   16 :  0.008 0.012 0.012 0.079 0.006 0.014 0.751 0.012 0.010 0.012 0.011 0.005 0.024 0.010 0.005 0.008 0.021 
148 QAc-W-0116    (0)   16 :  0.021 0.040 0.033 0.045 0.013 0.033 0.624 0.033 0.007 0.027 0.007 0.023 0.034 0.034 0.003 0.005 0.018 
149 QAc-W-0117    (0)   16 :  0.009 0.010 0.011 0.015 0.004 0.011 0.849 0.018 0.004 0.010 0.005 0.011 0.014 0.013 0.004 0.004 0.008 
150 QAc-W-0118    (0)   16 :  0.011 0.014 0.016 0.053 0.005 0.017 0.695 0.014 0.023 0.015 0.007 0.009 0.034 0.018 0.040 0.022 0.007 
151 QAc-W-0119    (0)   16 :  0.017 0.021 0.019 0.025 0.007 0.022 0.760 0.022 0.007 0.021 0.006 0.008 0.020 0.018 0.017 0.004 0.007 
152 QAc-W-0120    (0)   16 :  0.014 0.042 0.040 0.047 0.005 0.047 0.611 0.029 0.011 0.030 0.010 0.012 0.032 0.030 0.019 0.009 0.010 
153 QAc-W-0121    (0)   16 :  0.026 0.014 0.018 0.019 0.003 0.017 0.725 0.012 0.004 0.023 0.007 0.009 0.015 0.016 0.075 0.010 0.007 
154 QAc-W-0122    (0)   16 :  0.032 0.040 0.030 0.121 0.004 0.033 0.427 0.060 0.006 0.047 0.021 0.016 0.091 0.053 0.004 0.008 0.007 
155 QAc-W-0123    (6)   16 :  0.014 0.027 0.024 0.059 0.016 0.028 0.669 0.038 0.010 0.017 0.004 0.011 0.025 0.024 0.007 0.009 0.015 
156 QAc-W-0124    (0)   16 :  0.015 0.026 0.023 0.096 0.006 0.022 0.405 0.019 0.087 0.038 0.016 0.006 0.052 0.020 0.009 0.111 0.049 
157 QAc-W-0125    (0)   16 :  0.009 0.011 0.014 0.034 0.008 0.013 0.802 0.013 0.019 0.011 0.008 0.009 0.012 0.012 0.008 0.004 0.011 
158 QAc-W-0132    (6)   16 :  0.015 0.029 0.031 0.084 0.019 0.028 0.484 0.032 0.034 0.030 0.017 0.007 0.046 0.032 0.048 0.028 0.037 
159 QAc-W-0134    (0)   16 :  0.005 0.007 0.007 0.027 0.006 0.007 0.882 0.006 0.006 0.007 0.005 0.006 0.007 0.006 0.005 0.006 0.007 
160 QAc-W-0135    (0)   16 :  0.013 0.022 0.021 0.085 0.004 0.023 0.533 0.022 0.009 0.022 0.109 0.007 0.034 0.022 0.014 0.031 0.028 
161 QAc-W-0136    (0)   16 :  0.006 0.009 0.009 0.049 0.007 0.007 0.852 0.008 0.005 0.007 0.005 0.005 0.009 0.008 0.003 0.005 0.006 
162 QAc-W-0138    (0)   16 :  0.007 0.009 0.009 0.042 0.006 0.008 0.850 0.013 0.003 0.010 0.007 0.004 0.009 0.009 0.004 0.005 0.005 
163 QAc-W-0140    (0)   16 :  0.013 0.017 0.020 0.022 0.004 0.019 0.738 0.029 0.006 0.020 0.008 0.019 0.025 0.028 0.005 0.005 0.020 
164 QAc-W-0141    (6)   16 :  0.040 0.080 0.054 0.080 0.007 0.079 0.093 0.159 0.008 0.062 0.019 0.030 0.102 0.105 0.030 0.008 0.044 
165 QAc-W-0142    (0)   16 :  0.011 0.007 0.007 0.011 0.004 0.006 0.882 0.006 0.005 0.008 0.004 0.006 0.008 0.007 0.012 0.013 0.004 
166 QAc-W-0143    (0)   16 :  0.012 0.014 0.014 0.045 0.006 0.016 0.769 0.010 0.031 0.022 0.009 0.013 0.014 0.013 0.003 0.005 0.006 
167 QAc-W-0145    (0)   16 :  0.009 0.013 0.011 0.097 0.004 0.014 0.745 0.015 0.004 0.014 0.004 0.006 0.038 0.011 0.003 0.007 0.006 
168 QAc-W-0148    (0)   16 :  0.006 0.006 0.007 0.076 0.007 0.006 0.820 0.008 0.004 0.008 0.007 0.005 0.012 0.007 0.004 0.007 0.011 
169 QAc-W-0149    (0)   16 :  0.033 0.068 0.046 0.120 0.030 0.052 0.246 0.080 0.010 0.074 0.012 0.022 0.108 0.071 0.004 0.014 0.009 
170 QAc-W-0150    (0)   16 :  0.036 0.050 0.045 0.085 0.018 0.045 0.296 0.060 0.026 0.063 0.101 0.012 0.057 0.057 0.005 0.007 0.038 
171 QAc-W-0151    (0)   16 :  0.013 0.019 0.019 0.087 0.006 0.015 0.668 0.016 0.011 0.022 0.010 0.007 0.028 0.016 0.004 0.006 0.053 
172 QAc-W-0152    (0)   16 :  0.012 0.009 0.010 0.095 0.005 0.009 0.713 0.009 0.005 0.016 0.005 0.011 0.039 0.012 0.005 0.035 0.009 
173 QAc-W-0153    (0)   16 :  0.048 0.078 0.074 0.082 0.003 0.077 0.015 0.193 0.025 0.070 0.006 0.026 0.126 0.121 0.005 0.022 0.028 
174 QAc-W-0154    (0)   16 :  0.015 0.035 0.029 0.054 0.004 0.032 0.665 0.022 0.006 0.021 0.051 0.008 0.021 0.020 0.004 0.004 0.009 
175 QAc-W-0157    (0)   16 :  0.020 0.049 0.047 0.034 0.028 0.046 0.586 0.031 0.005 0.030 0.005 0.014 0.032 0.026 0.012 0.017 0.019 
176 QAc-W-0158    (0)   16 :  0.016 0.022 0.025 0.065 0.009 0.024 0.541 0.027 0.028 0.027 0.041 0.008 0.044 0.031 0.026 0.008 0.059 
177 QAc-W-0159    (0)   16 :  0.011 0.009 0.009 0.012 0.008 0.010 0.872 0.008 0.007 0.008 0.008 0.006 0.010 0.008 0.004 0.004 0.007 
178 QAc-W-0160    (0)   16 :  0.012 0.024 0.027 0.058 0.004 0.023 0.700 0.021 0.008 0.020 0.025 0.006 0.021 0.024 0.003 0.005 0.018 
179 QAc-W-0162    (0)   16 :  0.030 0.016 0.017 0.041 0.019 0.016 0.667 0.013 0.007 0.021 0.004 0.026 0.013 0.014 0.005 0.087 0.004 
180 QAc-W-0163    (0)   16 :  0.081 0.033 0.038 0.030 0.009 0.039 0.562 0.020 0.005 0.054 0.007 0.040 0.031 0.028 0.007 0.009 0.007 
181 QAc-W-0164    (0)   16 :  0.023 0.030 0.030 0.066 0.009 0.036 0.575 0.026 0.012 0.027 0.007 0.013 0.034 0.022 0.008 0.075 0.009 
182 QAc-W-0167    (0)   17 :  0.039 0.086 0.076 0.119 0.006 0.074 0.007 0.226 0.018 0.051 0.006 0.023 0.143 0.108 0.005 0.008 0.006 
183 QAc-W-0168    (0)   17 :  0.039 0.101 0.122 0.082 0.008 0.122 0.104 0.084 0.013 0.055 0.008 0.028 0.069 0.073 0.051 0.019 0.021 
184 QAc-W-0169    (0)   17 :  0.057 0.150 0.142 0.080 0.004 0.147 0.005 0.099 0.004 0.073 0.019 0.023 0.084 0.075 0.011 0.010 0.016 
185 QAc-W-0170    (0)   17 :  0.054 0.109 0.130 0.107 0.005 0.124 0.011 0.128 0.006 0.053 0.011 0.013 0.093 0.087 0.004 0.005 0.058 
186 QAc-W-0172    (0)   17 :  0.035 0.162 0.168 0.079 0.015 0.160 0.007 0.091 0.010 0.071 0.008 0.017 0.094 0.066 0.002 0.002 0.011 
187 QAc-W-0173    (0)   17 :  0.044 0.070 0.044 0.107 0.005 0.056 0.013 0.262 0.006 0.054 0.011 0.026 0.144 0.126 0.004 0.011 0.015 
188 QAc-W-0174    (0)   17 :  0.048 0.083 0.057 0.116 0.004 0.062 0.009 0.227 0.006 0.057 0.005 0.025 0.155 0.116 0.010 0.010 0.009 


Estimated Allele Frequencies in each cluster
First column gives estimated ancestral frequencies


Locus 1 : 
18 alleles
0.0% missing data
 210   (0.111) 0.095 0.113 0.107 0.116 0.029 0.112 0.186 0.117 0.150 0.103 0.017 0.246 0.104 0.122 0.007 0.022 0.072 
 212   (0.114) 0.107 0.117 0.127 0.123 0.024 0.115 0.063 0.125 0.275 0.124 0.052 0.042 0.123 0.112 0.198 0.015 0.396 
 202   (0.061) 0.035 0.058 0.058 0.046 0.309 0.061 0.007 0.051 0.140 0.042 0.064 0.021 0.045 0.045 0.004 0.007 0.036 
 226   (0.043) 0.035 0.038 0.039 0.030 0.219 0.042 0.005 0.030 0.015 0.032 0.005 0.025 0.029 0.027 0.245 0.132 0.005 
 216   (0.075) 0.049 0.071 0.070 0.065 0.172 0.073 0.139 0.058 0.170 0.052 0.018 0.052 0.057 0.058 0.005 0.057 0.012 
 200   (0.246) 0.199 0.270 0.270 0.294 0.122 0.250 0.146 0.292 0.087 0.258 0.513 0.205 0.337 0.326 0.509 0.134 0.376 
 224   (0.043) 0.030 0.044 0.042 0.044 0.010 0.043 0.005 0.042 0.011 0.038 0.008 0.015 0.045 0.043 0.004 0.257 0.024 
 218   (0.054) 0.046 0.051 0.050 0.049 0.010 0.054 0.157 0.044 0.104 0.046 0.086 0.016 0.045 0.038 0.004 0.018 0.013 
 228   (0.012) 0.005 0.010 0.010 0.007 0.002 0.011 0.001 0.006 0.001 0.006 0.001 0.003 0.006 0.005 0.001 0.127 0.001 
 214   (0.061) 0.302 0.058 0.058 0.052 0.041 0.060 0.019 0.053 0.008 0.169 0.007 0.165 0.050 0.064 0.012 0.210 0.009 
 208   (0.062) 0.038 0.062 0.060 0.071 0.018 0.064 0.007 0.089 0.024 0.056 0.211 0.073 0.073 0.068 0.004 0.007 0.037 
 220   (0.028) 0.017 0.029 0.028 0.026 0.006 0.029 0.010 0.032 0.003 0.020 0.003 0.009 0.026 0.025 0.002 0.003 0.006 
 196   (0.011) 0.005 0.010 0.010 0.007 0.002 0.011 0.001 0.007 0.001 0.006 0.001 0.003 0.007 0.006 0.001 0.001 0.001 
 238   (0.011) 0.005 0.010 0.010 0.008 0.002 0.010 0.002 0.010 0.001 0.007 0.001 0.003 0.008 0.008 0.001 0.001 0.001 
 206   (0.020) 0.010 0.018 0.018 0.016 0.004 0.019 0.026 0.013 0.003 0.013 0.003 0.055 0.013 0.018 0.001 0.002 0.003 
 190   (0.012) 0.005 0.011 0.011 0.007 0.002 0.012 0.001 0.008 0.001 0.006 0.001 0.003 0.007 0.007 0.001 0.001 0.002 
 222   (0.024) 0.012 0.021 0.022 0.031 0.025 0.023 0.222 0.016 0.003 0.014 0.007 0.007 0.018 0.014 0.002 0.003 0.003 
 232   (0.012) 0.006 0.010 0.011 0.007 0.004 0.012 0.001 0.007 0.001 0.007 0.001 0.057 0.007 0.014 0.001 0.001 0.002 

Locus 2 : 
15 alleles
2.1% missing data
 171   (0.206) 0.232 0.216 0.223 0.218 0.240 0.207 0.058 0.211 0.179 0.227 0.310 0.439 0.224 0.260 0.017 0.042 0.425 
 175   (0.098) 0.200 0.093 0.096 0.081 0.205 0.096 0.026 0.078 0.261 0.139 0.044 0.037 0.082 0.077 0.028 0.028 0.057 
 185   (0.054) 0.031 0.051 0.050 0.059 0.012 0.054 0.225 0.047 0.081 0.041 0.008 0.017 0.047 0.041 0.005 0.016 0.009 
 179   (0.071) 0.045 0.072 0.066 0.107 0.246 0.070 0.256 0.080 0.009 0.057 0.008 0.022 0.088 0.062 0.035 0.492 0.011 
 181   (0.096) 0.081 0.098 0.100 0.090 0.035 0.094 0.011 0.096 0.346 0.095 0.031 0.120 0.098 0.108 0.561 0.051 0.129 
 173   (0.191) 0.210 0.189 0.192 0.189 0.177 0.191 0.204 0.197 0.040 0.213 0.183 0.175 0.206 0.213 0.330 0.148 0.211 
 177   (0.032) 0.032 0.030 0.030 0.031 0.006 0.031 0.084 0.025 0.004 0.029 0.004 0.011 0.023 0.021 0.003 0.180 0.005 
 187   (0.094) 0.084 0.096 0.094 0.090 0.019 0.096 0.024 0.119 0.012 0.082 0.110 0.051 0.100 0.088 0.009 0.025 0.117 
 183   (0.060) 0.036 0.061 0.057 0.063 0.016 0.064 0.093 0.076 0.021 0.054 0.007 0.083 0.059 0.065 0.006 0.007 0.010 
 189   (0.032) 0.018 0.030 0.031 0.027 0.006 0.031 0.014 0.025 0.004 0.022 0.287 0.010 0.025 0.023 0.003 0.004 0.018 
 191   (0.021) 0.011 0.019 0.019 0.017 0.032 0.021 0.002 0.016 0.040 0.014 0.003 0.024 0.016 0.015 0.002 0.003 0.003 
 163   (0.011) 0.005 0.010 0.011 0.007 0.002 0.011 0.001 0.007 0.001 0.007 0.001 0.003 0.007 0.006 0.001 0.001 0.002 
 165   (0.012) 0.005 0.011 0.011 0.007 0.002 0.012 0.001 0.007 0.001 0.007 0.001 0.003 0.007 0.007 0.001 0.001 0.002 
 193   (0.010) 0.005 0.011 0.010 0.008 0.002 0.010 0.001 0.007 0.001 0.008 0.001 0.003 0.009 0.007 0.001 0.001 0.001 
 167   (0.011) 0.005 0.011 0.011 0.008 0.002 0.011 0.001 0.008 0.001 0.007 0.001 0.003 0.008 0.007 0.001 0.001 0.001 

Locus 3 : 
4 alleles
1.1% missing data
 206   (0.889) 0.926 0.896 0.897 0.914 0.900 0.890 0.987 0.899 0.976 0.921 0.688 0.902 0.912 0.910 0.989 0.881 0.980 
 208   (0.058) 0.046 0.055 0.054 0.043 0.012 0.058 0.007 0.049 0.008 0.044 0.306 0.063 0.045 0.046 0.004 0.053 0.012 
 204   (0.038) 0.020 0.035 0.035 0.030 0.086 0.037 0.005 0.030 0.015 0.024 0.004 0.030 0.027 0.029 0.006 0.064 0.006 
 212   (0.015) 0.008 0.015 0.014 0.013 0.002 0.015 0.002 0.022 0.002 0.011 0.002 0.005 0.016 0.016 0.001 0.002 0.002 

Locus 4 : 
15 alleles
1.1% missing data
 165   (0.074) 0.074 0.077 0.069 0.076 0.045 0.074 0.008 0.106 0.467 0.080 0.013 0.030 0.086 0.087 0.005 0.308 0.028 
 163   (0.199) 0.192 0.213 0.192 0.229 0.077 0.201 0.289 0.263 0.029 0.197 0.085 0.274 0.229 0.240 0.015 0.077 0.068 
 167   (0.146) 0.160 0.143 0.147 0.134 0.486 0.145 0.150 0.136 0.068 0.143 0.244 0.106 0.134 0.129 0.010 0.019 0.190 
 161   (0.358) 0.416 0.352 0.381 0.382 0.329 0.357 0.484 0.312 0.126 0.408 0.477 0.418 0.377 0.370 0.956 0.572 0.667 
 153   (0.015) 0.009 0.015 0.015 0.015 0.003 0.014 0.002 0.012 0.002 0.014 0.009 0.005 0.017 0.017 0.001 0.002 0.004 
 173   (0.031) 0.050 0.029 0.028 0.023 0.006 0.030 0.003 0.022 0.262 0.035 0.003 0.024 0.023 0.021 0.002 0.004 0.004 
 171   (0.038) 0.028 0.039 0.037 0.038 0.029 0.040 0.005 0.045 0.005 0.033 0.005 0.042 0.036 0.036 0.003 0.004 0.005 
 179   (0.011) 0.006 0.010 0.011 0.008 0.002 0.011 0.001 0.009 0.001 0.006 0.001 0.003 0.008 0.007 0.001 0.001 0.003 
 157   (0.023) 0.012 0.021 0.022 0.016 0.004 0.023 0.003 0.016 0.003 0.014 0.146 0.016 0.016 0.016 0.002 0.002 0.014 
 149   (0.012) 0.007 0.010 0.011 0.007 0.002 0.011 0.001 0.007 0.001 0.007 0.001 0.025 0.007 0.009 0.001 0.001 0.001 
 177   (0.020) 0.012 0.022 0.019 0.018 0.004 0.021 0.002 0.022 0.012 0.017 0.002 0.007 0.018 0.020 0.001 0.002 0.004 
 155   (0.017) 0.009 0.017 0.016 0.011 0.003 0.018 0.003 0.012 0.002 0.011 0.006 0.005 0.013 0.011 0.001 0.002 0.003 
 175   (0.012) 0.005 0.011 0.011 0.009 0.002 0.012 0.001 0.008 0.001 0.007 0.001 0.008 0.007 0.007 0.001 0.001 0.002 
 169   (0.022) 0.012 0.021 0.021 0.016 0.004 0.022 0.002 0.016 0.018 0.016 0.003 0.032 0.018 0.018 0.001 0.002 0.003 
 159   (0.021) 0.010 0.019 0.019 0.018 0.004 0.020 0.045 0.014 0.002 0.012 0.002 0.006 0.013 0.012 0.001 0.002 0.003 

Locus 5 : 
16 alleles
0.0% missing data
 148   (0.117) 0.062 0.118 0.118 0.104 0.028 0.118 0.050 0.124 0.283 0.087 0.100 0.093 0.110 0.107 0.365 0.050 0.195 
 160   (0.026) 0.012 0.023 0.024 0.017 0.063 0.024 0.003 0.017 0.059 0.015 0.004 0.024 0.017 0.020 0.002 0.003 0.004 
 154   (0.075) 0.062 0.074 0.071 0.082 0.054 0.075 0.229 0.074 0.027 0.059 0.019 0.026 0.067 0.063 0.009 0.171 0.011 
 150   (0.060) 0.282 0.060 0.060 0.054 0.014 0.060 0.007 0.052 0.010 0.170 0.060 0.083 0.055 0.057 0.013 0.010 0.029 
 138   (0.125) 0.082 0.119 0.120 0.131 0.304 0.124 0.248 0.116 0.148 0.097 0.024 0.094 0.122 0.117 0.009 0.183 0.054 
 166   (0.031) 0.015 0.028 0.028 0.019 0.265 0.029 0.003 0.019 0.014 0.017 0.036 0.183 0.019 0.041 0.002 0.003 0.006 
 146   (0.096) 0.055 0.092 0.089 0.085 0.077 0.096 0.017 0.097 0.165 0.065 0.031 0.092 0.085 0.084 0.334 0.232 0.030 
 164   (0.016) 0.007 0.015 0.015 0.011 0.039 0.015 0.002 0.011 0.002 0.010 0.002 0.004 0.011 0.010 0.001 0.002 0.002 
 142   (0.019) 0.128 0.017 0.017 0.012 0.004 0.018 0.019 0.012 0.002 0.073 0.002 0.011 0.012 0.011 0.010 0.002 0.003 
 144   (0.154) 0.109 0.159 0.171 0.167 0.057 0.154 0.150 0.160 0.028 0.145 0.070 0.234 0.177 0.190 0.225 0.299 0.381 
 140   (0.083) 0.044 0.084 0.092 0.098 0.017 0.084 0.219 0.093 0.020 0.067 0.191 0.028 0.094 0.079 0.007 0.010 0.240 
 158   (0.044) 0.030 0.048 0.048 0.051 0.031 0.043 0.018 0.038 0.088 0.047 0.009 0.031 0.063 0.060 0.003 0.005 0.013 
 162   (0.029) 0.023 0.029 0.027 0.027 0.005 0.029 0.003 0.031 0.128 0.021 0.003 0.010 0.026 0.023 0.002 0.003 0.005 
 152   (0.088) 0.068 0.100 0.084 0.108 0.019 0.091 0.029 0.119 0.012 0.098 0.444 0.043 0.111 0.107 0.015 0.024 0.019 
 134   (0.017) 0.010 0.017 0.017 0.018 0.003 0.019 0.002 0.017 0.002 0.017 0.002 0.036 0.014 0.017 0.001 0.002 0.002 
 156   (0.020) 0.011 0.019 0.020 0.017 0.022 0.020 0.002 0.019 0.012 0.013 0.003 0.006 0.017 0.016 0.001 0.002 0.005 

Locus 6 : 
12 alleles
0.0% missing data
 225   (0.044) 0.033 0.043 0.041 0.033 0.008 0.043 0.021 0.039 0.120 0.034 0.010 0.014 0.036 0.030 0.294 0.006 0.006 
 239   (0.106) 0.073 0.101 0.106 0.099 0.233 0.106 0.016 0.102 0.028 0.088 0.014 0.056 0.106 0.099 0.426 0.232 0.099 
 229   (0.015) 0.007 0.013 0.014 0.010 0.002 0.014 0.002 0.009 0.291 0.009 0.002 0.005 0.010 0.009 0.001 0.001 0.003 
 235   (0.298) 0.443 0.303 0.303 0.338 0.086 0.298 0.483 0.311 0.375 0.382 0.268 0.157 0.316 0.289 0.228 0.309 0.416 
 237   (0.209) 0.169 0.217 0.213 0.221 0.067 0.212 0.160 0.245 0.037 0.193 0.199 0.178 0.220 0.219 0.024 0.265 0.270 
 233   (0.101) 0.085 0.097 0.106 0.089 0.257 0.099 0.014 0.080 0.061 0.097 0.467 0.094 0.105 0.102 0.010 0.158 0.167 
 227   (0.030) 0.028 0.027 0.028 0.024 0.287 0.029 0.003 0.022 0.003 0.027 0.003 0.369 0.019 0.063 0.002 0.003 0.004 
 245   (0.069) 0.050 0.074 0.069 0.077 0.022 0.070 0.152 0.068 0.009 0.065 0.021 0.028 0.079 0.079 0.005 0.008 0.016 
 241   (0.039) 0.033 0.037 0.036 0.031 0.015 0.038 0.023 0.030 0.064 0.030 0.007 0.035 0.029 0.031 0.003 0.007 0.006 
 231   (0.051) 0.054 0.054 0.048 0.049 0.016 0.052 0.053 0.066 0.006 0.049 0.005 0.027 0.049 0.047 0.003 0.006 0.007 
 243   (0.028) 0.019 0.025 0.026 0.022 0.005 0.027 0.073 0.021 0.003 0.021 0.003 0.036 0.024 0.024 0.002 0.003 0.005 
 251   (0.011) 0.005 0.011 0.010 0.007 0.002 0.011 0.001 0.007 0.001 0.007 0.001 0.003 0.007 0.006 0.001 0.001 0.002 

Locus 7 : 
5 alleles
0.0% missing data
 118   (0.916) 0.726 0.921 0.920 0.936 0.667 0.919 0.991 0.928 0.988 0.827 0.924 0.966 0.933 0.937 0.993 0.992 0.937 
 124   (0.040) 0.021 0.038 0.040 0.031 0.324 0.039 0.005 0.034 0.005 0.029 0.070 0.012 0.035 0.033 0.003 0.004 0.057 
 116   (0.014) 0.238 0.012 0.013 0.009 0.003 0.013 0.001 0.008 0.003 0.125 0.001 0.013 0.008 0.007 0.003 0.001 0.002 
 114   (0.017) 0.009 0.017 0.016 0.016 0.004 0.017 0.002 0.021 0.002 0.012 0.003 0.006 0.017 0.016 0.001 0.002 0.002 
 122   (0.012) 0.006 0.011 0.011 0.008 0.002 0.012 0.001 0.009 0.001 0.007 0.001 0.004 0.008 0.007 0.001 0.001 0.002 

Locus 8 : 
5 alleles
0.0% missing data
 135   (0.052) 0.039 0.063 0.052 0.065 0.010 0.053 0.026 0.082 0.022 0.060 0.012 0.020 0.069 0.077 0.011 0.006 0.027 
 139   (0.756) 0.644 0.757 0.766 0.776 0.948 0.756 0.653 0.770 0.818 0.693 0.932 0.665 0.785 0.759 0.918 0.956 0.909 
 137   (0.144) 0.291 0.135 0.138 0.124 0.034 0.144 0.255 0.113 0.154 0.216 0.050 0.301 0.113 0.134 0.068 0.032 0.056 
 143   (0.034) 0.020 0.033 0.032 0.024 0.006 0.035 0.037 0.027 0.004 0.023 0.004 0.010 0.025 0.024 0.002 0.004 0.006 
 141   (0.013) 0.006 0.012 0.012 0.011 0.002 0.013 0.029 0.008 0.002 0.007 0.002 0.003 0.008 0.007 0.001 0.001 0.002 

Locus 9 : 
11 alleles
0.0% missing data
 116   (0.291) 0.250 0.303 0.294 0.314 0.111 0.294 0.313 0.330 0.426 0.294 0.514 0.142 0.327 0.321 0.369 0.182 0.274 
 112   (0.086) 0.051 0.085 0.083 0.092 0.016 0.085 0.169 0.080 0.058 0.070 0.037 0.026 0.086 0.071 0.012 0.371 0.081 
 122   (0.063) 0.110 0.058 0.060 0.048 0.292 0.061 0.010 0.041 0.007 0.076 0.010 0.245 0.047 0.072 0.428 0.300 0.010 
 114   (0.217) 0.134 0.218 0.223 0.229 0.054 0.221 0.304 0.236 0.080 0.175 0.358 0.226 0.224 0.226 0.021 0.046 0.338 
 120   (0.042) 0.020 0.038 0.047 0.029 0.211 0.041 0.020 0.029 0.005 0.026 0.005 0.013 0.028 0.027 0.003 0.022 0.143 
 130   (0.037) 0.021 0.036 0.040 0.034 0.173 0.036 0.004 0.028 0.005 0.033 0.006 0.073 0.041 0.049 0.002 0.004 0.040 
 118   (0.126) 0.076 0.130 0.124 0.141 0.116 0.126 0.135 0.133 0.400 0.099 0.038 0.060 0.135 0.112 0.020 0.018 0.081 
 124   (0.062) 0.158 0.058 0.057 0.049 0.011 0.061 0.035 0.053 0.008 0.103 0.007 0.074 0.049 0.050 0.139 0.049 0.009 
 126   (0.040) 0.161 0.036 0.038 0.034 0.010 0.040 0.004 0.033 0.006 0.098 0.009 0.128 0.028 0.041 0.004 0.004 0.019 
 108   (0.014) 0.007 0.015 0.014 0.012 0.002 0.014 0.001 0.011 0.001 0.013 0.001 0.004 0.015 0.011 0.001 0.001 0.002 
 128   (0.022) 0.012 0.022 0.021 0.019 0.004 0.022 0.003 0.026 0.003 0.014 0.016 0.007 0.020 0.019 0.002 0.002 0.003 

Locus 10 : 
4 alleles
0.0% missing data
 232   (0.895) 0.940 0.899 0.899 0.915 0.973 0.894 0.924 0.915 0.987 0.918 0.988 0.715 0.915 0.889 0.993 0.989 0.942 
 238   (0.077) 0.046 0.073 0.075 0.063 0.023 0.078 0.073 0.063 0.010 0.061 0.010 0.277 0.060 0.091 0.005 0.009 0.053 
 234   (0.016) 0.008 0.017 0.015 0.013 0.003 0.016 0.002 0.012 0.002 0.014 0.002 0.005 0.016 0.012 0.001 0.001 0.002 
 244   (0.012) 0.006 0.012 0.012 0.009 0.002 0.012 0.001 0.010 0.001 0.007 0.001 0.003 0.009 0.008 0.001 0.001 0.002 

Locus 11 : 
7 alleles
0.0% missing data
 165   (0.761) 0.632 0.765 0.765 0.790 0.928 0.762 0.929 0.779 0.917 0.717 0.923 0.877 0.789 0.804 0.770 0.798 0.779 
 167   (0.075) 0.253 0.068 0.069 0.052 0.022 0.073 0.029 0.054 0.057 0.149 0.009 0.028 0.053 0.048 0.219 0.184 0.014 
 161   (0.114) 0.093 0.121 0.120 0.118 0.041 0.116 0.013 0.133 0.020 0.104 0.062 0.081 0.122 0.119 0.008 0.013 0.200 
 155   (0.012) 0.005 0.011 0.011 0.007 0.002 0.012 0.001 0.008 0.001 0.007 0.001 0.003 0.008 0.007 0.001 0.001 0.002 
 173   (0.012) 0.006 0.012 0.011 0.009 0.002 0.012 0.001 0.008 0.001 0.009 0.001 0.003 0.010 0.008 0.001 0.001 0.002 
 163   (0.013) 0.006 0.012 0.012 0.015 0.002 0.012 0.025 0.009 0.001 0.008 0.001 0.003 0.011 0.007 0.001 0.001 0.002 
 171   (0.012) 0.005 0.011 0.011 0.008 0.002 0.012 0.001 0.008 0.001 0.007 0.001 0.003 0.008 0.007 0.001 0.001 0.001 

Locus 12 : 
8 alleles
0.0% missing data
 137   (0.518) 0.639 0.527 0.499 0.546 0.844 0.518 0.823 0.528 0.408 0.574 0.336 0.551 0.513 0.510 0.454 0.420 0.255 
 140   (0.157) 0.107 0.158 0.183 0.164 0.032 0.158 0.058 0.153 0.210 0.153 0.589 0.079 0.187 0.182 0.015 0.053 0.486 
 134   (0.247) 0.216 0.244 0.247 0.222 0.110 0.248 0.085 0.244 0.372 0.224 0.058 0.309 0.236 0.249 0.525 0.519 0.248 
 149   (0.012) 0.005 0.011 0.011 0.008 0.002 0.012 0.001 0.008 0.002 0.006 0.001 0.003 0.008 0.007 0.001 0.001 0.002 
 143   (0.016) 0.008 0.014 0.014 0.013 0.004 0.016 0.002 0.012 0.002 0.011 0.002 0.038 0.010 0.013 0.002 0.002 0.002 
 128   (0.012) 0.005 0.011 0.011 0.009 0.002 0.012 0.001 0.008 0.001 0.007 0.001 0.008 0.008 0.008 0.001 0.001 0.002 
 125   (0.018) 0.009 0.015 0.016 0.018 0.003 0.017 0.027 0.012 0.002 0.011 0.012 0.005 0.014 0.011 0.001 0.002 0.003 
 146   (0.019) 0.011 0.020 0.018 0.021 0.003 0.019 0.002 0.035 0.002 0.014 0.002 0.007 0.025 0.021 0.001 0.002 0.003 

Locus 13 : 
19 alleles
0.5% missing data
 206   (0.130) 0.117 0.122 0.130 0.121 0.218 0.128 0.141 0.108 0.414 0.113 0.261 0.071 0.110 0.100 0.049 0.029 0.175 
 210   (0.097) 0.066 0.099 0.104 0.099 0.018 0.096 0.020 0.090 0.280 0.094 0.173 0.034 0.109 0.103 0.413 0.042 0.152 
 190   (0.073) 0.052 0.076 0.069 0.069 0.030 0.075 0.123 0.083 0.009 0.060 0.083 0.024 0.071 0.070 0.005 0.012 0.012 
 202   (0.089) 0.174 0.098 0.087 0.098 0.527 0.090 0.012 0.107 0.017 0.138 0.033 0.250 0.103 0.134 0.008 0.014 0.015 
 214   (0.045) 0.023 0.041 0.042 0.036 0.008 0.044 0.005 0.037 0.006 0.028 0.062 0.014 0.035 0.032 0.250 0.145 0.021 
 212   (0.031) 0.021 0.028 0.029 0.049 0.005 0.030 0.433 0.021 0.004 0.023 0.004 0.009 0.028 0.021 0.189 0.004 0.004 
 192   (0.108) 0.083 0.115 0.120 0.121 0.060 0.109 0.036 0.123 0.046 0.109 0.092 0.041 0.142 0.130 0.008 0.013 0.266 
 204   (0.037) 0.022 0.038 0.035 0.037 0.015 0.036 0.015 0.033 0.005 0.031 0.020 0.016 0.036 0.031 0.016 0.061 0.011 
 184   (0.053) 0.030 0.052 0.050 0.057 0.009 0.054 0.089 0.042 0.100 0.043 0.018 0.015 0.051 0.041 0.003 0.006 0.026 
 216   (0.022) 0.012 0.020 0.034 0.020 0.004 0.021 0.002 0.020 0.003 0.018 0.014 0.006 0.026 0.022 0.001 0.002 0.256 
 208   (0.048) 0.029 0.048 0.046 0.047 0.010 0.046 0.047 0.047 0.006 0.042 0.193 0.015 0.046 0.048 0.017 0.005 0.021 
 198   (0.038) 0.025 0.042 0.036 0.043 0.019 0.040 0.005 0.074 0.004 0.030 0.004 0.013 0.048 0.046 0.003 0.004 0.005 
 194   (0.063) 0.217 0.060 0.059 0.053 0.020 0.063 0.011 0.054 0.031 0.130 0.020 0.190 0.048 0.062 0.006 0.591 0.009 
 186   (0.018) 0.011 0.016 0.017 0.011 0.003 0.017 0.002 0.011 0.003 0.010 0.002 0.006 0.011 0.010 0.009 0.052 0.002 
 188   (0.020) 0.011 0.020 0.020 0.017 0.003 0.021 0.002 0.017 0.002 0.014 0.004 0.030 0.016 0.016 0.001 0.002 0.005 
 200   (0.067) 0.068 0.065 0.063 0.065 0.036 0.069 0.031 0.065 0.064 0.069 0.011 0.246 0.060 0.082 0.018 0.012 0.010 
 196   (0.036) 0.026 0.037 0.033 0.038 0.006 0.037 0.022 0.050 0.005 0.028 0.004 0.013 0.037 0.034 0.002 0.004 0.006 
 220   (0.011) 0.006 0.010 0.010 0.007 0.005 0.011 0.001 0.007 0.001 0.006 0.001 0.004 0.007 0.007 0.001 0.001 0.001 
 180   (0.014) 0.007 0.015 0.013 0.012 0.002 0.014 0.001 0.011 0.002 0.013 0.002 0.004 0.015 0.011 0.001 0.001 0.002 

Locus 14 : 
8 alleles
1.1% missing data
 139   (0.077) 0.096 0.074 0.088 0.062 0.039 0.075 0.009 0.056 0.090 0.083 0.011 0.060 0.066 0.067 0.183 0.166 0.233 
 145   (0.062) 0.038 0.060 0.058 0.075 0.012 0.061 0.153 0.049 0.142 0.049 0.011 0.037 0.063 0.048 0.009 0.010 0.024 
 151   (0.297) 0.229 0.300 0.295 0.299 0.351 0.295 0.410 0.271 0.460 0.267 0.663 0.283 0.300 0.306 0.337 0.542 0.184 
 157   (0.359) 0.426 0.370 0.365 0.392 0.470 0.365 0.270 0.452 0.223 0.412 0.273 0.324 0.403 0.401 0.157 0.157 0.484 
 154   (0.101) 0.118 0.098 0.098 0.085 0.018 0.102 0.131 0.091 0.014 0.103 0.029 0.036 0.089 0.079 0.308 0.113 0.059 
 163   (0.042) 0.044 0.041 0.039 0.033 0.098 0.042 0.004 0.033 0.062 0.038 0.005 0.015 0.031 0.029 0.003 0.005 0.006 
 160   (0.032) 0.018 0.029 0.030 0.022 0.006 0.032 0.003 0.022 0.005 0.020 0.003 0.227 0.021 0.047 0.002 0.003 0.004 
 142   (0.030) 0.030 0.029 0.028 0.031 0.006 0.029 0.021 0.026 0.004 0.027 0.004 0.018 0.028 0.023 0.002 0.003 0.005 

Locus 15 : 
13 alleles
1.6% missing data
 256   (0.149) 0.169 0.139 0.146 0.121 0.125 0.147 0.143 0.117 0.164 0.144 0.170 0.156 0.114 0.119 0.076 0.122 0.153 
 262   (0.022) 0.114 0.019 0.021 0.014 0.004 0.021 0.003 0.014 0.270 0.063 0.002 0.011 0.013 0.013 0.001 0.002 0.003 
 246   (0.119) 0.118 0.126 0.121 0.128 0.024 0.119 0.033 0.159 0.178 0.126 0.090 0.108 0.142 0.144 0.008 0.013 0.131 
 258   (0.182) 0.205 0.200 0.197 0.210 0.532 0.183 0.164 0.201 0.025 0.221 0.235 0.170 0.225 0.234 0.014 0.024 0.286 
 254   (0.108) 0.080 0.104 0.103 0.103 0.182 0.110 0.063 0.102 0.013 0.092 0.165 0.074 0.093 0.089 0.159 0.336 0.030 
 250   (0.033) 0.021 0.030 0.030 0.024 0.009 0.032 0.019 0.023 0.004 0.022 0.003 0.012 0.022 0.021 0.644 0.089 0.005 
 242   (0.101) 0.079 0.100 0.093 0.123 0.022 0.101 0.172 0.134 0.188 0.084 0.012 0.067 0.114 0.099 0.072 0.152 0.015 
 252   (0.066) 0.061 0.068 0.064 0.064 0.014 0.066 0.032 0.058 0.113 0.070 0.029 0.026 0.067 0.060 0.007 0.041 0.031 
 248   (0.129) 0.099 0.126 0.140 0.137 0.073 0.127 0.297 0.106 0.023 0.114 0.039 0.340 0.128 0.149 0.011 0.211 0.319 
 260   (0.040) 0.024 0.039 0.038 0.034 0.007 0.041 0.005 0.036 0.005 0.029 0.248 0.021 0.040 0.036 0.003 0.004 0.020 
 264   (0.015) 0.009 0.016 0.014 0.014 0.002 0.015 0.002 0.024 0.002 0.010 0.002 0.005 0.017 0.013 0.001 0.002 0.002 
 244   (0.025) 0.016 0.023 0.023 0.020 0.005 0.025 0.066 0.018 0.015 0.017 0.003 0.008 0.017 0.016 0.002 0.003 0.004 
 276   (0.012) 0.006 0.011 0.011 0.007 0.002 0.012 0.001 0.008 0.001 0.007 0.001 0.003 0.008 0.007 0.001 0.001 0.002 

Values of parameters used in structure:
DATAFILE=G:\Shared drives\Emily_Schumacher\QUAC_analyses\QUAC_structure_wild_relate\QUAC_allpop_relate_red_12_15_21\project_data,	OUTFILE=G:\Shared drives\Emily_Schumacher\QUAC_analyses\QUAC_structure_wild_relate\QUAC_allpop_relate_red_12_15_21\50-100\Results\50-100_run_81,	NUMINDS=188,	NUMLOCI=15,	MISSING=-9,	LABEL=1,	POPDATA=1,	POPFLAG=0,	PHENOTYPE=0,	EXTRACOLS=0,	MAXPOPS=17,	BURNIN=50000,	NUMREPS=100000,	USEPOPINFO=0,	INFERALPHA=1,	INFERLAMBDA=0,	POPSPECIFICLAMBDA=0,	POPALPHAS=0,	COMPUTEPROB=1,	NOADMIX=0,	ADMBURNIN=2500,	UPDATEFREQ=1,	PRINTLIKES=0,	INTERMEDSAVE=0,	PRINTKLD=0,	PRINTNET=0,	PRINTLAMBDA=0,	ANCESTDIST=0,	NUMBOXES=1000,	ANCESTPINT=0.90000,	GENSBACK=2,	MIGRPRIOR=0.05000,	PRINTQHAT=0,	PRINTQSUM=0,	ALPHA=1.0000,	FREQSCORR=1,	FPRIORMEAN=0.0100,	FPRIORSD=0.0500,	ONEFST=0,	LAMBDA=1.0000,	UNIFPRIORALPHA=1,	ALPHAMAX=10.0000,	ALPHAPRIORA=1.0000,	ALPHAPRIORB=2.0000,	ALPHAPROPSD=0.0250,	STARTATPOPINFO=0,	RANDOMIZE=1,	LINKAGE=0,	METROFREQ=10,	REPORTHITRATE=0,	MARKOVPHASE=-1,	PHASED=0,	PLOIDY=2,	PHASEINFO=0	LOCPRIOR=0, 	LOCPRIORINIT=1.000000, 	LOCDATA=0, 	LOCISPOP=0, 	LOCPRIORSTEP=0.100000, 	MAXLOCPRIOR=20.000000, 	SEED=1639612601,	
[STRAT parameters]:    NUMSIMSTATS=1000,	PHENOTYPECOL=-9,	POOLFREQ=10,	LOCUSxONLY=0,	EMERROR=0.00100,	MISSINGPHENO=-9,	