

----------------------------------------------------
STRUCTURE by Pritchard, Stephens and Donnelly (2000)
     and Falush, Stephens and Pritchard (2003)
       Code by Pritchard, Falush and Hubisz
             Version 2.3.4 (Jul 2012)
----------------------------------------------------



Command line arguments:   bin\structure -m G:\Shared drives\Emily_Schumacher\QUAC_analyses\QUAC_structure_wild_relate\QUAC_allpop_relate_red_12_15_21\50-100\mainparams -e G:\Shared drives\Emily_Schumacher\QUAC_analyses\QUAC_structure_wild_relate\QUAC_allpop_relate_red_12_15_21\50-100\extraparams 
Input File:    G:\Shared drives\Emily_Schumacher\QUAC_analyses\QUAC_structure_wild_relate\QUAC_allpop_relate_red_12_15_21\project_data

Run parameters:
   188 individuals
   15 loci
   18 populations assumed
   50000 Burn-in period
   100000 Reps


--------------------------------------------
Proportion of membership of each pre-defined
 population in each of the 18 clusters

Given    Inferred Clusters                                                                                                                Number of
 Pop       1      2      3      4      5      6      7      8      9     10     11     12     13     14     15     16     17     18      Individuals

  1:     0.004  0.009  0.004  0.858  0.007  0.005  0.015  0.009  0.009  0.005  0.009  0.006  0.009  0.010  0.009  0.016  0.008  0.006        2
  2:     0.008  0.029  0.020  0.036  0.021  0.034  0.103  0.026  0.038  0.184  0.025  0.075  0.034  0.030  0.026  0.265  0.027  0.019       17
  3:     0.087  0.041  0.027  0.054  0.025  0.018  0.203  0.039  0.042  0.014  0.037  0.094  0.048  0.039  0.039  0.145  0.038  0.011       19
  4:     0.014  0.054  0.067  0.105  0.033  0.022  0.315  0.044  0.054  0.012  0.047  0.011  0.059  0.052  0.041  0.009  0.044  0.016       10
  5:     0.006  0.013  0.026  0.009  0.011  0.011  0.013  0.013  0.013  0.005  0.014  0.253  0.014  0.014  0.013  0.551  0.013  0.008        2
  6:     0.100  0.029  0.006  0.008  0.023  0.023  0.408  0.031  0.028  0.142  0.030  0.016  0.040  0.031  0.032  0.007  0.033  0.012        2
  7:     0.019  0.055  0.007  0.009  0.033  0.116  0.006  0.048  0.067  0.011  0.059  0.232  0.047  0.053  0.052  0.123  0.047  0.017        1
  8:     0.005  0.007  0.007  0.007  0.008  0.011  0.008  0.007  0.007  0.005  0.007  0.036  0.007  0.007  0.007  0.848  0.007  0.009        1
  9:     0.011  0.101  0.005  0.005  0.075  0.049  0.008  0.128  0.052  0.005  0.092  0.044  0.080  0.076  0.083  0.004  0.118  0.063        1
 10:     0.355  0.048  0.011  0.006  0.039  0.021  0.008  0.061  0.033  0.133  0.063  0.008  0.046  0.047  0.057  0.012  0.039  0.012        6
 11:     0.139  0.047  0.039  0.013  0.037  0.030  0.104  0.050  0.044  0.081  0.051  0.110  0.049  0.051  0.051  0.039  0.045  0.020       16
 12:     0.009  0.048  0.017  0.014  0.240  0.017  0.012  0.045  0.031  0.003  0.048  0.007  0.040  0.053  0.053  0.020  0.049  0.293        1
 13:     0.018  0.039  0.392  0.023  0.028  0.019  0.153  0.035  0.042  0.012  0.035  0.014  0.049  0.036  0.036  0.013  0.039  0.017       33
 14:     0.151  0.021  0.009  0.010  0.017  0.095  0.016  0.019  0.040  0.086  0.020  0.349  0.024  0.021  0.019  0.069  0.020  0.015       21
 15:     0.012  0.019  0.013  0.688  0.015  0.037  0.019  0.020  0.026  0.024  0.019  0.012  0.019  0.020  0.019  0.009  0.019  0.010       14
 16:     0.010  0.027  0.015  0.012  0.196  0.017  0.016  0.028  0.024  0.009  0.025  0.017  0.026  0.029  0.026  0.012  0.054  0.456       35
 17:     0.010  0.109  0.010  0.009  0.064  0.048  0.018  0.117  0.070  0.006  0.101  0.010  0.089  0.084  0.107  0.012  0.113  0.024        7
--------------------------------------------

Allele-freq. divergence among pops (Net nucleotide distance),
computed using point estimates of P.

      1       2       3       4       5       6       7       8       9      10      11      12      13      14      15      16      17      18      
 1      -    0.0326  0.0937  0.0884  0.0363  0.0467  0.0687  0.0321  0.0323  0.0709  0.0312  0.0808  0.0330  0.0327  0.0320  0.1172  0.0344  0.0585  
 2   0.0326     -    0.0463  0.0443  0.0052  0.0252  0.0321  0.0001  0.0013  0.0557  0.0003  0.0559  0.0003  0.0001  0.0001  0.0829  0.0003  0.0252  
 3   0.0937  0.0463     -    0.0930  0.0561  0.0891  0.0584  0.0476  0.0486  0.1042  0.0473  0.1091  0.0437  0.0461  0.0469  0.1330  0.0475  0.0814  
 4   0.0884  0.0443  0.0930     -    0.0507  0.0734  0.0827  0.0437  0.0466  0.1064  0.0431  0.0934  0.0451  0.0447  0.0437  0.1140  0.0451  0.0721  
 5   0.0363  0.0052  0.0561  0.0507     -    0.0286  0.0434  0.0048  0.0067  0.0598  0.0045  0.0582  0.0059  0.0050  0.0047  0.0901  0.0042  0.0089  
 6   0.0467  0.0252  0.0891  0.0734  0.0286     -    0.0665  0.0249  0.0164  0.0724  0.0240  0.0739  0.0265  0.0253  0.0248  0.1080  0.0265  0.0493  
 7   0.0687  0.0321  0.0584  0.0827  0.0434  0.0665     -    0.0330  0.0322  0.1004  0.0331  0.0945  0.0280  0.0326  0.0327  0.1032  0.0322  0.0669  
 8   0.0321  0.0001  0.0476  0.0437  0.0048  0.0249  0.0330     -    0.0015  0.0560  0.0001  0.0543  0.0006  0.0002  0.0000  0.0829  0.0004  0.0242  
 9   0.0323  0.0013  0.0486  0.0466  0.0067  0.0164  0.0322  0.0015     -    0.0552  0.0015  0.0569  0.0013  0.0013  0.0015  0.0829  0.0019  0.0275  
10   0.0709  0.0557  0.1042  0.1064  0.0598  0.0724  0.1004  0.0560  0.0552     -    0.0547  0.1043  0.0567  0.0547  0.0552  0.1443  0.0566  0.0798  
11   0.0312  0.0003  0.0473  0.0431  0.0045  0.0240  0.0331  0.0001  0.0015  0.0547     -    0.0534  0.0007  0.0004  0.0001  0.0814  0.0007  0.0238  
12   0.0808  0.0559  0.1091  0.0934  0.0582  0.0739  0.0945  0.0543  0.0569  0.1043  0.0534     -    0.0561  0.0564  0.0546  0.0910  0.0554  0.0699  
13   0.0330  0.0003  0.0437  0.0451  0.0059  0.0265  0.0280  0.0006  0.0013  0.0567  0.0007  0.0561     -    0.0004  0.0005  0.0805  0.0007  0.0261  
14   0.0327  0.0001  0.0461  0.0447  0.0050  0.0253  0.0326  0.0002  0.0013  0.0547  0.0004  0.0564  0.0004     -    0.0002  0.0833  0.0004  0.0247  
15   0.0320  0.0001  0.0469  0.0437  0.0047  0.0248  0.0327  0.0000  0.0015  0.0552  0.0001  0.0546  0.0005  0.0002     -    0.0822  0.0004  0.0243  
16   0.1172  0.0829  0.1330  0.1140  0.0901  0.1080  0.1032  0.0829  0.0829  0.1443  0.0814  0.0910  0.0805  0.0833  0.0822     -    0.0845  0.1117  
17   0.0344  0.0003  0.0475  0.0451  0.0042  0.0265  0.0322  0.0004  0.0019  0.0566  0.0007  0.0554  0.0007  0.0004  0.0004  0.0845     -    0.0213  
18   0.0585  0.0252  0.0814  0.0721  0.0089  0.0493  0.0669  0.0242  0.0275  0.0798  0.0238  0.0699  0.0261  0.0247  0.0243  0.1117  0.0213     -    

Average distances (expected heterozygosity) between individuals in same cluster:
cluster  1  : 0.6001 
cluster  2  : 0.6350 
cluster  3  : 0.5125 
cluster  4  : 0.5313 
cluster  5  : 0.6140 
cluster  6  : 0.6352 
cluster  7  : 0.5177 
cluster  8  : 0.6393 
cluster  9  : 0.6376 
cluster 10  : 0.5188 
cluster 11  : 0.6435 
cluster 12  : 0.5084 
cluster 13  : 0.6287 
cluster 14  : 0.6324 
cluster 15  : 0.6396 
cluster 16  : 0.4280 
cluster 17  : 0.6233 
cluster 18  : 0.5431 

--------------------------------------------
Estimated Ln Prob of Data   = -9458.4
Mean value of ln likelihood = -7016.3
Variance of ln likelihood   = 4884.2
Mean value of alpha         = 0.0397

Mean value of Fst_1         = 0.1602
Mean value of Fst_2         = 0.0377
Mean value of Fst_3         = 0.2291
Mean value of Fst_4         = 0.2098
Mean value of Fst_5         = 0.0724
Mean value of Fst_6         = 0.1921
Mean value of Fst_7         = 0.2093
Mean value of Fst_8         = 0.0270
Mean value of Fst_9         = 0.0877
Mean value of Fst_10         = 0.2669
Mean value of Fst_11         = 0.0012
Mean value of Fst_12         = 0.2577
Mean value of Fst_13         = 0.0550
Mean value of Fst_14         = 0.0556
Mean value of Fst_15         = 0.0253
Mean value of Fst_16         = 0.4081
Mean value of Fst_17         = 0.0751
Mean value of Fst_18         = 0.1705


Inferred ancestry of individuals:
        Label (%Miss) Pop:  Inferred clusters
  1 QAc-G-0029    (0)    1 :  0.005 0.013 0.005 0.799 0.008 0.007 0.026 0.013 0.014 0.006 0.013 0.006 0.014 0.015 0.013 0.027 0.012 0.005 
  2 QAc-G-0030    (0)    1 :  0.003 0.005 0.004 0.917 0.005 0.004 0.004 0.005 0.005 0.005 0.005 0.007 0.005 0.005 0.005 0.004 0.005 0.006 
  3 QAc-G-0062    (0)    2 :  0.009 0.021 0.005 0.006 0.031 0.037 0.006 0.024 0.027 0.395 0.022 0.259 0.019 0.031 0.025 0.031 0.021 0.030 
  4 QAc-G-0063    (0)    2 :  0.010 0.033 0.018 0.006 0.022 0.019 0.025 0.029 0.029 0.011 0.031 0.049 0.028 0.035 0.029 0.582 0.026 0.019 
  5 QAc-G-0064    (0)    2 :  0.006 0.006 0.004 0.005 0.006 0.005 0.006 0.006 0.006 0.879 0.007 0.025 0.006 0.006 0.007 0.007 0.006 0.007 
  6 QAc-G-0065    (0)    2 :  0.010 0.005 0.004 0.007 0.004 0.004 0.005 0.005 0.004 0.919 0.005 0.003 0.005 0.005 0.005 0.003 0.004 0.003 
  7 QAc-G-0066    (0)    2 :  0.003 0.004 0.004 0.005 0.004 0.004 0.004 0.004 0.004 0.003 0.004 0.005 0.004 0.004 0.004 0.934 0.004 0.004 
  8 QAc-G-0067    (0)    2 :  0.012 0.016 0.009 0.017 0.010 0.008 0.013 0.015 0.014 0.791 0.016 0.004 0.016 0.015 0.016 0.005 0.014 0.008 
  9 QAc-G-0068    (0)    2 :  0.023 0.005 0.004 0.005 0.007 0.352 0.003 0.005 0.094 0.007 0.005 0.006 0.007 0.005 0.004 0.452 0.005 0.009 
 10 QAc-G-0070    (0)    2 :  0.005 0.022 0.007 0.011 0.033 0.019 0.009 0.019 0.021 0.020 0.022 0.127 0.020 0.022 0.021 0.480 0.029 0.113 
 11 QAc-G-0071   (13)    2 :  0.005 0.006 0.003 0.008 0.005 0.005 0.008 0.006 0.006 0.003 0.006 0.034 0.006 0.006 0.006 0.876 0.006 0.006 
 12 QAc-G-0072    (0)    2 :  0.004 0.005 0.005 0.005 0.006 0.006 0.005 0.005 0.005 0.004 0.005 0.004 0.005 0.005 0.005 0.916 0.005 0.006 
 13 QAc-G-0073    (0)    2 :  0.004 0.042 0.015 0.010 0.018 0.009 0.541 0.026 0.086 0.004 0.021 0.004 0.087 0.044 0.027 0.005 0.044 0.013 
 14 QAc-G-0074    (0)    2 :  0.006 0.043 0.023 0.005 0.033 0.014 0.360 0.038 0.035 0.005 0.041 0.045 0.057 0.040 0.035 0.157 0.041 0.020 
 15 QAc-G-0075    (0)    2 :  0.008 0.030 0.033 0.017 0.017 0.012 0.654 0.028 0.024 0.010 0.024 0.012 0.033 0.027 0.026 0.012 0.025 0.008 
 16 QAc-G-0076    (0)    2 :  0.005 0.092 0.096 0.008 0.036 0.014 0.079 0.054 0.151 0.033 0.053 0.005 0.140 0.074 0.063 0.010 0.080 0.008 
 17 QAc-G-0080    (0)    2 :  0.007 0.050 0.004 0.479 0.032 0.024 0.013 0.049 0.036 0.024 0.060 0.018 0.049 0.036 0.051 0.009 0.048 0.010 
 18 QAc-G-0081    (0)    2 :  0.008 0.103 0.012 0.008 0.076 0.030 0.005 0.104 0.083 0.006 0.084 0.012 0.081 0.137 0.105 0.005 0.091 0.051 
 19 QAc-G-0083    (0)    2 :  0.006 0.014 0.093 0.015 0.015 0.007 0.022 0.016 0.018 0.010 0.015 0.657 0.019 0.020 0.016 0.027 0.017 0.013 
 20 QAc-G-0285    (0)    3 :  0.011 0.007 0.005 0.010 0.007 0.007 0.005 0.007 0.007 0.004 0.008 0.818 0.007 0.007 0.007 0.070 0.007 0.006 
 21 QAc-G-0287    (0)    3 :  0.003 0.003 0.003 0.003 0.003 0.003 0.004 0.003 0.003 0.003 0.003 0.004 0.003 0.003 0.003 0.944 0.003 0.003 
 22 QAc-G-0288    (6)    3 :  0.006 0.007 0.007 0.015 0.008 0.009 0.007 0.007 0.007 0.005 0.007 0.005 0.007 0.007 0.007 0.874 0.007 0.008 
 23 QAc-G-0292    (0)    3 :  0.008 0.012 0.005 0.005 0.012 0.010 0.005 0.011 0.013 0.007 0.009 0.706 0.010 0.011 0.009 0.146 0.010 0.012 
 24 QAc-G-0294    (0)    3 :  0.010 0.115 0.050 0.016 0.041 0.025 0.053 0.065 0.130 0.018 0.055 0.004 0.118 0.123 0.063 0.005 0.100 0.008 
 25 QAc-G-0295    (0)    3 :  0.007 0.039 0.031 0.021 0.022 0.011 0.446 0.047 0.089 0.019 0.028 0.022 0.066 0.050 0.038 0.017 0.043 0.006 
 26 QAc-G-0296    (0)    3 :  0.006 0.041 0.053 0.004 0.020 0.010 0.463 0.024 0.077 0.039 0.024 0.013 0.103 0.034 0.030 0.007 0.044 0.008 
 27 QAc-G-0297    (0)    3 :  0.015 0.074 0.036 0.005 0.051 0.026 0.192 0.097 0.056 0.003 0.098 0.004 0.088 0.080 0.095 0.003 0.069 0.009 
 28 QAc-G-0298    (6)    3 :  0.006 0.019 0.011 0.017 0.012 0.009 0.753 0.019 0.021 0.008 0.013 0.016 0.031 0.020 0.018 0.004 0.019 0.005 
 29 QAc-G-0299    (0)    3 :  0.010 0.015 0.116 0.005 0.008 0.009 0.690 0.012 0.018 0.005 0.012 0.005 0.041 0.013 0.012 0.010 0.014 0.005 
 30 QAc-G-0300    (0)    3 :  0.012 0.055 0.092 0.005 0.026 0.014 0.363 0.031 0.086 0.039 0.027 0.004 0.093 0.039 0.041 0.005 0.052 0.015 
 31 QAc-G-0301    (0)    3 :  0.006 0.010 0.018 0.007 0.008 0.006 0.790 0.010 0.013 0.039 0.011 0.011 0.021 0.010 0.011 0.012 0.010 0.006 
 32 QAc-G-0302    (0)    3 :  0.758 0.020 0.024 0.005 0.014 0.018 0.011 0.019 0.018 0.004 0.019 0.006 0.017 0.017 0.020 0.005 0.021 0.005 
 33 QAc-G-0303    (0)    3 :  0.730 0.018 0.004 0.007 0.019 0.031 0.004 0.019 0.020 0.011 0.020 0.013 0.018 0.019 0.019 0.005 0.016 0.027 
 34 QAc-G-0305    (0)    3 :  0.027 0.020 0.004 0.021 0.015 0.034 0.006 0.021 0.022 0.006 0.019 0.089 0.019 0.017 0.020 0.623 0.020 0.017 
 35 QAc-G-0307    (0)    3 :  0.007 0.009 0.005 0.842 0.013 0.007 0.007 0.011 0.008 0.005 0.011 0.010 0.009 0.010 0.012 0.004 0.011 0.017 
 36 QAc-G-0313    (0)    3 :  0.005 0.102 0.007 0.010 0.066 0.038 0.008 0.119 0.062 0.018 0.129 0.050 0.079 0.088 0.108 0.010 0.087 0.013 
 37 QAc-G-0314    (0)    3 :  0.011 0.098 0.028 0.010 0.063 0.037 0.044 0.107 0.078 0.010 0.106 0.003 0.093 0.112 0.099 0.004 0.085 0.013 
 38 QAc-G-0316    (0)    3 :  0.005 0.114 0.012 0.023 0.068 0.041 0.008 0.104 0.068 0.014 0.093 0.007 0.081 0.085 0.125 0.009 0.108 0.035 
 39 QAc-G-0033    (0)    4 :  0.006 0.010 0.170 0.007 0.008 0.006 0.680 0.008 0.013 0.011 0.008 0.004 0.029 0.010 0.009 0.005 0.010 0.006 
 40 QAc-G-0034    (0)    4 :  0.010 0.011 0.009 0.024 0.010 0.006 0.802 0.010 0.015 0.009 0.011 0.004 0.025 0.010 0.009 0.004 0.012 0.017 
 41 QAc-G-0035    (0)    4 :  0.009 0.074 0.380 0.014 0.028 0.014 0.024 0.050 0.067 0.025 0.037 0.013 0.061 0.083 0.042 0.015 0.056 0.008 
 42 QAc-G-0036    (0)    4 :  0.004 0.011 0.009 0.006 0.010 0.007 0.819 0.011 0.012 0.013 0.010 0.008 0.024 0.012 0.012 0.013 0.011 0.008 
 43 QAc-G-0039    (0)    4 :  0.012 0.128 0.028 0.035 0.045 0.019 0.027 0.083 0.115 0.009 0.051 0.005 0.092 0.152 0.069 0.009 0.107 0.015 
 44 QAc-G-0040    (0)    4 :  0.012 0.101 0.035 0.011 0.071 0.016 0.053 0.062 0.117 0.008 0.060 0.045 0.110 0.080 0.063 0.016 0.084 0.055 
 45 QAc-G-0045    (0)    4 :  0.005 0.016 0.024 0.013 0.007 0.006 0.721 0.007 0.038 0.007 0.007 0.004 0.083 0.009 0.014 0.010 0.023 0.006 
 46 QAc-G-0050    (0)    4 :  0.062 0.091 0.004 0.085 0.061 0.092 0.005 0.094 0.069 0.006 0.120 0.015 0.072 0.068 0.082 0.011 0.055 0.010 
 47 QAc-G-0052    (0)    4 :  0.005 0.012 0.005 0.820 0.013 0.008 0.006 0.013 0.012 0.019 0.013 0.004 0.013 0.018 0.012 0.004 0.014 0.009 
 48 QAc-G-0056    (0)    4 :  0.017 0.091 0.007 0.037 0.079 0.042 0.008 0.103 0.079 0.010 0.156 0.006 0.081 0.082 0.103 0.007 0.069 0.024 
 49 QAc-G-0276    (0)    5 :  0.005 0.012 0.020 0.009 0.010 0.010 0.014 0.012 0.012 0.003 0.013 0.489 0.014 0.013 0.012 0.329 0.013 0.010 
 50 QAc-G-0280    (6)    5 :  0.007 0.014 0.033 0.008 0.013 0.013 0.011 0.014 0.015 0.006 0.015 0.017 0.014 0.014 0.014 0.772 0.013 0.007 
 51 QAc-G-0018    (0)    6 :  0.015 0.012 0.008 0.012 0.008 0.018 0.801 0.011 0.017 0.006 0.011 0.004 0.030 0.011 0.011 0.006 0.012 0.006 
 52 QAc-G-0017    (0)    6 :  0.185 0.046 0.004 0.004 0.037 0.027 0.015 0.051 0.040 0.278 0.050 0.027 0.050 0.052 0.053 0.009 0.054 0.017 
 53 QAc-G-0250    (0)    7 :  0.019 0.055 0.007 0.009 0.033 0.116 0.006 0.048 0.067 0.011 0.059 0.232 0.047 0.053 0.052 0.123 0.047 0.017 
 54 QAc-G-0003    (6)    8 :  0.005 0.007 0.007 0.007 0.008 0.011 0.008 0.007 0.007 0.005 0.007 0.036 0.007 0.007 0.007 0.848 0.007 0.009 
 55 QAc-G-0283    (0)    9 :  0.011 0.101 0.005 0.005 0.075 0.049 0.008 0.128 0.052 0.005 0.092 0.044 0.080 0.076 0.083 0.004 0.118 0.063 
 56 QAc-G-0255    (0)   10 :  0.516 0.048 0.032 0.004 0.025 0.028 0.008 0.052 0.033 0.009 0.039 0.006 0.053 0.048 0.046 0.005 0.041 0.007 
 57 QAc-G-0256    (0)   10 :  0.853 0.008 0.009 0.006 0.006 0.007 0.008 0.007 0.007 0.018 0.007 0.014 0.009 0.007 0.007 0.016 0.008 0.005 
 58 QAc-G-0257    (0)   10 :  0.688 0.022 0.004 0.010 0.019 0.015 0.006 0.023 0.016 0.079 0.019 0.006 0.019 0.019 0.020 0.003 0.018 0.015 
 59 QAc-G-0259    (0)   10 :  0.014 0.100 0.007 0.003 0.088 0.025 0.003 0.157 0.046 0.003 0.173 0.002 0.083 0.083 0.131 0.003 0.067 0.011 
 60 QAc-G-0260    (0)   10 :  0.049 0.065 0.009 0.009 0.065 0.028 0.010 0.079 0.065 0.154 0.093 0.015 0.073 0.072 0.087 0.044 0.055 0.028 
 61 QAc-G-0261    (0)   10 :  0.013 0.048 0.004 0.006 0.029 0.025 0.011 0.048 0.033 0.536 0.048 0.006 0.039 0.051 0.050 0.004 0.043 0.006 
 62 QAc-G-0109    (0)   11 :  0.352 0.053 0.004 0.013 0.042 0.024 0.019 0.061 0.045 0.050 0.064 0.010 0.048 0.048 0.060 0.005 0.066 0.036 
 63 QAc-G-0113    (0)   11 :  0.584 0.026 0.005 0.020 0.018 0.070 0.012 0.023 0.033 0.023 0.028 0.049 0.021 0.022 0.025 0.011 0.022 0.007 
 64 QAc-G-0114    (0)   11 :  0.553 0.029 0.092 0.007 0.021 0.018 0.021 0.037 0.025 0.004 0.040 0.007 0.030 0.037 0.035 0.010 0.026 0.006 
 65 QAc-G-0117    (0)   11 :  0.105 0.074 0.040 0.012 0.041 0.069 0.061 0.057 0.074 0.072 0.065 0.044 0.082 0.064 0.056 0.006 0.066 0.012 
 66 QAc-G-0120    (0)   11 :  0.215 0.068 0.012 0.008 0.062 0.034 0.013 0.099 0.052 0.008 0.122 0.010 0.068 0.069 0.081 0.004 0.061 0.014 
 67 QAc-G-0125    (0)   11 :  0.020 0.024 0.005 0.035 0.026 0.011 0.004 0.026 0.020 0.622 0.026 0.058 0.021 0.019 0.026 0.016 0.023 0.019 
 68 QAc-G-0141    (0)   11 :  0.062 0.078 0.013 0.023 0.053 0.067 0.033 0.084 0.085 0.022 0.082 0.015 0.089 0.082 0.076 0.020 0.091 0.026 
 69 QAc-G-0143    (0)   11 :  0.005 0.094 0.004 0.006 0.070 0.045 0.008 0.101 0.066 0.003 0.082 0.004 0.108 0.141 0.158 0.006 0.093 0.004 
 70 QAc-G-0147    (0)   11 :  0.064 0.038 0.009 0.009 0.055 0.035 0.026 0.046 0.043 0.366 0.053 0.033 0.043 0.044 0.041 0.005 0.042 0.047 
 71 QAc-G-0174    (0)   11 :  0.004 0.005 0.004 0.006 0.005 0.006 0.007 0.005 0.005 0.004 0.005 0.857 0.005 0.005 0.005 0.064 0.005 0.004 
 72 QAc-G-0182    (0)   11 :  0.006 0.006 0.004 0.003 0.006 0.005 0.004 0.006 0.006 0.011 0.007 0.640 0.007 0.007 0.006 0.264 0.006 0.005 
 73 QAc-G-0188    (0)   11 :  0.205 0.065 0.016 0.004 0.038 0.034 0.006 0.078 0.046 0.007 0.062 0.012 0.059 0.063 0.059 0.192 0.045 0.007 
 74 QAc-G-0229    (0)   11 :  0.009 0.012 0.006 0.007 0.012 0.008 0.824 0.012 0.009 0.004 0.010 0.009 0.022 0.011 0.013 0.005 0.013 0.013 
 75 QAc-G-0233    (0)   11 :  0.005 0.060 0.290 0.030 0.061 0.017 0.014 0.072 0.044 0.010 0.075 0.004 0.057 0.072 0.062 0.006 0.044 0.077 
 76 QAc-G-0237    (0)   11 :  0.024 0.023 0.028 0.021 0.018 0.009 0.588 0.017 0.052 0.049 0.021 0.007 0.038 0.032 0.028 0.009 0.026 0.012 
 77 QAc-G-0243    (0)   11 :  0.007 0.096 0.096 0.012 0.061 0.025 0.016 0.081 0.094 0.044 0.067 0.007 0.085 0.096 0.084 0.003 0.096 0.027 
 78 QAc-G-0249    (0)   12 :  0.009 0.048 0.017 0.014 0.240 0.017 0.012 0.045 0.031 0.003 0.048 0.007 0.040 0.053 0.053 0.020 0.049 0.293 
 79 QAc-W-0001    (0)   13 :  0.014 0.009 0.836 0.005 0.008 0.005 0.036 0.008 0.008 0.015 0.009 0.003 0.011 0.008 0.009 0.003 0.009 0.005 
 80 QAc-W-0002    (0)   13 :  0.026 0.034 0.020 0.006 0.026 0.015 0.561 0.026 0.039 0.004 0.028 0.008 0.059 0.029 0.038 0.034 0.036 0.013 
 81 QAc-W-0003    (0)   13 :  0.016 0.014 0.759 0.019 0.011 0.012 0.017 0.014 0.016 0.011 0.014 0.024 0.015 0.016 0.015 0.007 0.014 0.006 
 82 QAc-W-0004    (0)   13 :  0.004 0.005 0.897 0.007 0.005 0.004 0.016 0.005 0.006 0.004 0.005 0.004 0.006 0.006 0.006 0.008 0.006 0.005 
 83 QAc-W-0005    (0)   13 :  0.005 0.006 0.894 0.004 0.007 0.005 0.007 0.007 0.007 0.005 0.006 0.006 0.008 0.007 0.007 0.005 0.007 0.007 
 84 QAc-W-0007   (13)   13 :  0.005 0.007 0.881 0.005 0.007 0.005 0.015 0.007 0.008 0.006 0.007 0.005 0.008 0.008 0.007 0.005 0.007 0.007 
 85 QAc-W-0008    (6)   13 :  0.008 0.029 0.671 0.004 0.020 0.021 0.015 0.025 0.027 0.004 0.031 0.006 0.029 0.025 0.031 0.005 0.028 0.020 
 86 QAc-W-0009    (0)   13 :  0.166 0.064 0.019 0.009 0.055 0.025 0.108 0.072 0.086 0.011 0.070 0.007 0.075 0.070 0.063 0.020 0.056 0.024 
 87 QAc-W-0010    (0)   13 :  0.018 0.022 0.684 0.005 0.022 0.011 0.012 0.019 0.020 0.031 0.019 0.017 0.020 0.025 0.019 0.007 0.022 0.026 
 88 QAc-W-0011    (0)   13 :  0.012 0.051 0.387 0.014 0.027 0.015 0.069 0.038 0.069 0.011 0.041 0.014 0.072 0.047 0.041 0.036 0.046 0.009 
 89 QAc-W-0012    (0)   13 :  0.010 0.021 0.623 0.011 0.018 0.016 0.096 0.019 0.026 0.010 0.026 0.006 0.028 0.021 0.023 0.014 0.018 0.013 
 90 QAc-W-0013    (0)   13 :  0.048 0.063 0.015 0.142 0.027 0.014 0.204 0.039 0.099 0.009 0.037 0.007 0.125 0.046 0.038 0.014 0.066 0.007 
 91 QAc-W-0014    (0)   13 :  0.004 0.012 0.829 0.005 0.012 0.006 0.017 0.011 0.012 0.005 0.010 0.010 0.012 0.011 0.011 0.003 0.012 0.016 
 92 QAc-W-0015    (0)   13 :  0.012 0.040 0.012 0.014 0.020 0.013 0.378 0.026 0.057 0.004 0.023 0.138 0.095 0.037 0.035 0.018 0.054 0.023 
 93 QAc-W-0017    (0)   13 :  0.014 0.089 0.010 0.022 0.063 0.046 0.040 0.088 0.071 0.006 0.084 0.038 0.103 0.077 0.092 0.009 0.105 0.041 
 94 QAc-W-0018    (0)   13 :  0.023 0.059 0.355 0.036 0.046 0.038 0.021 0.055 0.048 0.014 0.059 0.004 0.051 0.059 0.057 0.005 0.059 0.013 
 95 QAc-W-0020    (0)   13 :  0.004 0.023 0.772 0.004 0.011 0.011 0.007 0.019 0.015 0.011 0.020 0.005 0.020 0.023 0.024 0.004 0.021 0.004 
 96 QAc-W-0021    (0)   13 :  0.019 0.066 0.289 0.094 0.044 0.025 0.019 0.059 0.056 0.008 0.061 0.003 0.060 0.057 0.058 0.010 0.057 0.014 
 97 QAc-W-0022    (0)   13 :  0.007 0.092 0.022 0.010 0.053 0.033 0.105 0.084 0.078 0.008 0.080 0.025 0.100 0.090 0.081 0.014 0.085 0.031 
 98 QAc-W-0023    (6)   13 :  0.028 0.066 0.096 0.020 0.052 0.021 0.143 0.065 0.095 0.033 0.055 0.005 0.088 0.070 0.064 0.003 0.070 0.026 
 99 QAc-W-0024    (0)   13 :  0.012 0.057 0.321 0.089 0.039 0.021 0.022 0.056 0.036 0.006 0.050 0.005 0.053 0.044 0.063 0.050 0.063 0.012 
100 QAc-W-0025    (0)   13 :  0.011 0.025 0.340 0.017 0.019 0.012 0.356 0.028 0.027 0.004 0.026 0.004 0.033 0.027 0.025 0.007 0.024 0.012 
101 QAc-W-0026    (0)   13 :  0.016 0.033 0.429 0.073 0.033 0.018 0.048 0.035 0.029 0.024 0.042 0.015 0.041 0.029 0.039 0.044 0.027 0.025 
102 QAc-W-0027    (0)   13 :  0.013 0.017 0.080 0.005 0.015 0.010 0.718 0.016 0.017 0.004 0.016 0.004 0.025 0.016 0.015 0.006 0.015 0.011 
103 QAc-W-0028    (0)   13 :  0.007 0.028 0.584 0.004 0.019 0.010 0.125 0.028 0.025 0.004 0.020 0.008 0.032 0.026 0.027 0.008 0.035 0.010 
104 QAc-W-0029    (0)   13 :  0.014 0.052 0.257 0.007 0.022 0.025 0.226 0.026 0.090 0.024 0.024 0.003 0.090 0.044 0.030 0.003 0.058 0.006 
105 QAc-W-0032    (0)   13 :  0.004 0.012 0.824 0.007 0.010 0.005 0.022 0.011 0.011 0.026 0.009 0.003 0.014 0.011 0.010 0.003 0.011 0.008 
106 QAc-W-0033    (0)   13 :  0.012 0.088 0.130 0.012 0.059 0.069 0.019 0.075 0.078 0.030 0.098 0.008 0.071 0.077 0.080 0.004 0.066 0.022 
107 QAc-W-0035    (0)   13 :  0.005 0.039 0.111 0.018 0.036 0.027 0.403 0.040 0.053 0.008 0.043 0.013 0.042 0.046 0.039 0.020 0.035 0.021 
108 QAc-W-0037    (0)   13 :  0.006 0.012 0.023 0.014 0.010 0.009 0.780 0.011 0.023 0.017 0.011 0.005 0.024 0.012 0.014 0.009 0.011 0.007 
109 QAc-W-0038    (0)   13 :  0.013 0.079 0.134 0.006 0.050 0.028 0.080 0.083 0.060 0.011 0.064 0.032 0.088 0.072 0.080 0.008 0.101 0.011 
110 QAc-W-0040    (0)   13 :  0.008 0.022 0.602 0.014 0.058 0.008 0.014 0.022 0.017 0.018 0.023 0.009 0.021 0.021 0.023 0.010 0.025 0.084 
111 QAc-W-0041    (0)   13 :  0.031 0.048 0.035 0.055 0.024 0.031 0.360 0.033 0.080 0.006 0.032 0.005 0.105 0.028 0.035 0.030 0.051 0.010 
112 QAc-W-0042    (0)   14 :  0.365 0.019 0.006 0.017 0.013 0.045 0.016 0.013 0.033 0.310 0.014 0.012 0.035 0.027 0.017 0.031 0.021 0.007 
113 QAc-W-0044    (0)   14 :  0.087 0.055 0.009 0.005 0.025 0.026 0.080 0.029 0.076 0.159 0.026 0.078 0.100 0.065 0.037 0.040 0.065 0.039 
114 QAc-W-0045    (0)   14 :  0.719 0.018 0.006 0.008 0.013 0.053 0.012 0.016 0.023 0.026 0.018 0.007 0.019 0.018 0.014 0.010 0.014 0.005 
115 QAc-W-0048    (0)   14 :  0.653 0.027 0.012 0.015 0.017 0.013 0.014 0.022 0.017 0.076 0.025 0.006 0.022 0.026 0.023 0.005 0.020 0.006 
116 QAc-W-0050    (0)   14 :  0.189 0.021 0.004 0.006 0.018 0.449 0.008 0.020 0.126 0.020 0.022 0.006 0.025 0.020 0.023 0.010 0.024 0.010 
117 QAc-W-0051    (0)   14 :  0.100 0.015 0.007 0.015 0.008 0.497 0.006 0.013 0.132 0.085 0.014 0.040 0.014 0.014 0.015 0.006 0.013 0.005 
118 QAc-W-0052    (0)   14 :  0.007 0.005 0.010 0.003 0.004 0.004 0.005 0.005 0.005 0.911 0.005 0.006 0.005 0.005 0.005 0.006 0.005 0.004 
119 QAc-W-0053    (0)   14 :  0.817 0.014 0.008 0.005 0.011 0.014 0.008 0.013 0.014 0.017 0.013 0.007 0.012 0.011 0.013 0.005 0.011 0.007 
120 QAc-W-0054    (0)   14 :  0.036 0.060 0.008 0.008 0.046 0.134 0.011 0.050 0.069 0.079 0.074 0.066 0.065 0.073 0.061 0.094 0.048 0.020 
121 QAc-W-0056    (0)   14 :  0.022 0.064 0.035 0.010 0.043 0.277 0.062 0.064 0.104 0.007 0.061 0.009 0.060 0.047 0.059 0.007 0.055 0.014 
122 QAc-W-0057    (0)   14 :  0.106 0.029 0.006 0.028 0.026 0.371 0.016 0.031 0.128 0.010 0.032 0.080 0.029 0.031 0.028 0.008 0.028 0.013 
123 QAc-W-0060    (0)   14 :  0.005 0.007 0.004 0.004 0.007 0.005 0.017 0.007 0.007 0.034 0.007 0.856 0.007 0.006 0.007 0.008 0.007 0.006 
124 QAc-W-0061    (0)   14 :  0.016 0.024 0.012 0.011 0.033 0.018 0.028 0.026 0.021 0.006 0.026 0.633 0.023 0.023 0.027 0.013 0.022 0.038 
125 QAc-W-0062    (0)   14 :  0.004 0.004 0.003 0.005 0.005 0.004 0.004 0.004 0.004 0.009 0.004 0.921 0.004 0.004 0.004 0.005 0.004 0.006 
126 QAc-W-0063    (0)   14 :  0.006 0.013 0.016 0.022 0.012 0.007 0.006 0.012 0.011 0.022 0.013 0.783 0.012 0.012 0.013 0.020 0.012 0.008 
127 QAc-W-0064    (0)   14 :  0.005 0.008 0.010 0.006 0.008 0.008 0.005 0.009 0.009 0.005 0.009 0.856 0.008 0.009 0.008 0.020 0.009 0.008 
128 QAc-W-0065    (0)   14 :  0.010 0.019 0.009 0.011 0.015 0.024 0.012 0.018 0.018 0.007 0.016 0.745 0.016 0.017 0.017 0.010 0.019 0.017 
129 QAc-W-0066    (0)   14 :  0.003 0.003 0.003 0.005 0.003 0.003 0.004 0.003 0.003 0.003 0.003 0.004 0.003 0.003 0.003 0.944 0.003 0.003 
130 QAc-W-0072    (0)   14 :  0.006 0.012 0.014 0.010 0.037 0.024 0.006 0.017 0.016 0.004 0.014 0.696 0.013 0.015 0.014 0.006 0.017 0.078 
131 QAc-W-0073    (0)   14 :  0.015 0.014 0.006 0.009 0.012 0.012 0.008 0.013 0.013 0.007 0.013 0.807 0.014 0.015 0.012 0.006 0.014 0.012 
132 QAc-W-0077    (0)   14 :  0.009 0.006 0.005 0.004 0.006 0.009 0.007 0.006 0.007 0.005 0.007 0.704 0.007 0.006 0.006 0.193 0.006 0.006 
133 QAc-W-0078    (0)   15 :  0.005 0.028 0.013 0.600 0.028 0.014 0.019 0.031 0.028 0.013 0.038 0.007 0.027 0.031 0.041 0.031 0.030 0.015 
134 QAc-W-0079    (6)   15 :  0.007 0.006 0.005 0.892 0.006 0.005 0.009 0.006 0.006 0.004 0.006 0.004 0.006 0.006 0.007 0.011 0.006 0.007 
135 QAc-W-0081    (0)   15 :  0.004 0.007 0.008 0.891 0.006 0.005 0.005 0.007 0.008 0.009 0.006 0.007 0.007 0.007 0.006 0.004 0.008 0.004 
136 QAc-W-0082    (0)   15 :  0.030 0.008 0.003 0.423 0.006 0.358 0.006 0.008 0.106 0.003 0.007 0.005 0.008 0.007 0.007 0.006 0.007 0.004 
137 QAc-W-0083    (0)   15 :  0.008 0.008 0.007 0.825 0.010 0.012 0.007 0.009 0.010 0.009 0.009 0.033 0.009 0.008 0.009 0.007 0.009 0.011 
138 QAc-W-0086    (0)   15 :  0.006 0.008 0.006 0.852 0.009 0.012 0.007 0.008 0.017 0.005 0.008 0.005 0.009 0.008 0.009 0.015 0.008 0.008 
139 QAc-W-0087    (0)   15 :  0.009 0.006 0.004 0.903 0.007 0.005 0.005 0.006 0.006 0.003 0.006 0.003 0.006 0.006 0.006 0.005 0.006 0.007 
140 QAc-W-0088    (0)   15 :  0.011 0.015 0.006 0.796 0.013 0.012 0.012 0.018 0.014 0.004 0.015 0.005 0.016 0.017 0.017 0.006 0.015 0.007 
141 QAc-W-0092    (0)   15 :  0.016 0.029 0.021 0.553 0.020 0.012 0.086 0.027 0.038 0.019 0.027 0.006 0.040 0.025 0.030 0.012 0.028 0.011 
142 QAc-W-0093    (0)   15 :  0.011 0.026 0.024 0.663 0.021 0.019 0.018 0.031 0.024 0.009 0.027 0.005 0.025 0.024 0.027 0.003 0.029 0.015 
143 QAc-W-0094    (0)   15 :  0.025 0.041 0.047 0.234 0.030 0.024 0.009 0.049 0.034 0.221 0.043 0.049 0.035 0.057 0.040 0.006 0.047 0.008 
144 QAc-W-0097    (0)   15 :  0.011 0.033 0.026 0.604 0.018 0.017 0.063 0.029 0.026 0.016 0.028 0.007 0.029 0.026 0.026 0.006 0.027 0.007 
145 QAc-W-0099    (0)   15 :  0.014 0.037 0.004 0.548 0.030 0.021 0.010 0.038 0.038 0.016 0.043 0.005 0.036 0.055 0.039 0.005 0.039 0.021 
146 QAc-W-0107    (0)   15 :  0.005 0.009 0.006 0.842 0.008 0.008 0.005 0.009 0.009 0.007 0.009 0.028 0.009 0.008 0.010 0.012 0.009 0.008 
147 QAc-W-0115    (0)   16 :  0.005 0.013 0.011 0.009 0.181 0.007 0.018 0.014 0.011 0.007 0.013 0.007 0.015 0.015 0.014 0.005 0.069 0.586 
148 QAc-W-0116    (0)   16 :  0.023 0.032 0.007 0.006 0.212 0.021 0.016 0.034 0.028 0.012 0.035 0.005 0.037 0.031 0.031 0.003 0.037 0.432 
149 QAc-W-0117    (0)   16 :  0.012 0.014 0.006 0.004 0.310 0.008 0.009 0.013 0.010 0.004 0.012 0.004 0.011 0.011 0.012 0.004 0.019 0.540 
150 QAc-W-0118    (0)   16 :  0.008 0.016 0.007 0.022 0.173 0.010 0.006 0.016 0.013 0.006 0.019 0.021 0.015 0.018 0.020 0.038 0.051 0.540 
151 QAc-W-0119    (0)   16 :  0.007 0.024 0.006 0.007 0.294 0.016 0.007 0.021 0.020 0.007 0.024 0.004 0.022 0.021 0.021 0.015 0.026 0.458 
152 QAc-W-0120    (0)   16 :  0.011 0.041 0.010 0.010 0.205 0.016 0.009 0.044 0.025 0.005 0.042 0.008 0.033 0.039 0.034 0.018 0.050 0.401 
153 QAc-W-0121    (0)   16 :  0.008 0.015 0.008 0.004 0.266 0.029 0.006 0.014 0.017 0.003 0.016 0.009 0.018 0.013 0.016 0.072 0.014 0.471 
154 QAc-W-0122    (0)   16 :  0.012 0.036 0.018 0.006 0.068 0.024 0.006 0.035 0.030 0.004 0.031 0.007 0.035 0.040 0.034 0.004 0.086 0.524 
155 QAc-W-0123    (6)   16 :  0.009 0.028 0.004 0.010 0.169 0.012 0.013 0.024 0.021 0.017 0.025 0.009 0.024 0.028 0.024 0.007 0.064 0.512 
156 QAc-W-0124    (0)   16 :  0.004 0.022 0.015 0.064 0.081 0.010 0.038 0.021 0.020 0.007 0.022 0.106 0.021 0.017 0.021 0.010 0.069 0.452 
157 QAc-W-0125    (0)   16 :  0.009 0.014 0.007 0.021 0.267 0.009 0.011 0.014 0.011 0.008 0.014 0.005 0.013 0.014 0.015 0.008 0.039 0.521 
158 QAc-W-0132    (6)   16 :  0.006 0.031 0.018 0.034 0.128 0.014 0.036 0.030 0.025 0.017 0.029 0.027 0.027 0.035 0.032 0.047 0.070 0.393 
159 QAc-W-0134    (0)   16 :  0.006 0.007 0.005 0.006 0.307 0.006 0.007 0.007 0.006 0.007 0.007 0.008 0.007 0.008 0.008 0.005 0.031 0.562 
160 QAc-W-0135    (0)   16 :  0.006 0.019 0.100 0.008 0.105 0.010 0.023 0.021 0.019 0.004 0.020 0.029 0.023 0.024 0.020 0.014 0.062 0.493 
161 QAc-W-0136    (0)   16 :  0.005 0.008 0.005 0.005 0.299 0.006 0.005 0.008 0.008 0.007 0.009 0.006 0.010 0.007 0.010 0.003 0.059 0.540 
162 QAc-W-0138    (0)   16 :  0.004 0.009 0.008 0.003 0.305 0.006 0.005 0.010 0.009 0.006 0.009 0.004 0.009 0.011 0.009 0.004 0.051 0.538 
163 QAc-W-0140    (0)   16 :  0.021 0.026 0.008 0.006 0.267 0.012 0.017 0.024 0.024 0.004 0.019 0.005 0.022 0.022 0.022 0.005 0.027 0.469 
164 QAc-W-0141    (6)   16 :  0.015 0.098 0.019 0.007 0.077 0.024 0.050 0.096 0.071 0.007 0.062 0.008 0.084 0.108 0.079 0.028 0.103 0.064 
165 QAc-W-0142    (0)   16 :  0.005 0.007 0.004 0.005 0.302 0.011 0.004 0.008 0.009 0.004 0.008 0.017 0.008 0.008 0.007 0.012 0.017 0.566 
166 QAc-W-0143    (0)   16 :  0.012 0.017 0.008 0.029 0.257 0.017 0.005 0.019 0.012 0.006 0.020 0.006 0.019 0.018 0.017 0.004 0.040 0.494 
167 QAc-W-0145    (0)   16 :  0.006 0.009 0.004 0.004 0.107 0.006 0.005 0.010 0.010 0.004 0.010 0.006 0.010 0.010 0.010 0.004 0.072 0.714 
168 QAc-W-0148    (0)   16 :  0.005 0.007 0.006 0.004 0.262 0.006 0.013 0.008 0.007 0.007 0.007 0.008 0.007 0.008 0.007 0.004 0.059 0.573 
169 QAc-W-0149    (0)   16 :  0.016 0.066 0.012 0.010 0.064 0.029 0.007 0.048 0.057 0.033 0.056 0.014 0.065 0.087 0.059 0.004 0.092 0.282 
170 QAc-W-0150    (0)   16 :  0.006 0.040 0.081 0.029 0.096 0.020 0.032 0.042 0.044 0.019 0.045 0.008 0.048 0.062 0.050 0.005 0.069 0.304 
171 QAc-W-0151    (0)   16 :  0.007 0.018 0.011 0.010 0.165 0.012 0.047 0.020 0.016 0.006 0.020 0.006 0.017 0.016 0.019 0.004 0.070 0.538 
172 QAc-W-0152    (0)   16 :  0.011 0.010 0.005 0.005 0.106 0.013 0.009 0.009 0.011 0.006 0.011 0.031 0.010 0.010 0.009 0.005 0.069 0.671 
173 QAc-W-0153    (0)   16 :  0.005 0.109 0.005 0.027 0.049 0.039 0.025 0.148 0.071 0.004 0.063 0.023 0.083 0.110 0.084 0.005 0.129 0.019 
174 QAc-W-0154    (0)   16 :  0.006 0.034 0.043 0.006 0.251 0.009 0.008 0.032 0.025 0.004 0.035 0.004 0.025 0.033 0.030 0.004 0.047 0.404 
175 QAc-W-0157    (0)   16 :  0.011 0.036 0.005 0.004 0.208 0.019 0.018 0.043 0.032 0.025 0.047 0.020 0.037 0.037 0.037 0.011 0.042 0.366 
176 QAc-W-0158    (0)   16 :  0.006 0.026 0.040 0.033 0.151 0.009 0.067 0.023 0.032 0.009 0.021 0.008 0.032 0.026 0.025 0.023 0.064 0.406 
177 QAc-W-0159    (0)   16 :  0.006 0.010 0.007 0.007 0.306 0.010 0.007 0.010 0.008 0.008 0.011 0.004 0.009 0.010 0.010 0.004 0.011 0.563 
178 QAc-W-0160    (0)   16 :  0.005 0.030 0.027 0.008 0.258 0.009 0.017 0.030 0.034 0.004 0.029 0.006 0.029 0.032 0.031 0.004 0.047 0.401 
179 QAc-W-0162    (0)   16 :  0.025 0.019 0.004 0.007 0.219 0.028 0.004 0.020 0.021 0.016 0.022 0.087 0.016 0.019 0.020 0.006 0.037 0.432 
180 QAc-W-0163    (0)   16 :  0.039 0.031 0.006 0.005 0.199 0.090 0.008 0.032 0.048 0.010 0.034 0.010 0.036 0.033 0.033 0.006 0.027 0.352 
181 QAc-W-0164    (0)   16 :  0.012 0.033 0.008 0.010 0.161 0.025 0.008 0.035 0.025 0.009 0.039 0.078 0.038 0.038 0.035 0.008 0.060 0.382 
182 QAc-W-0167    (0)   17 :  0.009 0.118 0.006 0.019 0.055 0.046 0.007 0.134 0.065 0.006 0.087 0.008 0.092 0.080 0.102 0.006 0.151 0.009 
183 QAc-W-0168    (0)   17 :  0.016 0.089 0.009 0.012 0.085 0.037 0.016 0.083 0.063 0.007 0.105 0.021 0.079 0.075 0.093 0.047 0.069 0.095 
184 QAc-W-0169    (0)   17 :  0.013 0.099 0.018 0.004 0.074 0.072 0.015 0.103 0.075 0.004 0.129 0.011 0.090 0.101 0.102 0.010 0.074 0.007 
185 QAc-W-0170    (0)   17 :  0.008 0.118 0.010 0.007 0.059 0.046 0.054 0.117 0.066 0.005 0.105 0.006 0.092 0.079 0.114 0.004 0.098 0.014 
186 QAc-W-0172    (0)   17 :  0.005 0.101 0.008 0.009 0.062 0.049 0.011 0.130 0.089 0.014 0.128 0.002 0.095 0.078 0.123 0.002 0.084 0.010 
187 QAc-W-0173    (0)   17 :  0.005 0.117 0.012 0.007 0.053 0.039 0.016 0.126 0.061 0.005 0.069 0.012 0.097 0.087 0.102 0.004 0.168 0.019 
188 QAc-W-0174    (0)   17 :  0.010 0.122 0.005 0.006 0.064 0.049 0.009 0.124 0.068 0.004 0.086 0.010 0.079 0.085 0.110 0.010 0.148 0.013 


Estimated Allele Frequencies in each cluster
First column gives estimated ancestral frequencies


Locus 1 : 
18 alleles
0.0% missing data
 210   (0.115) 0.261 0.113 0.017 0.151 0.142 0.091 0.070 0.117 0.102 0.030 0.115 0.022 0.103 0.118 0.113 0.007 0.119 0.187 
 212   (0.116) 0.033 0.119 0.048 0.274 0.093 0.095 0.399 0.118 0.121 0.023 0.116 0.015 0.123 0.126 0.119 0.197 0.121 0.107 
 202   (0.057) 0.016 0.052 0.062 0.143 0.036 0.029 0.035 0.053 0.042 0.317 0.057 0.006 0.047 0.052 0.055 0.003 0.046 0.009 
 226   (0.039) 0.023 0.033 0.004 0.012 0.024 0.034 0.005 0.035 0.031 0.220 0.039 0.131 0.031 0.031 0.035 0.248 0.029 0.007 
 216   (0.074) 0.048 0.066 0.018 0.169 0.105 0.043 0.011 0.069 0.060 0.167 0.074 0.056 0.063 0.067 0.070 0.005 0.070 0.107 
 200   (0.253) 0.197 0.289 0.523 0.088 0.212 0.177 0.385 0.264 0.294 0.126 0.253 0.131 0.322 0.288 0.269 0.509 0.291 0.181 
 224   (0.042) 0.010 0.044 0.008 0.010 0.027 0.027 0.022 0.040 0.042 0.009 0.042 0.261 0.048 0.041 0.043 0.004 0.043 0.009 
 218   (0.054) 0.013 0.049 0.082 0.106 0.096 0.046 0.011 0.053 0.047 0.010 0.054 0.018 0.045 0.050 0.051 0.004 0.050 0.130 
 228   (0.011) 0.002 0.008 0.001 0.001 0.006 0.004 0.001 0.009 0.007 0.002 0.011 0.128 0.008 0.007 0.009 0.001 0.006 0.002 
 214   (0.061) 0.178 0.057 0.007 0.008 0.042 0.359 0.007 0.058 0.118 0.038 0.061 0.211 0.052 0.056 0.058 0.012 0.053 0.028 
 208   (0.062) 0.076 0.068 0.213 0.024 0.042 0.036 0.039 0.073 0.055 0.017 0.062 0.007 0.063 0.067 0.070 0.004 0.070 0.010 
 220   (0.031) 0.007 0.030 0.004 0.004 0.021 0.017 0.006 0.031 0.022 0.005 0.031 0.004 0.027 0.028 0.030 0.002 0.028 0.010 
 196   (0.010) 0.002 0.008 0.001 0.001 0.006 0.005 0.001 0.009 0.007 0.002 0.010 0.001 0.008 0.008 0.009 0.001 0.007 0.002 
 238   (0.010) 0.002 0.009 0.001 0.001 0.006 0.005 0.001 0.010 0.007 0.001 0.010 0.001 0.008 0.008 0.009 0.001 0.009 0.002 
 206   (0.019) 0.059 0.016 0.003 0.003 0.023 0.009 0.002 0.018 0.014 0.004 0.019 0.002 0.016 0.016 0.017 0.001 0.014 0.019 
 190   (0.011) 0.002 0.009 0.001 0.001 0.007 0.004 0.001 0.010 0.007 0.002 0.011 0.001 0.008 0.008 0.010 0.001 0.007 0.002 
 222   (0.024) 0.006 0.020 0.007 0.003 0.104 0.011 0.003 0.022 0.017 0.022 0.024 0.003 0.019 0.019 0.022 0.002 0.029 0.187 
 232   (0.012) 0.063 0.010 0.001 0.001 0.008 0.007 0.001 0.011 0.008 0.003 0.012 0.001 0.009 0.009 0.011 0.001 0.008 0.002 

Locus 2 : 
15 alleles
2.1% missing data
 171   (0.209) 0.471 0.218 0.310 0.179 0.153 0.222 0.434 0.208 0.233 0.239 0.210 0.042 0.236 0.216 0.213 0.017 0.210 0.072 
 175   (0.095) 0.030 0.089 0.043 0.261 0.067 0.228 0.054 0.090 0.118 0.207 0.095 0.027 0.086 0.088 0.091 0.028 0.080 0.030 
 185   (0.051) 0.013 0.045 0.008 0.082 0.115 0.028 0.007 0.050 0.039 0.011 0.051 0.015 0.044 0.048 0.048 0.004 0.054 0.214 
 179   (0.072) 0.018 0.070 0.008 0.009 0.127 0.043 0.010 0.074 0.058 0.249 0.072 0.497 0.065 0.070 0.072 0.034 0.102 0.301 
 181   (0.098) 0.120 0.103 0.030 0.346 0.064 0.085 0.126 0.095 0.102 0.037 0.097 0.048 0.114 0.099 0.097 0.559 0.096 0.017 
 173   (0.194) 0.168 0.200 0.187 0.041 0.210 0.204 0.215 0.194 0.227 0.171 0.194 0.144 0.207 0.207 0.196 0.333 0.189 0.169 
 177   (0.031) 0.009 0.027 0.003 0.004 0.052 0.031 0.004 0.030 0.027 0.005 0.031 0.184 0.025 0.028 0.029 0.003 0.029 0.070 
 187   (0.094) 0.045 0.100 0.106 0.012 0.070 0.080 0.117 0.102 0.080 0.018 0.094 0.025 0.088 0.095 0.101 0.009 0.103 0.026 
 183   (0.064) 0.085 0.067 0.008 0.021 0.081 0.036 0.009 0.073 0.050 0.017 0.064 0.007 0.060 0.069 0.066 0.006 0.067 0.075 
 189   (0.029) 0.007 0.027 0.290 0.003 0.023 0.015 0.016 0.028 0.023 0.005 0.029 0.003 0.025 0.027 0.028 0.002 0.024 0.016 
 191   (0.020) 0.025 0.018 0.003 0.037 0.013 0.011 0.002 0.018 0.014 0.034 0.020 0.003 0.016 0.019 0.018 0.002 0.016 0.003 
 163   (0.010) 0.002 0.008 0.001 0.001 0.006 0.004 0.001 0.009 0.007 0.002 0.010 0.001 0.008 0.008 0.009 0.001 0.007 0.002 
 165   (0.012) 0.003 0.010 0.001 0.001 0.007 0.005 0.001 0.011 0.008 0.002 0.012 0.001 0.009 0.009 0.011 0.001 0.008 0.002 
 193   (0.010) 0.002 0.009 0.001 0.001 0.007 0.005 0.001 0.010 0.007 0.002 0.010 0.001 0.010 0.010 0.011 0.001 0.008 0.002 
 167   (0.010) 0.002 0.009 0.001 0.001 0.006 0.004 0.001 0.009 0.007 0.002 0.010 0.001 0.008 0.008 0.009 0.001 0.007 0.002 

Locus 3 : 
4 alleles
1.1% missing data
 206   (0.892) 0.906 0.900 0.690 0.976 0.929 0.932 0.984 0.893 0.916 0.902 0.892 0.885 0.909 0.903 0.894 0.989 0.908 0.979 
 208   (0.057) 0.065 0.051 0.304 0.007 0.037 0.041 0.010 0.052 0.045 0.011 0.057 0.051 0.047 0.050 0.055 0.004 0.045 0.011 
 204   (0.038) 0.026 0.034 0.004 0.014 0.025 0.018 0.005 0.035 0.027 0.085 0.038 0.062 0.031 0.032 0.036 0.006 0.030 0.007 
 212   (0.013) 0.003 0.016 0.001 0.002 0.009 0.008 0.002 0.019 0.012 0.002 0.013 0.002 0.013 0.015 0.014 0.001 0.017 0.003 

Locus 4 : 
15 alleles
1.1% missing data
 165   (0.075) 0.021 0.089 0.014 0.476 0.049 0.069 0.030 0.087 0.086 0.043 0.075 0.312 0.078 0.090 0.078 0.005 0.083 0.013 
 163   (0.204) 0.280 0.226 0.084 0.029 0.243 0.186 0.066 0.218 0.207 0.078 0.205 0.077 0.212 0.220 0.217 0.015 0.245 0.281 
 167   (0.145) 0.096 0.140 0.240 0.064 0.154 0.152 0.192 0.143 0.142 0.491 0.145 0.019 0.135 0.143 0.143 0.010 0.137 0.131 
 161   (0.360) 0.434 0.350 0.482 0.122 0.400 0.447 0.673 0.348 0.389 0.329 0.360 0.569 0.388 0.351 0.353 0.955 0.363 0.505 
 153   (0.014) 0.003 0.014 0.010 0.002 0.009 0.006 0.004 0.013 0.017 0.003 0.014 0.002 0.017 0.014 0.014 0.001 0.013 0.002 
 173   (0.030) 0.024 0.027 0.003 0.263 0.019 0.048 0.004 0.027 0.034 0.005 0.030 0.003 0.025 0.027 0.030 0.002 0.022 0.005 
 171   (0.039) 0.042 0.040 0.005 0.005 0.025 0.025 0.005 0.042 0.033 0.028 0.039 0.004 0.035 0.040 0.040 0.004 0.034 0.007 
 179   (0.011) 0.003 0.009 0.001 0.001 0.006 0.005 0.003 0.010 0.007 0.002 0.011 0.001 0.009 0.009 0.010 0.001 0.008 0.002 
 157   (0.022) 0.016 0.019 0.146 0.003 0.014 0.011 0.012 0.020 0.016 0.004 0.022 0.002 0.018 0.018 0.020 0.001 0.016 0.004 
 149   (0.010) 0.025 0.008 0.001 0.001 0.006 0.006 0.001 0.009 0.007 0.002 0.010 0.001 0.008 0.008 0.009 0.001 0.007 0.002 
 177   (0.019) 0.005 0.019 0.002 0.010 0.013 0.011 0.004 0.020 0.016 0.004 0.019 0.002 0.019 0.022 0.019 0.001 0.018 0.004 
 155   (0.016) 0.004 0.013 0.005 0.002 0.010 0.007 0.002 0.014 0.011 0.003 0.016 0.001 0.012 0.014 0.015 0.001 0.011 0.004 
 175   (0.011) 0.007 0.009 0.001 0.001 0.007 0.005 0.001 0.010 0.007 0.002 0.011 0.001 0.008 0.009 0.010 0.001 0.008 0.002 
 169   (0.021) 0.034 0.019 0.002 0.017 0.014 0.012 0.003 0.020 0.016 0.004 0.021 0.002 0.019 0.019 0.022 0.001 0.016 0.003 
 159   (0.022) 0.005 0.018 0.003 0.003 0.031 0.010 0.003 0.019 0.015 0.003 0.022 0.002 0.017 0.017 0.020 0.001 0.019 0.035 

Locus 5 : 
16 alleles
0.0% missing data
 148   (0.116) 0.093 0.115 0.102 0.286 0.091 0.053 0.195 0.115 0.096 0.027 0.115 0.048 0.108 0.121 0.120 0.362 0.107 0.051 
 160   (0.024) 0.024 0.020 0.003 0.060 0.015 0.010 0.004 0.021 0.017 0.062 0.023 0.002 0.019 0.019 0.021 0.001 0.017 0.004 
 154   (0.074) 0.020 0.070 0.018 0.026 0.141 0.053 0.010 0.075 0.060 0.050 0.074 0.174 0.065 0.071 0.075 0.009 0.078 0.198 
 150   (0.059) 0.087 0.060 0.061 0.010 0.038 0.317 0.030 0.056 0.118 0.013 0.059 0.010 0.060 0.060 0.057 0.012 0.054 0.011 
 138   (0.124) 0.087 0.118 0.024 0.150 0.172 0.070 0.056 0.123 0.115 0.301 0.124 0.182 0.116 0.119 0.122 0.009 0.126 0.221 
 166   (0.029) 0.208 0.023 0.032 0.012 0.017 0.013 0.005 0.025 0.019 0.274 0.028 0.003 0.022 0.022 0.025 0.002 0.019 0.005 
 146   (0.096) 0.092 0.091 0.032 0.165 0.064 0.050 0.027 0.096 0.076 0.073 0.096 0.231 0.084 0.088 0.095 0.335 0.088 0.025 
 164   (0.015) 0.004 0.013 0.002 0.002 0.009 0.006 0.002 0.013 0.011 0.037 0.015 0.001 0.012 0.012 0.014 0.001 0.010 0.003 
 142   (0.017) 0.009 0.014 0.002 0.002 0.018 0.162 0.002 0.015 0.046 0.003 0.017 0.002 0.013 0.012 0.015 0.010 0.011 0.014 
 144   (0.156) 0.234 0.164 0.072 0.028 0.147 0.103 0.391 0.164 0.161 0.058 0.156 0.300 0.187 0.161 0.157 0.228 0.172 0.163 
 140   (0.088) 0.022 0.089 0.191 0.019 0.143 0.042 0.237 0.091 0.075 0.018 0.088 0.010 0.096 0.083 0.092 0.007 0.102 0.195 
 158   (0.044) 0.028 0.051 0.009 0.086 0.033 0.024 0.013 0.041 0.055 0.036 0.044 0.005 0.061 0.053 0.044 0.003 0.050 0.022 
 162   (0.029) 0.008 0.028 0.003 0.128 0.018 0.024 0.005 0.029 0.027 0.005 0.029 0.003 0.026 0.025 0.029 0.002 0.027 0.005 
 152   (0.093) 0.035 0.108 0.444 0.013 0.068 0.052 0.017 0.099 0.097 0.019 0.093 0.024 0.098 0.120 0.097 0.015 0.107 0.077 
 134   (0.018) 0.043 0.017 0.002 0.002 0.012 0.011 0.002 0.019 0.013 0.003 0.018 0.002 0.016 0.017 0.017 0.001 0.014 0.003 
 156   (0.020) 0.005 0.019 0.002 0.012 0.013 0.010 0.004 0.019 0.014 0.020 0.020 0.002 0.017 0.018 0.019 0.001 0.017 0.003 

Locus 6 : 
12 alleles
0.0% missing data
 225   (0.043) 0.010 0.039 0.009 0.120 0.036 0.033 0.005 0.040 0.035 0.007 0.043 0.006 0.036 0.036 0.043 0.293 0.036 0.018 
 239   (0.099) 0.045 0.095 0.013 0.027 0.066 0.063 0.106 0.101 0.096 0.229 0.099 0.233 0.096 0.102 0.100 0.429 0.087 0.024 
 229   (0.015) 0.004 0.013 0.002 0.298 0.009 0.006 0.002 0.013 0.012 0.002 0.015 0.001 0.013 0.012 0.014 0.001 0.011 0.002 
 235   (0.304) 0.141 0.310 0.267 0.377 0.365 0.473 0.414 0.310 0.343 0.088 0.304 0.309 0.311 0.314 0.305 0.227 0.345 0.505 
 237   (0.212) 0.171 0.222 0.196 0.038 0.192 0.163 0.272 0.222 0.199 0.066 0.212 0.266 0.218 0.221 0.220 0.025 0.225 0.173 
 233   (0.098) 0.095 0.098 0.472 0.060 0.064 0.080 0.165 0.092 0.106 0.256 0.098 0.157 0.111 0.093 0.094 0.010 0.088 0.024 
 227   (0.031) 0.419 0.026 0.003 0.004 0.020 0.030 0.003 0.028 0.025 0.294 0.031 0.003 0.025 0.026 0.028 0.002 0.021 0.005 
 245   (0.067) 0.021 0.073 0.022 0.008 0.107 0.042 0.015 0.067 0.071 0.022 0.068 0.008 0.079 0.075 0.069 0.005 0.072 0.127 
 241   (0.038) 0.032 0.035 0.006 0.057 0.032 0.031 0.005 0.035 0.032 0.013 0.038 0.007 0.033 0.036 0.036 0.003 0.032 0.020 
 231   (0.053) 0.023 0.055 0.006 0.006 0.057 0.056 0.007 0.055 0.049 0.017 0.053 0.006 0.047 0.053 0.057 0.003 0.054 0.042 
 243   (0.028) 0.036 0.026 0.003 0.003 0.045 0.018 0.005 0.026 0.025 0.005 0.028 0.003 0.025 0.025 0.026 0.002 0.023 0.058 
 251   (0.011) 0.002 0.009 0.001 0.001 0.006 0.005 0.001 0.009 0.007 0.002 0.011 0.001 0.008 0.008 0.010 0.001 0.007 0.002 

Locus 7 : 
5 alleles
0.0% missing data
 118   (0.921) 0.972 0.924 0.920 0.989 0.950 0.672 0.940 0.926 0.871 0.665 0.921 0.992 0.930 0.928 0.925 0.992 0.936 0.987 
 124   (0.038) 0.009 0.038 0.075 0.005 0.025 0.016 0.055 0.035 0.034 0.328 0.038 0.004 0.036 0.037 0.036 0.003 0.030 0.006 
 116   (0.013) 0.013 0.010 0.001 0.003 0.008 0.299 0.001 0.011 0.074 0.002 0.013 0.001 0.010 0.009 0.011 0.004 0.008 0.002 
 114   (0.017) 0.004 0.018 0.003 0.002 0.011 0.008 0.002 0.018 0.014 0.004 0.017 0.002 0.015 0.016 0.018 0.001 0.018 0.003 
 122   (0.011) 0.003 0.010 0.001 0.001 0.007 0.005 0.001 0.010 0.008 0.002 0.011 0.001 0.009 0.009 0.010 0.001 0.008 0.002 

Locus 8 : 
5 alleles
0.0% missing data
 135   (0.056) 0.013 0.073 0.014 0.023 0.049 0.026 0.031 0.061 0.074 0.011 0.056 0.006 0.067 0.082 0.059 0.011 0.063 0.023 
 139   (0.756) 0.651 0.760 0.932 0.817 0.702 0.608 0.914 0.761 0.723 0.948 0.756 0.957 0.767 0.754 0.764 0.920 0.784 0.728 
 137   (0.141) 0.325 0.128 0.049 0.154 0.195 0.343 0.049 0.136 0.169 0.033 0.141 0.032 0.129 0.124 0.133 0.065 0.116 0.196 
 143   (0.033) 0.009 0.028 0.004 0.004 0.036 0.017 0.004 0.031 0.024 0.006 0.034 0.004 0.026 0.030 0.032 0.002 0.025 0.029 
 141   (0.014) 0.003 0.011 0.002 0.002 0.018 0.006 0.002 0.012 0.009 0.002 0.014 0.001 0.011 0.010 0.012 0.001 0.012 0.023 

Locus 9 : 
11 alleles
0.0% missing data
 116   (0.296) 0.118 0.323 0.517 0.425 0.316 0.226 0.285 0.304 0.322 0.106 0.297 0.179 0.325 0.333 0.302 0.369 0.315 0.277 
 112   (0.088) 0.021 0.082 0.035 0.058 0.116 0.049 0.075 0.089 0.068 0.016 0.088 0.375 0.082 0.082 0.085 0.012 0.093 0.187 
 122   (0.060) 0.272 0.052 0.009 0.007 0.040 0.113 0.008 0.054 0.066 0.299 0.060 0.301 0.052 0.056 0.056 0.434 0.044 0.013 
 114   (0.218) 0.229 0.221 0.360 0.079 0.256 0.117 0.339 0.225 0.191 0.052 0.219 0.045 0.213 0.219 0.221 0.021 0.231 0.294 
 120   (0.041) 0.010 0.034 0.005 0.005 0.031 0.018 0.145 0.037 0.030 0.211 0.041 0.021 0.035 0.033 0.037 0.003 0.030 0.020 
 130   (0.035) 0.073 0.036 0.006 0.005 0.022 0.016 0.042 0.033 0.043 0.177 0.035 0.004 0.047 0.035 0.034 0.002 0.032 0.006 
 118   (0.128) 0.051 0.127 0.038 0.404 0.122 0.079 0.077 0.127 0.110 0.113 0.128 0.018 0.129 0.118 0.132 0.019 0.140 0.158 
 124   (0.060) 0.077 0.055 0.007 0.008 0.050 0.173 0.008 0.057 0.080 0.010 0.060 0.049 0.051 0.053 0.057 0.135 0.052 0.032 
 126   (0.038) 0.141 0.035 0.008 0.006 0.023 0.190 0.018 0.037 0.065 0.009 0.038 0.004 0.033 0.035 0.036 0.003 0.030 0.007 
 108   (0.014) 0.003 0.013 0.001 0.001 0.009 0.007 0.002 0.015 0.010 0.002 0.014 0.001 0.014 0.016 0.018 0.001 0.012 0.002 
 128   (0.021) 0.005 0.021 0.015 0.002 0.014 0.010 0.003 0.022 0.016 0.004 0.021 0.002 0.019 0.019 0.022 0.002 0.021 0.004 

Locus 10 : 
4 alleles
0.0% missing data
 232   (0.897) 0.681 0.905 0.988 0.988 0.906 0.946 0.949 0.901 0.921 0.974 0.897 0.989 0.907 0.904 0.898 0.993 0.918 0.938 
 238   (0.076) 0.313 0.070 0.010 0.009 0.077 0.042 0.048 0.074 0.060 0.022 0.076 0.008 0.068 0.071 0.073 0.006 0.062 0.058 
 234   (0.015) 0.003 0.015 0.002 0.002 0.010 0.008 0.002 0.015 0.012 0.002 0.015 0.001 0.015 0.017 0.019 0.001 0.012 0.002 
 244   (0.011) 0.002 0.010 0.001 0.001 0.007 0.005 0.002 0.010 0.008 0.002 0.011 0.001 0.009 0.009 0.010 0.001 0.009 0.002 

Locus 11 : 
7 alleles
0.0% missing data
 165   (0.772) 0.893 0.781 0.922 0.918 0.841 0.609 0.777 0.777 0.754 0.933 0.772 0.799 0.787 0.789 0.773 0.767 0.796 0.906 
 167   (0.073) 0.024 0.063 0.009 0.058 0.054 0.279 0.013 0.067 0.109 0.021 0.073 0.185 0.059 0.063 0.067 0.223 0.054 0.029 
 161   (0.109) 0.072 0.118 0.064 0.019 0.072 0.092 0.205 0.115 0.106 0.038 0.109 0.012 0.118 0.112 0.117 0.008 0.114 0.020 
 155   (0.012) 0.003 0.009 0.001 0.001 0.006 0.005 0.001 0.010 0.007 0.002 0.012 0.001 0.009 0.009 0.010 0.001 0.008 0.002 
 173   (0.011) 0.002 0.010 0.001 0.001 0.007 0.005 0.001 0.010 0.008 0.002 0.011 0.001 0.010 0.010 0.012 0.001 0.008 0.002 
 163   (0.012) 0.003 0.010 0.001 0.001 0.013 0.005 0.001 0.011 0.008 0.002 0.012 0.001 0.009 0.009 0.011 0.001 0.012 0.040 
 171   (0.011) 0.002 0.009 0.001 0.001 0.007 0.005 0.001 0.010 0.008 0.002 0.011 0.001 0.008 0.008 0.010 0.001 0.008 0.002 

Locus 12 : 
8 alleles
0.0% missing data
 137   (0.524) 0.555 0.524 0.330 0.401 0.650 0.676 0.239 0.523 0.538 0.848 0.524 0.416 0.503 0.539 0.530 0.452 0.546 0.798 
 140   (0.156) 0.071 0.158 0.595 0.213 0.118 0.085 0.507 0.154 0.180 0.032 0.156 0.053 0.192 0.160 0.158 0.015 0.152 0.059 
 134   (0.245) 0.317 0.247 0.058 0.377 0.178 0.202 0.244 0.247 0.229 0.108 0.245 0.523 0.242 0.238 0.241 0.528 0.232 0.096 
 149   (0.011) 0.003 0.009 0.001 0.002 0.007 0.005 0.001 0.010 0.008 0.002 0.011 0.001 0.009 0.009 0.010 0.001 0.008 0.002 
 143   (0.014) 0.039 0.013 0.001 0.002 0.009 0.007 0.002 0.014 0.010 0.004 0.014 0.001 0.011 0.012 0.013 0.001 0.010 0.002 
 128   (0.011) 0.007 0.009 0.001 0.001 0.006 0.005 0.001 0.010 0.007 0.002 0.011 0.001 0.008 0.009 0.010 0.001 0.008 0.002 
 125   (0.018) 0.004 0.015 0.011 0.002 0.018 0.009 0.003 0.016 0.013 0.003 0.018 0.002 0.014 0.014 0.016 0.001 0.017 0.037 
 146   (0.020) 0.005 0.024 0.002 0.003 0.013 0.011 0.002 0.027 0.016 0.003 0.020 0.002 0.019 0.020 0.022 0.001 0.028 0.003 

Locus 13 : 
19 alleles
0.5% missing data
 206   (0.133) 0.066 0.121 0.254 0.421 0.135 0.117 0.173 0.125 0.118 0.212 0.132 0.028 0.119 0.121 0.129 0.048 0.122 0.137 
 210   (0.099) 0.026 0.101 0.173 0.282 0.069 0.060 0.151 0.097 0.105 0.018 0.099 0.040 0.121 0.095 0.100 0.417 0.097 0.039 
 190   (0.070) 0.016 0.074 0.086 0.009 0.099 0.045 0.010 0.077 0.063 0.029 0.071 0.011 0.066 0.076 0.072 0.005 0.073 0.095 
 202   (0.090) 0.260 0.105 0.034 0.017 0.062 0.186 0.014 0.091 0.127 0.539 0.090 0.014 0.097 0.120 0.092 0.009 0.095 0.023 
 214   (0.040) 0.010 0.037 0.062 0.005 0.026 0.020 0.019 0.038 0.029 0.007 0.039 0.147 0.034 0.034 0.038 0.252 0.034 0.007 
 212   (0.035) 0.008 0.029 0.004 0.004 0.193 0.023 0.004 0.032 0.027 0.006 0.035 0.004 0.029 0.028 0.031 0.186 0.050 0.367 
 192   (0.113) 0.030 0.125 0.091 0.044 0.084 0.074 0.271 0.119 0.127 0.062 0.113 0.013 0.144 0.117 0.119 0.008 0.127 0.049 
 204   (0.036) 0.013 0.034 0.019 0.005 0.028 0.022 0.010 0.035 0.029 0.015 0.036 0.060 0.033 0.036 0.035 0.015 0.036 0.026 
 184   (0.056) 0.013 0.048 0.017 0.095 0.056 0.028 0.022 0.053 0.043 0.010 0.056 0.006 0.049 0.053 0.052 0.004 0.056 0.122 
 216   (0.018) 0.004 0.017 0.015 0.002 0.011 0.008 0.272 0.016 0.021 0.003 0.018 0.002 0.022 0.018 0.017 0.001 0.014 0.003 
 208   (0.043) 0.010 0.046 0.198 0.005 0.049 0.021 0.020 0.042 0.049 0.010 0.043 0.005 0.048 0.047 0.043 0.016 0.044 0.034 
 198   (0.041) 0.009 0.049 0.005 0.005 0.028 0.024 0.006 0.052 0.036 0.019 0.042 0.004 0.040 0.047 0.049 0.003 0.054 0.008 
 194   (0.062) 0.208 0.058 0.020 0.031 0.043 0.241 0.008 0.059 0.093 0.018 0.062 0.595 0.052 0.056 0.059 0.006 0.051 0.014 
 186   (0.017) 0.005 0.015 0.002 0.003 0.011 0.010 0.002 0.015 0.012 0.003 0.017 0.050 0.013 0.013 0.015 0.010 0.012 0.003 
 188   (0.020) 0.029 0.017 0.004 0.002 0.012 0.010 0.004 0.019 0.014 0.003 0.020 0.002 0.016 0.018 0.019 0.001 0.015 0.003 
 200   (0.064) 0.278 0.061 0.010 0.063 0.048 0.073 0.008 0.066 0.059 0.033 0.064 0.011 0.058 0.058 0.064 0.016 0.059 0.043 
 196   (0.038) 0.010 0.042 0.004 0.005 0.030 0.025 0.005 0.041 0.032 0.007 0.038 0.005 0.036 0.038 0.039 0.003 0.043 0.022 
 220   (0.010) 0.003 0.009 0.001 0.001 0.007 0.005 0.001 0.009 0.008 0.005 0.010 0.001 0.009 0.009 0.010 0.001 0.007 0.002 
 180   (0.014) 0.003 0.013 0.001 0.002 0.009 0.007 0.002 0.014 0.010 0.002 0.014 0.001 0.014 0.016 0.018 0.001 0.012 0.002 

Locus 14 : 
8 alleles
1.1% missing data
 139   (0.072) 0.057 0.065 0.010 0.089 0.045 0.096 0.238 0.065 0.079 0.040 0.071 0.166 0.078 0.063 0.067 0.188 0.058 0.013 
 145   (0.063) 0.035 0.055 0.010 0.138 0.080 0.037 0.021 0.058 0.048 0.012 0.063 0.009 0.052 0.058 0.058 0.008 0.069 0.203 
 151   (0.305) 0.282 0.301 0.659 0.467 0.353 0.219 0.178 0.298 0.290 0.352 0.304 0.546 0.314 0.305 0.302 0.335 0.301 0.380 
 157   (0.360) 0.310 0.393 0.281 0.221 0.334 0.434 0.495 0.386 0.409 0.474 0.360 0.157 0.383 0.395 0.375 0.154 0.398 0.251 
 154   (0.102) 0.030 0.097 0.028 0.014 0.122 0.123 0.053 0.100 0.091 0.018 0.102 0.109 0.091 0.095 0.104 0.309 0.091 0.100 
 163   (0.041) 0.013 0.036 0.005 0.061 0.026 0.048 0.005 0.038 0.037 0.092 0.041 0.005 0.034 0.034 0.039 0.003 0.032 0.007 
 160   (0.030) 0.258 0.025 0.003 0.004 0.018 0.016 0.003 0.027 0.021 0.006 0.030 0.003 0.024 0.025 0.027 0.002 0.021 0.005 
 142   (0.029) 0.015 0.027 0.004 0.004 0.022 0.028 0.005 0.027 0.024 0.005 0.029 0.003 0.025 0.025 0.027 0.002 0.029 0.042 

Locus 15 : 
13 alleles
1.6% missing data
 256   (0.143) 0.158 0.129 0.170 0.163 0.149 0.190 0.153 0.134 0.139 0.122 0.143 0.122 0.126 0.128 0.135 0.072 0.116 0.113 
 262   (0.021) 0.011 0.018 0.002 0.276 0.013 0.126 0.003 0.019 0.039 0.003 0.021 0.002 0.016 0.017 0.019 0.001 0.015 0.004 
 246   (0.118) 0.102 0.132 0.092 0.181 0.089 0.109 0.137 0.132 0.138 0.023 0.118 0.013 0.132 0.130 0.124 0.008 0.132 0.036 
 258   (0.193) 0.164 0.215 0.231 0.026 0.189 0.195 0.293 0.191 0.230 0.541 0.193 0.025 0.233 0.223 0.201 0.015 0.214 0.170 
 254   (0.100) 0.072 0.095 0.167 0.013 0.080 0.075 0.026 0.103 0.082 0.182 0.100 0.341 0.090 0.098 0.102 0.156 0.089 0.080 
 250   (0.031) 0.009 0.027 0.003 0.004 0.027 0.019 0.004 0.028 0.023 0.007 0.031 0.084 0.025 0.025 0.028 0.650 0.022 0.017 
 242   (0.104) 0.060 0.108 0.012 0.186 0.119 0.083 0.013 0.117 0.091 0.022 0.104 0.150 0.094 0.101 0.107 0.073 0.133 0.206 
 252   (0.067) 0.021 0.066 0.025 0.107 0.054 0.058 0.028 0.064 0.068 0.013 0.067 0.042 0.070 0.068 0.066 0.007 0.065 0.041 
 248   (0.130) 0.370 0.123 0.038 0.023 0.191 0.098 0.322 0.123 0.119 0.070 0.130 0.211 0.135 0.123 0.127 0.011 0.133 0.278 
 260   (0.040) 0.020 0.038 0.253 0.005 0.026 0.020 0.015 0.039 0.032 0.007 0.040 0.004 0.036 0.041 0.039 0.003 0.034 0.008 
 264   (0.015) 0.003 0.017 0.002 0.002 0.010 0.008 0.002 0.016 0.012 0.002 0.015 0.002 0.014 0.014 0.017 0.001 0.017 0.003 
 244   (0.027) 0.007 0.024 0.003 0.014 0.047 0.015 0.003 0.025 0.020 0.004 0.027 0.003 0.022 0.023 0.025 0.002 0.023 0.043 
 276   (0.011) 0.003 0.009 0.001 0.001 0.006 0.005 0.001 0.010 0.007 0.002 0.011 0.001 0.008 0.009 0.010 0.001 0.007 0.002 

Values of parameters used in structure:
DATAFILE=G:\Shared drives\Emily_Schumacher\QUAC_analyses\QUAC_structure_wild_relate\QUAC_allpop_relate_red_12_15_21\project_data,	OUTFILE=G:\Shared drives\Emily_Schumacher\QUAC_analyses\QUAC_structure_wild_relate\QUAC_allpop_relate_red_12_15_21\50-100\Results\50-100_run_87,	NUMINDS=188,	NUMLOCI=15,	MISSING=-9,	LABEL=1,	POPDATA=1,	POPFLAG=0,	PHENOTYPE=0,	EXTRACOLS=0,	MAXPOPS=18,	BURNIN=50000,	NUMREPS=100000,	USEPOPINFO=0,	INFERALPHA=1,	INFERLAMBDA=0,	POPSPECIFICLAMBDA=0,	POPALPHAS=0,	COMPUTEPROB=1,	NOADMIX=0,	ADMBURNIN=2500,	UPDATEFREQ=1,	PRINTLIKES=0,	INTERMEDSAVE=0,	PRINTKLD=0,	PRINTNET=0,	PRINTLAMBDA=0,	ANCESTDIST=0,	NUMBOXES=1000,	ANCESTPINT=0.90000,	GENSBACK=2,	MIGRPRIOR=0.05000,	PRINTQHAT=0,	PRINTQSUM=0,	ALPHA=1.0000,	FREQSCORR=1,	FPRIORMEAN=0.0100,	FPRIORSD=0.0500,	ONEFST=0,	LAMBDA=1.0000,	UNIFPRIORALPHA=1,	ALPHAMAX=10.0000,	ALPHAPRIORA=1.0000,	ALPHAPRIORB=2.0000,	ALPHAPROPSD=0.0250,	STARTATPOPINFO=0,	RANDOMIZE=1,	LINKAGE=0,	METROFREQ=10,	REPORTHITRATE=0,	MARKOVPHASE=-1,	PHASED=0,	PLOIDY=2,	PHASEINFO=0	LOCPRIOR=0, 	LOCPRIORINIT=1.000000, 	LOCDATA=0, 	LOCISPOP=0, 	LOCPRIORSTEP=0.100000, 	MAXLOCPRIOR=20.000000, 	SEED=1639613898,	
[STRAT parameters]:    NUMSIMSTATS=1000,	PHENOTYPECOL=-9,	POOLFREQ=10,	LOCUSxONLY=0,	EMERROR=0.00100,	MISSINGPHENO=-9,	