

----------------------------------------------------
STRUCTURE by Pritchard, Stephens and Donnelly (2000)
     and Falush, Stephens and Pritchard (2003)
       Code by Pritchard, Falush and Hubisz
             Version 2.3.4 (Jul 2012)
----------------------------------------------------



Command line arguments:   bin\structure -m G:\Shared drives\Emily_Schumacher\QUAC_analyses\QUAC_structure_wild_relate\QUAC_allpop_relate_red_12_15_21\50-100\mainparams -e G:\Shared drives\Emily_Schumacher\QUAC_analyses\QUAC_structure_wild_relate\QUAC_allpop_relate_red_12_15_21\50-100\extraparams 
Input File:    G:\Shared drives\Emily_Schumacher\QUAC_analyses\QUAC_structure_wild_relate\QUAC_allpop_relate_red_12_15_21\project_data

Run parameters:
   188 individuals
   15 loci
   20 populations assumed
   50000 Burn-in period
   100000 Reps


--------------------------------------------
Proportion of membership of each pre-defined
 population in each of the 20 clusters

Given    Inferred Clusters                                                                                                                              Number of
 Pop       1      2      3      4      5      6      7      8      9     10     11     12     13     14     15     16     17     18     19     20      Individuals

  1:     0.010  0.006  0.005  0.011  0.010  0.004  0.008  0.008  0.009  0.845  0.008  0.009  0.008  0.010  0.015  0.011  0.004  0.005  0.008  0.007        2
  2:     0.027  0.017  0.180  0.077  0.054  0.038  0.022  0.021  0.022  0.034  0.024  0.026  0.022  0.028  0.260  0.031  0.018  0.010  0.022  0.068       17
  3:     0.035  0.014  0.013  0.136  0.088  0.011  0.032  0.047  0.033  0.053  0.032  0.036  0.031  0.038  0.146  0.044  0.025  0.071  0.027  0.089       19
  4:     0.048  0.019  0.011  0.219  0.132  0.017  0.036  0.033  0.041  0.101  0.042  0.042  0.040  0.044  0.010  0.050  0.058  0.018  0.029  0.010       10
  5:     0.014  0.008  0.005  0.013  0.012  0.009  0.013  0.011  0.013  0.009  0.012  0.014  0.013  0.013  0.548  0.013  0.027  0.008  0.011  0.235        2
  6:     0.027  0.015  0.137  0.274  0.156  0.016  0.026  0.043  0.026  0.008  0.025  0.028  0.028  0.027  0.008  0.028  0.006  0.087  0.022  0.015        2
  7:     0.047  0.019  0.009  0.019  0.023  0.103  0.048  0.035  0.053  0.009  0.048  0.046  0.052  0.037  0.127  0.039  0.007  0.026  0.035  0.217        1
  8:     0.007  0.009  0.005  0.008  0.008  0.011  0.007  0.007  0.007  0.007  0.007  0.007  0.007  0.007  0.833  0.007  0.008  0.006  0.008  0.035        1
  9:     0.081  0.086  0.006  0.032  0.031  0.011  0.080  0.057  0.076  0.005  0.078  0.072  0.075  0.083  0.005  0.059  0.005  0.032  0.076  0.052        1
 10:     0.048  0.014  0.122  0.017  0.016  0.009  0.047  0.106  0.059  0.006  0.053  0.045  0.050  0.034  0.012  0.035  0.010  0.277  0.032  0.008        6
 11:     0.042  0.022  0.076  0.076  0.055  0.020  0.045  0.066  0.044  0.012  0.041  0.043  0.043  0.045  0.041  0.042  0.033  0.112  0.035  0.107       16
 12:     0.042  0.353  0.003  0.021  0.024  0.007  0.051  0.036  0.048  0.014  0.055  0.047  0.049  0.036  0.020  0.039  0.016  0.019  0.114  0.006        1
 13:     0.038  0.019  0.012  0.108  0.072  0.012  0.033  0.032  0.031  0.022  0.033  0.037  0.032  0.038  0.013  0.044  0.366  0.019  0.028  0.013       33
 14:     0.020  0.015  0.086  0.019  0.017  0.119  0.018  0.044  0.018  0.009  0.018  0.019  0.018  0.017  0.070  0.020  0.009  0.111  0.016  0.337       21
 15:     0.019  0.010  0.021  0.018  0.016  0.045  0.018  0.020  0.018  0.660  0.018  0.018  0.020  0.019  0.009  0.018  0.012  0.011  0.016  0.013       14
 16:     0.026  0.391  0.008  0.019  0.088  0.011  0.026  0.023  0.024  0.012  0.027  0.026  0.025  0.032  0.011  0.027  0.015  0.013  0.180  0.017       35
 17:     0.087  0.028  0.006  0.039  0.034  0.012  0.089  0.063  0.085  0.009  0.081  0.089  0.087  0.084  0.011  0.070  0.009  0.028  0.080  0.009        7
--------------------------------------------

Allele-freq. divergence among pops (Net nucleotide distance),
computed using point estimates of P.

      1       2       3       4       5       6       7       8       9      10      11      12      13      14      15      16      17      18      19      20      
 1      -    0.0187  0.0574  0.0152  0.0069  0.0545  0.0002  0.0019  0.0003  0.0457  0.0002  0.0000  0.0002  0.0002  0.0843  0.0006  0.0488  0.0227  0.0032  0.0578  
 2   0.0187     -    0.0767  0.0432  0.0216  0.0711  0.0178  0.0199  0.0180  0.0700  0.0176  0.0186  0.0180  0.0189  0.1092  0.0208  0.0790  0.0400  0.0072  0.0725  
 3   0.0574  0.0767     -    0.0827  0.0701  0.1000  0.0571  0.0562  0.0568  0.1112  0.0568  0.0576  0.0569  0.0588  0.1483  0.0583  0.1106  0.0657  0.0607  0.1085  
 4   0.0152  0.0432  0.0827     -    0.0052  0.0793  0.0167  0.0181  0.0167  0.0670  0.0163  0.0155  0.0164  0.0148  0.0920  0.0136  0.0517  0.0404  0.0220  0.0787  
 5   0.0069  0.0216  0.0701  0.0052     -    0.0683  0.0076  0.0098  0.0078  0.0570  0.0073  0.0071  0.0076  0.0064  0.0879  0.0064  0.0508  0.0329  0.0078  0.0640  
 6   0.0545  0.0711  0.1000  0.0793  0.0683     -    0.0533  0.0533  0.0526  0.1061  0.0533  0.0546  0.0529  0.0566  0.1399  0.0582  0.1308  0.0660  0.0569  0.1017  
 7   0.0002  0.0178  0.0571  0.0167  0.0076  0.0533     -    0.0018  0.0001  0.0459  0.0001  0.0002  0.0000  0.0004  0.0847  0.0013  0.0513  0.0218  0.0027  0.0564  
 8   0.0019  0.0199  0.0562  0.0181  0.0098  0.0533  0.0018     -    0.0017  0.0496  0.0018  0.0019  0.0017  0.0024  0.0870  0.0030  0.0554  0.0116  0.0049  0.0585  
 9   0.0003  0.0180  0.0568  0.0167  0.0078  0.0526  0.0001  0.0017     -    0.0452  0.0000  0.0002  0.0000  0.0006  0.0839  0.0014  0.0508  0.0214  0.0029  0.0559  
10   0.0457  0.0700  0.1112  0.0670  0.0570  0.1061  0.0459  0.0496  0.0452     -    0.0454  0.0463  0.0452  0.0471  0.1169  0.0479  0.0984  0.0780  0.0505  0.0969  
11   0.0002  0.0176  0.0568  0.0163  0.0073  0.0533  0.0001  0.0018  0.0000  0.0454     -    0.0001  0.0000  0.0004  0.0840  0.0011  0.0501  0.0218  0.0027  0.0563  
12   0.0000  0.0186  0.0576  0.0155  0.0071  0.0546  0.0002  0.0019  0.0002  0.0463  0.0001     -    0.0002  0.0002  0.0847  0.0006  0.0492  0.0225  0.0032  0.0580  
13   0.0002  0.0180  0.0569  0.0164  0.0076  0.0529  0.0000  0.0017  0.0000  0.0452  0.0000  0.0002     -    0.0005  0.0841  0.0012  0.0506  0.0216  0.0028  0.0564  
14   0.0002  0.0189  0.0588  0.0148  0.0064  0.0566  0.0004  0.0024  0.0006  0.0471  0.0004  0.0002  0.0005     -    0.0856  0.0004  0.0492  0.0240  0.0033  0.0592  
15   0.0843  0.1092  0.1483  0.0920  0.0879  0.1399  0.0847  0.0870  0.0839  0.1169  0.0840  0.0847  0.0841  0.0856     -    0.0849  0.1391  0.1089  0.0911  0.0961  
16   0.0006  0.0208  0.0583  0.0136  0.0064  0.0582  0.0013  0.0030  0.0014  0.0479  0.0011  0.0006  0.0012  0.0004  0.0849     -    0.0463  0.0248  0.0047  0.0609  
17   0.0488  0.0790  0.1106  0.0517  0.0508  0.1308  0.0513  0.0554  0.0508  0.0984  0.0501  0.0492  0.0506  0.0492  0.1391  0.0463     -    0.0853  0.0581  0.1156  
18   0.0227  0.0400  0.0657  0.0404  0.0329  0.0660  0.0218  0.0116  0.0214  0.0780  0.0218  0.0225  0.0216  0.0240  0.1089  0.0248  0.0853     -    0.0257  0.0736  
19   0.0032  0.0072  0.0607  0.0220  0.0078  0.0569  0.0027  0.0049  0.0029  0.0505  0.0027  0.0032  0.0028  0.0033  0.0911  0.0047  0.0581  0.0257     -    0.0579  
20   0.0578  0.0725  0.1085  0.0787  0.0640  0.1017  0.0564  0.0585  0.0559  0.0969  0.0563  0.0580  0.0564  0.0592  0.0961  0.0609  0.1156  0.0736  0.0579     -    

Average distances (expected heterozygosity) between individuals in same cluster:
cluster  1  : 0.6311 
cluster  2  : 0.5660 
cluster  3  : 0.5155 
cluster  4  : 0.5642 
cluster  5  : 0.5776 
cluster  6  : 0.6006 
cluster  7  : 0.6369 
cluster  8  : 0.6340 
cluster  9  : 0.6410 
cluster 10  : 0.5273 
cluster 11  : 0.6375 
cluster 12  : 0.6326 
cluster 13  : 0.6385 
cluster 14  : 0.6255 
cluster 15  : 0.4239 
cluster 16  : 0.6171 
cluster 17  : 0.5044 
cluster 18  : 0.6154 
cluster 19  : 0.6150 
cluster 20  : 0.5036 

--------------------------------------------
Estimated Ln Prob of Data   = -8369.5
Mean value of ln likelihood = -7009.6
Variance of ln likelihood   = 2719.7
Mean value of alpha         = 0.0397

Mean value of Fst_1         = 0.0400
Mean value of Fst_2         = 0.1576
Mean value of Fst_3         = 0.2728
Mean value of Fst_4         = 0.1737
Mean value of Fst_5         = 0.1805
Mean value of Fst_6         = 0.2735
Mean value of Fst_7         = 0.0300
Mean value of Fst_8         = 0.0922
Mean value of Fst_9         = 0.0011
Mean value of Fst_10         = 0.2197
Mean value of Fst_11         = 0.0183
Mean value of Fst_12         = 0.0446
Mean value of Fst_13         = 0.0158
Mean value of Fst_14         = 0.0858
Mean value of Fst_15         = 0.4161
Mean value of Fst_16         = 0.1001
Mean value of Fst_17         = 0.2466
Mean value of Fst_18         = 0.1417
Mean value of Fst_19         = 0.0837
Mean value of Fst_20         = 0.2679


Inferred ancestry of individuals:
        Label (%Miss) Pop:  Inferred clusters
  1 QAc-G-0029    (0)    1 :  0.014 0.005 0.006 0.018 0.014 0.006 0.010 0.011 0.012 0.784 0.012 0.014 0.012 0.015 0.026 0.016 0.005 0.006 0.010 0.006 
  2 QAc-G-0030    (0)    1 :  0.005 0.006 0.005 0.004 0.005 0.003 0.005 0.005 0.005 0.905 0.005 0.005 0.005 0.006 0.004 0.005 0.004 0.004 0.006 0.008 
  3 QAc-G-0062    (0)    2 :  0.022 0.031 0.392 0.010 0.015 0.051 0.025 0.017 0.025 0.006 0.022 0.023 0.020 0.022 0.033 0.021 0.004 0.013 0.025 0.223 
  4 QAc-G-0063    (0)    2 :  0.029 0.014 0.009 0.024 0.025 0.016 0.025 0.025 0.026 0.006 0.024 0.030 0.026 0.028 0.571 0.026 0.016 0.011 0.024 0.045 
  5 QAc-G-0064    (0)    2 :  0.007 0.007 0.863 0.006 0.008 0.005 0.006 0.006 0.006 0.005 0.006 0.006 0.006 0.007 0.007 0.007 0.005 0.006 0.006 0.026 
  6 QAc-G-0065    (0)    2 :  0.005 0.003 0.910 0.004 0.004 0.004 0.005 0.005 0.005 0.006 0.005 0.005 0.005 0.005 0.003 0.005 0.005 0.009 0.004 0.003 
  7 QAc-G-0066    (0)    2 :  0.004 0.004 0.003 0.004 0.004 0.004 0.004 0.004 0.004 0.004 0.004 0.004 0.004 0.004 0.926 0.004 0.004 0.003 0.004 0.005 
  8 QAc-G-0067    (0)    2 :  0.017 0.007 0.766 0.015 0.013 0.006 0.015 0.014 0.016 0.017 0.016 0.015 0.014 0.012 0.005 0.015 0.008 0.013 0.011 0.005 
  9 QAc-G-0068    (0)    2 :  0.005 0.009 0.006 0.003 0.004 0.474 0.005 0.004 0.004 0.005 0.004 0.005 0.005 0.004 0.436 0.005 0.004 0.006 0.005 0.006 
 10 QAc-G-0070    (0)    2 :  0.022 0.055 0.019 0.015 0.058 0.018 0.024 0.017 0.023 0.011 0.025 0.020 0.025 0.023 0.458 0.022 0.006 0.009 0.041 0.111 
 11 QAc-G-0071   (13)    2 :  0.005 0.005 0.003 0.007 0.007 0.005 0.006 0.006 0.006 0.008 0.006 0.005 0.006 0.006 0.862 0.006 0.003 0.005 0.006 0.037 
 12 QAc-G-0072    (0)    2 :  0.005 0.006 0.004 0.005 0.006 0.005 0.005 0.005 0.005 0.005 0.005 0.005 0.005 0.005 0.904 0.005 0.004 0.004 0.006 0.004 
 13 QAc-G-0073    (0)    2 :  0.053 0.013 0.004 0.376 0.216 0.006 0.018 0.032 0.018 0.011 0.021 0.043 0.024 0.052 0.004 0.065 0.013 0.006 0.023 0.003 
 14 QAc-G-0074    (0)    2 :  0.038 0.026 0.006 0.264 0.146 0.006 0.032 0.024 0.029 0.005 0.036 0.032 0.032 0.031 0.157 0.047 0.019 0.010 0.025 0.035 
 15 QAc-G-0075    (0)    2 :  0.024 0.011 0.010 0.420 0.233 0.007 0.024 0.021 0.025 0.015 0.028 0.025 0.026 0.026 0.011 0.026 0.023 0.011 0.022 0.011 
 16 QAc-G-0076    (0)    2 :  0.091 0.014 0.029 0.078 0.085 0.005 0.039 0.053 0.039 0.008 0.059 0.079 0.035 0.098 0.009 0.141 0.087 0.013 0.033 0.005 
 17 QAc-G-0080    (0)    2 :  0.041 0.011 0.021 0.020 0.021 0.018 0.048 0.041 0.047 0.445 0.047 0.043 0.046 0.042 0.009 0.031 0.004 0.015 0.033 0.017 
 18 QAc-G-0081    (0)    2 :  0.077 0.049 0.006 0.036 0.043 0.006 0.076 0.072 0.088 0.007 0.078 0.093 0.070 0.087 0.005 0.079 0.011 0.022 0.086 0.010 
 19 QAc-G-0083    (0)    2 :  0.021 0.015 0.011 0.018 0.021 0.004 0.014 0.014 0.014 0.013 0.019 0.017 0.018 0.020 0.029 0.031 0.092 0.007 0.015 0.608 
 20 QAc-G-0285    (0)    3 :  0.007 0.007 0.004 0.005 0.005 0.008 0.008 0.008 0.007 0.011 0.007 0.007 0.007 0.006 0.077 0.007 0.005 0.010 0.007 0.799 
 21 QAc-G-0287    (0)    3 :  0.003 0.003 0.003 0.004 0.004 0.003 0.003 0.003 0.003 0.004 0.003 0.003 0.003 0.003 0.938 0.003 0.003 0.003 0.003 0.004 
 22 QAc-G-0288    (6)    3 :  0.007 0.010 0.005 0.006 0.006 0.009 0.007 0.007 0.008 0.016 0.007 0.007 0.008 0.007 0.860 0.007 0.007 0.006 0.007 0.004 
 23 QAc-G-0292    (0)    3 :  0.011 0.013 0.006 0.009 0.012 0.010 0.013 0.011 0.012 0.005 0.011 0.012 0.011 0.014 0.170 0.013 0.005 0.010 0.010 0.642 
 24 QAc-G-0294    (0)    3 :  0.087 0.020 0.020 0.052 0.073 0.019 0.047 0.065 0.043 0.017 0.057 0.091 0.054 0.119 0.005 0.127 0.041 0.017 0.040 0.004 
 25 QAc-G-0295    (0)    3 :  0.036 0.013 0.015 0.241 0.170 0.005 0.032 0.026 0.025 0.019 0.034 0.037 0.028 0.086 0.014 0.137 0.027 0.009 0.025 0.021 
 26 QAc-G-0296    (0)    3 :  0.042 0.011 0.047 0.299 0.200 0.005 0.026 0.037 0.024 0.005 0.030 0.046 0.022 0.040 0.007 0.071 0.047 0.009 0.016 0.015 
 27 QAc-G-0297    (0)    3 :  0.061 0.014 0.003 0.161 0.101 0.007 0.068 0.059 0.076 0.005 0.076 0.076 0.073 0.060 0.003 0.042 0.029 0.026 0.057 0.004 
 28 QAc-G-0298    (6)    3 :  0.018 0.011 0.008 0.474 0.267 0.005 0.016 0.015 0.015 0.015 0.015 0.017 0.016 0.025 0.004 0.032 0.010 0.008 0.014 0.017 
 29 QAc-G-0299    (0)    3 :  0.020 0.006 0.005 0.451 0.249 0.008 0.012 0.014 0.012 0.005 0.014 0.013 0.012 0.016 0.010 0.024 0.106 0.008 0.009 0.005 
 30 QAc-G-0300    (0)    3 :  0.050 0.024 0.036 0.222 0.154 0.009 0.030 0.045 0.033 0.005 0.038 0.044 0.031 0.052 0.005 0.076 0.097 0.013 0.031 0.004 
 31 QAc-G-0301    (0)    3 :  0.010 0.006 0.039 0.511 0.282 0.004 0.012 0.011 0.011 0.008 0.010 0.010 0.011 0.011 0.011 0.012 0.016 0.007 0.010 0.010 
 32 QAc-G-0302    (0)    3 :  0.017 0.008 0.004 0.014 0.012 0.017 0.019 0.185 0.018 0.005 0.018 0.018 0.018 0.018 0.005 0.018 0.024 0.561 0.015 0.006 
 33 QAc-G-0303    (0)    3 :  0.019 0.020 0.010 0.008 0.013 0.035 0.020 0.175 0.018 0.006 0.017 0.015 0.016 0.014 0.005 0.014 0.004 0.553 0.022 0.015 
 34 QAc-G-0305    (0)    3 :  0.016 0.013 0.005 0.011 0.015 0.032 0.021 0.019 0.018 0.020 0.019 0.018 0.016 0.020 0.626 0.016 0.004 0.022 0.015 0.073 
 35 QAc-G-0307    (0)    3 :  0.011 0.016 0.006 0.008 0.011 0.007 0.012 0.011 0.011 0.816 0.011 0.010 0.011 0.011 0.004 0.010 0.005 0.007 0.013 0.009 
 36 QAc-G-0313    (0)    3 :  0.084 0.024 0.017 0.027 0.020 0.010 0.085 0.054 0.112 0.010 0.100 0.086 0.092 0.064 0.010 0.063 0.007 0.026 0.060 0.049 
 37 QAc-G-0314    (0)    3 :  0.084 0.024 0.009 0.048 0.039 0.007 0.078 0.067 0.084 0.010 0.080 0.098 0.086 0.070 0.004 0.087 0.024 0.027 0.071 0.003 
 38 QAc-G-0316    (0)    3 :  0.082 0.026 0.013 0.033 0.042 0.005 0.098 0.080 0.092 0.023 0.062 0.074 0.079 0.084 0.008 0.080 0.012 0.022 0.078 0.006 
 39 QAc-G-0033    (0)    4 :  0.010 0.007 0.012 0.443 0.253 0.004 0.008 0.010 0.009 0.007 0.009 0.010 0.010 0.011 0.005 0.022 0.151 0.006 0.008 0.004 
 40 QAc-G-0034    (0)    4 :  0.013 0.011 0.008 0.519 0.290 0.005 0.010 0.010 0.011 0.026 0.011 0.012 0.011 0.011 0.004 0.013 0.010 0.010 0.011 0.004 
 41 QAc-G-0035    (0)    4 :  0.060 0.015 0.023 0.034 0.045 0.008 0.032 0.047 0.035 0.012 0.041 0.062 0.036 0.080 0.016 0.075 0.320 0.014 0.031 0.014 
 42 QAc-G-0036    (0)    4 :  0.010 0.009 0.014 0.538 0.293 0.005 0.010 0.009 0.011 0.006 0.012 0.011 0.010 0.011 0.013 0.010 0.007 0.006 0.009 0.008 
 43 QAc-G-0039    (0)    4 :  0.090 0.025 0.009 0.040 0.067 0.012 0.046 0.077 0.047 0.038 0.059 0.083 0.054 0.116 0.008 0.134 0.021 0.018 0.050 0.004 
 44 QAc-G-0040    (0)    4 :  0.074 0.067 0.007 0.062 0.070 0.005 0.055 0.051 0.054 0.011 0.066 0.069 0.052 0.076 0.016 0.111 0.034 0.021 0.054 0.044 
 45 QAc-G-0045    (0)    4 :  0.032 0.006 0.006 0.509 0.260 0.004 0.008 0.022 0.007 0.012 0.008 0.015 0.010 0.025 0.009 0.028 0.022 0.005 0.007 0.004 
 46 QAc-G-0050    (0)    4 :  0.079 0.020 0.006 0.019 0.014 0.094 0.083 0.050 0.096 0.080 0.084 0.063 0.094 0.042 0.012 0.042 0.004 0.058 0.049 0.012 
 47 QAc-G-0052    (0)    4 :  0.014 0.009 0.017 0.008 0.011 0.015 0.013 0.012 0.013 0.782 0.014 0.013 0.016 0.016 0.004 0.012 0.005 0.007 0.014 0.004 
 48 QAc-G-0056    (0)    4 :  0.100 0.021 0.008 0.018 0.020 0.016 0.091 0.045 0.128 0.033 0.115 0.081 0.111 0.049 0.007 0.051 0.007 0.034 0.058 0.005 
 49 QAc-G-0276    (0)    5 :  0.015 0.008 0.003 0.014 0.014 0.008 0.012 0.011 0.011 0.008 0.011 0.012 0.011 0.014 0.343 0.013 0.021 0.006 0.011 0.453 
 50 QAc-G-0280    (6)    5 :  0.014 0.008 0.006 0.012 0.010 0.010 0.014 0.012 0.015 0.010 0.013 0.015 0.014 0.012 0.754 0.013 0.032 0.009 0.012 0.016 
 51 QAc-G-0018    (0)    6 :  0.012 0.007 0.006 0.524 0.285 0.020 0.011 0.011 0.011 0.011 0.011 0.011 0.012 0.012 0.007 0.014 0.007 0.014 0.010 0.004 
 52 QAc-G-0017    (0)    6 :  0.042 0.024 0.267 0.024 0.028 0.012 0.041 0.075 0.042 0.004 0.038 0.045 0.044 0.041 0.010 0.041 0.004 0.161 0.034 0.026 
 53 QAc-G-0250    (0)    7 :  0.047 0.019 0.009 0.019 0.023 0.103 0.048 0.035 0.053 0.009 0.048 0.046 0.052 0.037 0.127 0.039 0.007 0.026 0.035 0.217 
 54 QAc-G-0003    (6)    8 :  0.007 0.009 0.005 0.008 0.008 0.011 0.007 0.007 0.007 0.007 0.007 0.007 0.007 0.007 0.833 0.007 0.008 0.006 0.008 0.035 
 55 QAc-G-0283    (0)    9 :  0.081 0.086 0.006 0.032 0.031 0.011 0.080 0.057 0.076 0.005 0.078 0.072 0.075 0.083 0.005 0.059 0.005 0.032 0.076 0.052 
 56 QAc-G-0255    (0)   10 :  0.028 0.013 0.008 0.024 0.026 0.020 0.046 0.156 0.027 0.004 0.036 0.042 0.038 0.040 0.005 0.042 0.025 0.394 0.019 0.006 
 57 QAc-G-0256    (0)   10 :  0.008 0.005 0.018 0.008 0.007 0.007 0.007 0.188 0.008 0.006 0.007 0.008 0.008 0.008 0.020 0.009 0.008 0.651 0.007 0.013 
 58 QAc-G-0257    (0)   10 :  0.018 0.015 0.064 0.010 0.013 0.009 0.021 0.166 0.023 0.009 0.019 0.019 0.022 0.017 0.004 0.022 0.003 0.523 0.016 0.006 
 59 QAc-G-0259    (0)   10 :  0.114 0.012 0.003 0.021 0.010 0.004 0.094 0.042 0.154 0.003 0.129 0.097 0.107 0.055 0.003 0.049 0.008 0.025 0.068 0.003 
 60 QAc-G-0260    (0)   10 :  0.085 0.030 0.126 0.019 0.021 0.006 0.076 0.047 0.095 0.008 0.084 0.065 0.081 0.046 0.038 0.055 0.011 0.052 0.042 0.012 
 61 QAc-G-0261    (0)   10 :  0.038 0.009 0.513 0.018 0.019 0.010 0.037 0.033 0.045 0.006 0.044 0.040 0.044 0.039 0.005 0.033 0.005 0.019 0.037 0.006 
 62 QAc-G-0109    (0)   11 :  0.049 0.022 0.046 0.023 0.029 0.006 0.050 0.115 0.058 0.012 0.055 0.045 0.051 0.042 0.005 0.034 0.004 0.301 0.043 0.009 
 63 QAc-G-0113    (0)   11 :  0.022 0.010 0.022 0.014 0.011 0.091 0.023 0.145 0.024 0.018 0.027 0.021 0.025 0.018 0.010 0.018 0.005 0.423 0.017 0.053 
 64 QAc-G-0114    (0)   11 :  0.026 0.009 0.004 0.024 0.021 0.014 0.030 0.144 0.033 0.007 0.030 0.032 0.030 0.024 0.010 0.029 0.081 0.426 0.018 0.008 
 65 QAc-G-0117    (0)   11 :  0.063 0.017 0.067 0.063 0.045 0.061 0.058 0.068 0.057 0.010 0.051 0.063 0.053 0.065 0.007 0.065 0.030 0.076 0.033 0.048 
 66 QAc-G-0120    (0)   11 :  0.073 0.017 0.008 0.028 0.021 0.010 0.081 0.098 0.085 0.008 0.071 0.062 0.093 0.038 0.004 0.047 0.011 0.196 0.039 0.010 
 67 QAc-G-0125    (0)   11 :  0.023 0.017 0.599 0.008 0.013 0.007 0.024 0.017 0.022 0.032 0.026 0.023 0.022 0.021 0.017 0.026 0.005 0.019 0.024 0.052 
 68 QAc-G-0141    (0)   11 :  0.081 0.030 0.021 0.048 0.037 0.051 0.071 0.070 0.068 0.023 0.061 0.074 0.065 0.070 0.018 0.071 0.015 0.052 0.060 0.015 
 69 QAc-G-0143    (0)   11 :  0.053 0.059 0.003 0.024 0.030 0.005 0.105 0.109 0.070 0.006 0.062 0.091 0.079 0.138 0.006 0.056 0.004 0.011 0.087 0.004 
 70 QAc-G-0147    (0)   11 :  0.038 0.046 0.339 0.026 0.031 0.024 0.045 0.042 0.053 0.007 0.041 0.037 0.045 0.036 0.005 0.039 0.008 0.059 0.043 0.036 
 71 QAc-G-0174    (0)   11 :  0.005 0.004 0.003 0.007 0.006 0.006 0.005 0.005 0.005 0.006 0.005 0.005 0.005 0.005 0.071 0.005 0.005 0.004 0.004 0.842 
 72 QAc-G-0182    (0)   11 :  0.006 0.005 0.010 0.005 0.006 0.004 0.006 0.007 0.007 0.003 0.007 0.006 0.007 0.006 0.298 0.006 0.004 0.006 0.005 0.594 
 73 QAc-G-0188    (0)   11 :  0.050 0.012 0.006 0.022 0.033 0.024 0.068 0.099 0.054 0.004 0.046 0.044 0.052 0.052 0.179 0.047 0.015 0.157 0.026 0.011 
 74 QAc-G-0229    (0)   11 :  0.011 0.014 0.004 0.532 0.296 0.006 0.012 0.011 0.010 0.007 0.011 0.011 0.011 0.013 0.005 0.012 0.006 0.009 0.012 0.009 
 75 QAc-G-0233    (0)   11 :  0.056 0.053 0.009 0.029 0.038 0.007 0.064 0.038 0.071 0.021 0.065 0.063 0.063 0.056 0.006 0.049 0.229 0.015 0.063 0.004 
 76 QAc-G-0237    (0)   11 :  0.028 0.012 0.041 0.327 0.217 0.006 0.023 0.022 0.024 0.021 0.034 0.029 0.025 0.038 0.009 0.069 0.026 0.020 0.022 0.008 
 77 QAc-G-0243    (0)   11 :  0.088 0.034 0.038 0.034 0.040 0.007 0.060 0.060 0.060 0.012 0.070 0.076 0.067 0.091 0.004 0.093 0.078 0.024 0.056 0.008 
 78 QAc-G-0249    (0)   12 :  0.042 0.353 0.003 0.021 0.024 0.007 0.051 0.036 0.048 0.014 0.055 0.047 0.049 0.036 0.020 0.039 0.016 0.019 0.114 0.006 
 79 QAc-W-0001    (0)   13 :  0.011 0.006 0.015 0.027 0.024 0.004 0.009 0.011 0.011 0.004 0.009 0.008 0.008 0.009 0.003 0.010 0.806 0.013 0.009 0.003 
 80 QAc-W-0002    (0)   13 :  0.038 0.019 0.004 0.370 0.202 0.009 0.026 0.027 0.024 0.006 0.027 0.036 0.026 0.036 0.034 0.045 0.018 0.026 0.021 0.007 
 81 QAc-W-0003    (0)   13 :  0.015 0.008 0.011 0.018 0.012 0.011 0.014 0.015 0.013 0.017 0.015 0.013 0.013 0.016 0.008 0.018 0.733 0.015 0.011 0.025 
 82 QAc-W-0004    (0)   13 :  0.007 0.005 0.004 0.013 0.011 0.004 0.005 0.005 0.005 0.008 0.006 0.006 0.006 0.006 0.008 0.007 0.880 0.005 0.005 0.004 
 83 QAc-W-0005    (0)   13 :  0.008 0.007 0.005 0.008 0.009 0.004 0.007 0.007 0.007 0.004 0.007 0.007 0.006 0.008 0.005 0.007 0.877 0.006 0.007 0.006 
 84 QAc-W-0007   (13)   13 :  0.009 0.007 0.006 0.012 0.011 0.005 0.007 0.007 0.007 0.005 0.007 0.008 0.007 0.009 0.004 0.009 0.861 0.006 0.007 0.006 
 85 QAc-W-0008    (6)   13 :  0.027 0.014 0.004 0.016 0.022 0.016 0.030 0.021 0.031 0.004 0.030 0.026 0.031 0.024 0.005 0.028 0.632 0.012 0.020 0.006 
 86 QAc-W-0009    (0)   13 :  0.051 0.035 0.010 0.073 0.065 0.011 0.059 0.087 0.053 0.009 0.061 0.057 0.060 0.074 0.018 0.098 0.017 0.115 0.040 0.007 
 87 QAc-W-0010    (0)   13 :  0.022 0.025 0.032 0.013 0.020 0.010 0.018 0.020 0.017 0.005 0.019 0.022 0.016 0.025 0.007 0.024 0.654 0.016 0.021 0.014 
 88 QAc-W-0011    (0)   13 :  0.057 0.013 0.011 0.050 0.055 0.009 0.033 0.039 0.040 0.014 0.045 0.053 0.035 0.050 0.034 0.050 0.358 0.017 0.025 0.013 
 89 QAc-W-0012    (0)   13 :  0.025 0.017 0.011 0.074 0.056 0.013 0.019 0.017 0.022 0.011 0.019 0.025 0.022 0.024 0.013 0.018 0.581 0.012 0.016 0.005 
 90 QAc-W-0013    (0)   13 :  0.069 0.012 0.008 0.146 0.108 0.006 0.032 0.057 0.029 0.149 0.040 0.057 0.032 0.061 0.016 0.096 0.014 0.037 0.022 0.007 
 91 QAc-W-0014    (0)   13 :  0.014 0.017 0.005 0.016 0.017 0.005 0.013 0.010 0.011 0.005 0.012 0.013 0.010 0.012 0.004 0.014 0.795 0.005 0.014 0.009 
 92 QAc-W-0015    (0)   13 :  0.054 0.021 0.004 0.261 0.158 0.005 0.024 0.041 0.022 0.014 0.026 0.048 0.022 0.045 0.018 0.067 0.013 0.014 0.020 0.123 
 93 QAc-W-0017    (0)   13 :  0.073 0.042 0.006 0.054 0.049 0.016 0.080 0.075 0.059 0.019 0.074 0.075 0.067 0.079 0.009 0.075 0.008 0.026 0.073 0.040 
 94 QAc-W-0018    (0)   13 :  0.056 0.015 0.014 0.028 0.031 0.026 0.046 0.042 0.049 0.038 0.049 0.043 0.049 0.050 0.005 0.055 0.331 0.028 0.043 0.004 
 95 QAc-W-0020    (0)   13 :  0.019 0.009 0.011 0.012 0.010 0.008 0.025 0.016 0.024 0.004 0.021 0.023 0.024 0.023 0.004 0.021 0.717 0.008 0.016 0.005 
 96 QAc-W-0021    (0)   13 :  0.061 0.016 0.009 0.030 0.028 0.011 0.050 0.042 0.053 0.093 0.056 0.059 0.053 0.044 0.011 0.051 0.263 0.026 0.041 0.003 
 97 QAc-W-0022    (0)   13 :  0.077 0.039 0.007 0.100 0.070 0.007 0.070 0.058 0.070 0.010 0.058 0.086 0.061 0.076 0.013 0.078 0.018 0.023 0.056 0.023 
 98 QAc-W-0023    (6)   13 :  0.063 0.032 0.027 0.091 0.076 0.005 0.054 0.047 0.059 0.018 0.057 0.065 0.056 0.072 0.003 0.099 0.089 0.035 0.047 0.005 
 99 QAc-W-0024    (0)   13 :  0.049 0.015 0.006 0.029 0.032 0.006 0.057 0.051 0.045 0.082 0.041 0.043 0.054 0.049 0.049 0.055 0.269 0.015 0.047 0.005 
100 QAc-W-0025    (0)   13 :  0.028 0.011 0.004 0.224 0.142 0.009 0.025 0.025 0.026 0.015 0.032 0.034 0.026 0.035 0.008 0.035 0.279 0.012 0.025 0.005 
101 QAc-W-0026    (0)   13 :  0.041 0.024 0.024 0.046 0.038 0.015 0.030 0.032 0.038 0.073 0.040 0.039 0.042 0.029 0.041 0.029 0.357 0.020 0.029 0.014 
102 QAc-W-0027    (0)   13 :  0.016 0.011 0.004 0.452 0.270 0.006 0.016 0.015 0.017 0.005 0.014 0.016 0.014 0.017 0.005 0.016 0.079 0.012 0.013 0.004 
103 QAc-W-0028    (0)   13 :  0.028 0.017 0.004 0.099 0.059 0.004 0.026 0.023 0.021 0.004 0.024 0.026 0.026 0.036 0.008 0.027 0.525 0.010 0.025 0.008 
104 QAc-W-0029    (0)   13 :  0.049 0.008 0.021 0.153 0.114 0.025 0.028 0.035 0.021 0.007 0.033 0.052 0.026 0.064 0.004 0.097 0.224 0.015 0.020 0.004 
105 QAc-W-0032    (0)   13 :  0.012 0.010 0.029 0.022 0.020 0.004 0.010 0.011 0.012 0.007 0.011 0.014 0.012 0.012 0.003 0.016 0.777 0.005 0.011 0.003 
106 QAc-W-0033    (0)   13 :  0.075 0.028 0.029 0.029 0.025 0.059 0.076 0.051 0.085 0.011 0.080 0.066 0.068 0.055 0.004 0.055 0.120 0.024 0.051 0.009 
107 QAc-W-0035    (0)   13 :  0.036 0.019 0.007 0.241 0.144 0.020 0.035 0.029 0.036 0.017 0.055 0.042 0.034 0.047 0.017 0.074 0.086 0.012 0.035 0.013 
108 QAc-W-0037    (0)   13 :  0.014 0.007 0.017 0.505 0.279 0.008 0.013 0.010 0.012 0.013 0.014 0.012 0.010 0.013 0.008 0.015 0.026 0.007 0.011 0.006 
109 QAc-W-0038    (0)   13 :  0.067 0.023 0.011 0.075 0.049 0.008 0.081 0.056 0.061 0.006 0.056 0.068 0.069 0.083 0.008 0.073 0.090 0.018 0.071 0.028 
110 QAc-W-0040    (0)   13 :  0.025 0.072 0.016 0.017 0.034 0.005 0.030 0.018 0.028 0.011 0.026 0.023 0.027 0.020 0.010 0.020 0.545 0.011 0.053 0.009 
111 QAc-W-0041    (0)   13 :  0.059 0.016 0.005 0.268 0.134 0.028 0.026 0.053 0.030 0.051 0.028 0.047 0.034 0.049 0.029 0.060 0.032 0.025 0.021 0.006 
112 QAc-W-0042    (0)   14 :  0.025 0.011 0.322 0.028 0.020 0.051 0.014 0.092 0.015 0.016 0.017 0.020 0.016 0.018 0.033 0.028 0.006 0.246 0.013 0.010 
113 QAc-W-0044    (0)   14 :  0.062 0.039 0.152 0.099 0.075 0.016 0.030 0.054 0.022 0.005 0.030 0.058 0.029 0.044 0.040 0.078 0.008 0.057 0.033 0.068 
114 QAc-W-0045    (0)   14 :  0.017 0.007 0.038 0.017 0.012 0.071 0.020 0.155 0.017 0.008 0.015 0.017 0.014 0.013 0.010 0.019 0.006 0.524 0.012 0.007 
115 QAc-W-0048    (0)   14 :  0.022 0.008 0.079 0.018 0.012 0.008 0.025 0.145 0.028 0.013 0.028 0.022 0.023 0.019 0.005 0.022 0.010 0.491 0.016 0.006 
116 QAc-W-0050    (0)   14 :  0.019 0.014 0.018 0.013 0.011 0.562 0.018 0.049 0.020 0.006 0.020 0.018 0.018 0.016 0.008 0.018 0.003 0.146 0.017 0.006 
117 QAc-W-0051    (0)   14 :  0.014 0.006 0.089 0.008 0.008 0.674 0.012 0.014 0.012 0.013 0.012 0.012 0.014 0.011 0.006 0.013 0.007 0.029 0.009 0.038 
118 QAc-W-0052    (0)   14 :  0.005 0.004 0.902 0.005 0.005 0.004 0.005 0.005 0.005 0.003 0.005 0.005 0.005 0.005 0.005 0.005 0.010 0.006 0.005 0.006 
119 QAc-W-0053    (0)   14 :  0.015 0.009 0.018 0.010 0.009 0.015 0.012 0.180 0.012 0.005 0.011 0.012 0.013 0.013 0.005 0.013 0.008 0.622 0.010 0.007 
120 QAc-W-0054    (0)   14 :  0.044 0.026 0.080 0.024 0.027 0.146 0.060 0.047 0.050 0.007 0.047 0.051 0.050 0.054 0.097 0.058 0.008 0.034 0.037 0.056 
121 QAc-W-0056    (0)   14 :  0.050 0.014 0.007 0.053 0.033 0.340 0.048 0.034 0.060 0.009 0.053 0.045 0.054 0.039 0.007 0.039 0.042 0.026 0.039 0.009 
122 QAc-W-0057    (0)   14 :  0.029 0.013 0.010 0.018 0.014 0.487 0.036 0.033 0.033 0.023 0.032 0.026 0.030 0.022 0.008 0.023 0.006 0.059 0.022 0.075 
123 QAc-W-0060    (0)   14 :  0.009 0.006 0.031 0.015 0.010 0.004 0.007 0.006 0.007 0.004 0.007 0.007 0.007 0.006 0.009 0.008 0.003 0.006 0.007 0.842 
124 QAc-W-0061    (0)   14 :  0.026 0.037 0.005 0.025 0.023 0.015 0.023 0.025 0.024 0.010 0.025 0.025 0.025 0.024 0.013 0.021 0.010 0.017 0.029 0.597 
125 QAc-W-0062    (0)   14 :  0.004 0.005 0.008 0.004 0.005 0.004 0.004 0.004 0.005 0.004 0.004 0.004 0.004 0.004 0.006 0.004 0.003 0.004 0.004 0.912 
126 QAc-W-0063    (0)   14 :  0.012 0.011 0.020 0.008 0.009 0.006 0.013 0.012 0.014 0.019 0.013 0.014 0.015 0.012 0.023 0.014 0.016 0.007 0.013 0.750 
127 QAc-W-0064    (0)   14 :  0.008 0.007 0.005 0.006 0.008 0.008 0.009 0.007 0.008 0.007 0.009 0.008 0.008 0.008 0.022 0.009 0.011 0.006 0.009 0.839 
128 QAc-W-0065    (0)   14 :  0.016 0.013 0.006 0.013 0.016 0.025 0.015 0.015 0.017 0.010 0.015 0.016 0.017 0.015 0.009 0.013 0.008 0.010 0.017 0.732 
129 QAc-W-0066    (0)   14 :  0.003 0.003 0.003 0.004 0.003 0.003 0.003 0.003 0.003 0.005 0.003 0.003 0.003 0.003 0.937 0.003 0.003 0.003 0.003 0.005 
130 QAc-W-0072    (0)   14 :  0.013 0.065 0.004 0.008 0.028 0.039 0.014 0.012 0.014 0.010 0.016 0.014 0.013 0.017 0.006 0.013 0.014 0.008 0.035 0.658 
131 QAc-W-0073    (0)   14 :  0.014 0.011 0.007 0.009 0.011 0.009 0.012 0.014 0.013 0.007 0.013 0.014 0.013 0.013 0.006 0.014 0.006 0.014 0.011 0.789 
132 QAc-W-0077    (0)   14 :  0.006 0.005 0.005 0.007 0.007 0.008 0.006 0.007 0.006 0.004 0.006 0.007 0.007 0.006 0.213 0.006 0.005 0.008 0.006 0.675 
133 QAc-W-0078    (0)   15 :  0.033 0.017 0.013 0.020 0.019 0.007 0.029 0.021 0.030 0.587 0.037 0.028 0.029 0.023 0.027 0.025 0.011 0.011 0.026 0.007 
134 QAc-W-0079    (6)   15 :  0.006 0.006 0.003 0.008 0.007 0.005 0.006 0.007 0.006 0.880 0.006 0.006 0.007 0.006 0.012 0.006 0.005 0.007 0.006 0.004 
135 QAc-W-0081    (0)   15 :  0.008 0.006 0.010 0.006 0.007 0.008 0.007 0.007 0.007 0.866 0.006 0.007 0.008 0.008 0.004 0.007 0.008 0.005 0.006 0.008 
136 QAc-W-0082    (0)   15 :  0.006 0.004 0.003 0.006 0.005 0.485 0.006 0.019 0.006 0.407 0.006 0.007 0.006 0.006 0.005 0.005 0.003 0.006 0.005 0.004 
137 QAc-W-0083    (0)   15 :  0.009 0.009 0.008 0.007 0.009 0.014 0.009 0.014 0.009 0.798 0.009 0.009 0.009 0.009 0.007 0.010 0.007 0.007 0.010 0.036 
138 QAc-W-0086    (0)   15 :  0.009 0.010 0.004 0.008 0.007 0.018 0.007 0.029 0.008 0.822 0.008 0.008 0.008 0.008 0.013 0.008 0.006 0.006 0.008 0.005 
139 QAc-W-0087    (0)   15 :  0.006 0.007 0.003 0.005 0.006 0.006 0.006 0.008 0.006 0.888 0.006 0.006 0.007 0.006 0.005 0.006 0.004 0.008 0.007 0.003 
140 QAc-W-0088    (0)   15 :  0.015 0.009 0.004 0.011 0.010 0.009 0.016 0.016 0.017 0.770 0.016 0.014 0.020 0.015 0.006 0.017 0.006 0.011 0.013 0.006 
141 QAc-W-0092    (0)   15 :  0.031 0.011 0.017 0.069 0.045 0.009 0.026 0.034 0.026 0.518 0.026 0.026 0.032 0.029 0.012 0.027 0.020 0.018 0.019 0.006 
142 QAc-W-0093    (0)   15 :  0.022 0.016 0.009 0.017 0.017 0.015 0.027 0.025 0.028 0.622 0.026 0.023 0.029 0.030 0.003 0.028 0.023 0.013 0.022 0.004 
143 QAc-W-0094    (0)   15 :  0.044 0.011 0.188 0.024 0.023 0.014 0.043 0.039 0.042 0.196 0.039 0.040 0.048 0.050 0.006 0.039 0.043 0.022 0.036 0.052 
144 QAc-W-0097    (0)   15 :  0.028 0.007 0.014 0.048 0.033 0.008 0.026 0.024 0.026 0.578 0.024 0.026 0.029 0.029 0.006 0.027 0.021 0.015 0.022 0.006 
145 QAc-W-0099    (0)   15 :  0.043 0.017 0.014 0.020 0.026 0.024 0.031 0.029 0.038 0.496 0.036 0.044 0.038 0.043 0.005 0.036 0.004 0.018 0.034 0.004 
146 QAc-W-0107    (0)   15 :  0.009 0.008 0.007 0.007 0.007 0.008 0.009 0.010 0.009 0.815 0.009 0.009 0.009 0.010 0.013 0.009 0.006 0.006 0.008 0.031 
147 QAc-W-0115    (0)   16 :  0.014 0.366 0.007 0.017 0.192 0.005 0.018 0.012 0.016 0.010 0.022 0.014 0.015 0.024 0.005 0.017 0.011 0.008 0.223 0.007 
148 QAc-W-0116    (0)   16 :  0.030 0.413 0.012 0.025 0.051 0.008 0.035 0.027 0.030 0.006 0.031 0.027 0.033 0.033 0.003 0.030 0.007 0.025 0.169 0.005 
149 QAc-W-0117    (0)   16 :  0.012 0.615 0.004 0.009 0.021 0.005 0.011 0.013 0.013 0.004 0.011 0.012 0.013 0.015 0.004 0.012 0.005 0.012 0.206 0.004 
150 QAc-W-0118    (0)   16 :  0.016 0.399 0.005 0.008 0.124 0.007 0.020 0.016 0.019 0.024 0.022 0.018 0.017 0.021 0.036 0.015 0.008 0.009 0.197 0.019 
151 QAc-W-0119    (0)   16 :  0.019 0.529 0.006 0.012 0.016 0.012 0.022 0.022 0.025 0.007 0.029 0.025 0.026 0.021 0.015 0.023 0.005 0.012 0.169 0.004 
152 QAc-W-0120    (0)   16 :  0.044 0.357 0.005 0.021 0.045 0.006 0.045 0.032 0.042 0.010 0.040 0.033 0.043 0.038 0.016 0.027 0.009 0.016 0.161 0.008 
153 QAc-W-0121    (0)   16 :  0.014 0.551 0.003 0.010 0.012 0.028 0.014 0.013 0.014 0.004 0.015 0.013 0.015 0.014 0.065 0.017 0.007 0.008 0.173 0.009 
154 QAc-W-0122    (0)   16 :  0.042 0.230 0.004 0.026 0.178 0.005 0.040 0.038 0.027 0.006 0.034 0.038 0.033 0.065 0.004 0.038 0.017 0.020 0.148 0.007 
155 QAc-W-0123    (6)   16 :  0.026 0.356 0.015 0.018 0.114 0.005 0.029 0.022 0.027 0.010 0.033 0.023 0.026 0.042 0.007 0.023 0.004 0.012 0.200 0.009 
156 QAc-W-0124    (0)   16 :  0.022 0.210 0.007 0.030 0.182 0.008 0.024 0.019 0.021 0.057 0.025 0.022 0.029 0.042 0.010 0.029 0.014 0.010 0.145 0.092 
157 QAc-W-0125    (0)   16 :  0.014 0.528 0.007 0.011 0.043 0.007 0.013 0.016 0.014 0.019 0.017 0.014 0.014 0.014 0.008 0.013 0.008 0.009 0.227 0.005 
158 QAc-W-0132    (6)   16 :  0.029 0.243 0.017 0.031 0.149 0.007 0.034 0.023 0.033 0.033 0.033 0.027 0.029 0.039 0.040 0.034 0.015 0.010 0.150 0.025 
159 QAc-W-0134    (0)   16 :  0.008 0.604 0.007 0.008 0.032 0.004 0.008 0.008 0.009 0.007 0.009 0.007 0.008 0.009 0.005 0.008 0.005 0.006 0.244 0.007 
160 QAc-W-0135    (0)   16 :  0.020 0.266 0.004 0.022 0.158 0.005 0.022 0.015 0.020 0.009 0.027 0.025 0.023 0.035 0.013 0.026 0.101 0.010 0.171 0.028 
161 QAc-W-0136    (0)   16 :  0.009 0.529 0.007 0.005 0.091 0.005 0.009 0.009 0.009 0.004 0.009 0.010 0.011 0.010 0.003 0.009 0.005 0.005 0.257 0.005 
162 QAc-W-0138    (0)   16 :  0.009 0.550 0.006 0.006 0.070 0.005 0.011 0.009 0.009 0.003 0.009 0.010 0.009 0.011 0.004 0.011 0.009 0.005 0.248 0.005 
163 QAc-W-0140    (0)   16 :  0.022 0.532 0.004 0.018 0.029 0.008 0.017 0.023 0.017 0.006 0.019 0.022 0.020 0.023 0.005 0.028 0.006 0.017 0.179 0.005 
164 QAc-W-0141    (6)   16 :  0.064 0.092 0.007 0.054 0.059 0.009 0.062 0.062 0.055 0.008 0.061 0.081 0.069 0.088 0.024 0.088 0.016 0.024 0.070 0.008 
165 QAc-W-0142    (0)   16 :  0.007 0.631 0.004 0.005 0.016 0.012 0.008 0.007 0.007 0.005 0.008 0.007 0.008 0.008 0.012 0.007 0.004 0.006 0.223 0.016 
166 QAc-W-0143    (0)   16 :  0.018 0.495 0.006 0.008 0.047 0.013 0.021 0.021 0.024 0.028 0.019 0.019 0.018 0.016 0.003 0.018 0.008 0.012 0.201 0.006 
167 QAc-W-0145    (0)   16 :  0.012 0.362 0.004 0.008 0.221 0.004 0.019 0.011 0.010 0.003 0.019 0.010 0.010 0.036 0.003 0.011 0.004 0.007 0.239 0.007 
168 QAc-W-0148    (0)   16 :  0.009 0.482 0.007 0.011 0.148 0.005 0.009 0.007 0.007 0.004 0.008 0.009 0.007 0.011 0.004 0.009 0.007 0.005 0.244 0.008 
169 QAc-W-0149    (0)   16 :  0.060 0.151 0.033 0.026 0.131 0.009 0.052 0.055 0.042 0.010 0.054 0.060 0.041 0.064 0.004 0.070 0.011 0.021 0.092 0.013 
170 QAc-W-0150    (0)   16 :  0.056 0.172 0.019 0.037 0.098 0.009 0.042 0.045 0.034 0.026 0.051 0.047 0.038 0.060 0.005 0.060 0.077 0.016 0.102 0.007 
171 QAc-W-0151    (0)   16 :  0.019 0.364 0.006 0.034 0.169 0.008 0.018 0.017 0.019 0.010 0.021 0.017 0.018 0.025 0.004 0.022 0.010 0.010 0.201 0.007 
172 QAc-W-0152    (0)   16 :  0.012 0.344 0.005 0.010 0.216 0.011 0.018 0.009 0.010 0.005 0.018 0.010 0.010 0.026 0.006 0.015 0.005 0.011 0.225 0.033 
173 QAc-W-0153    (0)   16 :  0.083 0.024 0.004 0.042 0.052 0.005 0.074 0.069 0.061 0.025 0.073 0.092 0.081 0.120 0.005 0.078 0.006 0.020 0.064 0.023 
174 QAc-W-0154    (0)   16 :  0.031 0.435 0.004 0.013 0.034 0.005 0.031 0.024 0.036 0.005 0.030 0.033 0.034 0.026 0.004 0.027 0.041 0.010 0.176 0.004 
175 QAc-W-0157    (0)   16 :  0.036 0.405 0.026 0.021 0.031 0.007 0.035 0.028 0.042 0.004 0.037 0.031 0.038 0.026 0.012 0.027 0.005 0.015 0.156 0.018 
176 QAc-W-0158    (0)   16 :  0.029 0.299 0.008 0.052 0.128 0.005 0.025 0.024 0.022 0.027 0.026 0.025 0.025 0.029 0.024 0.032 0.042 0.008 0.160 0.009 
177 QAc-W-0159    (0)   16 :  0.009 0.630 0.008 0.008 0.014 0.008 0.009 0.008 0.010 0.007 0.010 0.009 0.010 0.010 0.004 0.009 0.008 0.007 0.216 0.004 
178 QAc-W-0160    (0)   16 :  0.035 0.386 0.004 0.018 0.049 0.005 0.035 0.027 0.039 0.009 0.038 0.030 0.036 0.030 0.004 0.033 0.027 0.010 0.182 0.005 
179 QAc-W-0162    (0)   16 :  0.018 0.423 0.016 0.007 0.062 0.033 0.020 0.017 0.022 0.006 0.017 0.020 0.018 0.017 0.005 0.016 0.004 0.022 0.170 0.085 
180 QAc-W-0163    (0)   16 :  0.034 0.393 0.009 0.013 0.020 0.103 0.030 0.027 0.033 0.005 0.032 0.026 0.028 0.027 0.007 0.027 0.006 0.035 0.136 0.009 
181 QAc-W-0164    (0)   16 :  0.030 0.304 0.009 0.015 0.089 0.015 0.033 0.028 0.031 0.011 0.035 0.033 0.030 0.032 0.008 0.026 0.007 0.017 0.165 0.081 
182 QAc-W-0167    (0)   17 :  0.099 0.017 0.006 0.036 0.024 0.009 0.106 0.076 0.070 0.017 0.073 0.088 0.078 0.100 0.006 0.070 0.006 0.026 0.085 0.008 
183 QAc-W-0168    (0)   17 :  0.076 0.078 0.007 0.035 0.041 0.008 0.080 0.054 0.086 0.012 0.077 0.073 0.075 0.076 0.043 0.050 0.008 0.031 0.072 0.017 
184 QAc-W-0169    (0)   17 :  0.078 0.018 0.004 0.039 0.028 0.040 0.091 0.052 0.106 0.004 0.094 0.082 0.101 0.061 0.011 0.068 0.018 0.029 0.065 0.010 
185 QAc-W-0170    (0)   17 :  0.080 0.016 0.005 0.060 0.045 0.008 0.079 0.061 0.100 0.006 0.090 0.094 0.094 0.068 0.003 0.063 0.010 0.027 0.086 0.005 
186 QAc-W-0172    (0)   17 :  0.094 0.008 0.013 0.025 0.024 0.005 0.094 0.043 0.107 0.009 0.114 0.102 0.116 0.070 0.002 0.067 0.008 0.031 0.065 0.002 
187 QAc-W-0173    (0)   17 :  0.086 0.031 0.005 0.048 0.045 0.006 0.080 0.075 0.055 0.007 0.054 0.098 0.068 0.111 0.004 0.093 0.010 0.022 0.090 0.011 
188 QAc-W-0174    (0)   17 :  0.095 0.025 0.004 0.032 0.029 0.011 0.095 0.078 0.072 0.006 0.066 0.087 0.077 0.104 0.010 0.076 0.004 0.026 0.095 0.010 


Estimated Allele Frequencies in each cluster
First column gives estimated ancestral frequencies


Locus 1 : 
18 alleles
0.0% missing data
 210   (0.114) 0.111 0.173 0.028 0.078 0.112 0.075 0.115 0.151 0.114 0.153 0.116 0.111 0.113 0.117 0.007 0.111 0.016 0.241 0.134 0.021 
 212   (0.114) 0.119 0.072 0.023 0.307 0.247 0.085 0.116 0.102 0.114 0.277 0.117 0.120 0.118 0.131 0.194 0.125 0.043 0.049 0.107 0.015 
 202   (0.055) 0.049 0.015 0.326 0.039 0.030 0.018 0.052 0.039 0.055 0.147 0.052 0.051 0.054 0.044 0.003 0.043 0.058 0.024 0.039 0.006 
 226   (0.042) 0.036 0.010 0.220 0.013 0.014 0.032 0.038 0.031 0.042 0.012 0.040 0.035 0.040 0.031 0.252 0.027 0.004 0.026 0.026 0.129 
 216   (0.081) 0.074 0.121 0.163 0.027 0.047 0.038 0.078 0.067 0.081 0.167 0.078 0.073 0.080 0.067 0.005 0.067 0.018 0.056 0.098 0.053 
 200   (0.249) 0.291 0.186 0.124 0.372 0.323 0.132 0.257 0.266 0.249 0.085 0.258 0.287 0.253 0.296 0.509 0.326 0.534 0.205 0.224 0.119 
 224   (0.041) 0.042 0.014 0.009 0.029 0.026 0.019 0.041 0.036 0.041 0.010 0.040 0.043 0.040 0.041 0.004 0.044 0.007 0.017 0.030 0.270 
 218   (0.056) 0.050 0.131 0.010 0.022 0.048 0.045 0.053 0.047 0.056 0.106 0.056 0.052 0.055 0.049 0.004 0.046 0.078 0.021 0.080 0.017 
 228   (0.009) 0.008 0.002 0.001 0.003 0.002 0.002 0.008 0.005 0.009 0.001 0.009 0.007 0.009 0.005 0.001 0.005 0.001 0.003 0.005 0.134 
 214   (0.059) 0.055 0.025 0.038 0.022 0.028 0.496 0.059 0.077 0.059 0.007 0.057 0.054 0.058 0.050 0.012 0.049 0.006 0.146 0.046 0.215 
 208   (0.062) 0.062 0.023 0.016 0.045 0.040 0.021 0.072 0.073 0.062 0.022 0.061 0.062 0.067 0.076 0.004 0.074 0.216 0.070 0.052 0.008 
 220   (0.029) 0.027 0.014 0.005 0.014 0.012 0.009 0.028 0.023 0.029 0.003 0.029 0.028 0.029 0.026 0.002 0.022 0.003 0.012 0.025 0.003 
 196   (0.011) 0.010 0.003 0.002 0.003 0.003 0.003 0.010 0.007 0.011 0.001 0.010 0.009 0.011 0.007 0.001 0.007 0.001 0.004 0.007 0.001 
 238   (0.009) 0.009 0.003 0.001 0.004 0.003 0.002 0.009 0.006 0.009 0.001 0.009 0.008 0.009 0.008 0.001 0.006 0.001 0.004 0.007 0.001 
 206   (0.022) 0.018 0.024 0.004 0.007 0.009 0.007 0.020 0.027 0.022 0.003 0.021 0.019 0.021 0.015 0.001 0.015 0.003 0.053 0.019 0.002 
 190   (0.009) 0.007 0.002 0.001 0.003 0.002 0.002 0.008 0.005 0.009 0.001 0.009 0.008 0.008 0.006 0.000 0.005 0.001 0.004 0.006 0.001 
 222   (0.026) 0.022 0.180 0.022 0.009 0.049 0.007 0.024 0.016 0.025 0.003 0.026 0.022 0.024 0.021 0.002 0.018 0.007 0.011 0.086 0.003 
 232   (0.013) 0.010 0.003 0.004 0.004 0.003 0.005 0.011 0.021 0.013 0.001 0.012 0.010 0.012 0.008 0.001 0.009 0.001 0.053 0.007 0.001 

Locus 2 : 
15 alleles
2.1% missing data
 171   (0.214) 0.226 0.096 0.235 0.373 0.266 0.227 0.216 0.283 0.214 0.175 0.213 0.221 0.216 0.219 0.017 0.229 0.311 0.429 0.168 0.042 
 175   (0.095) 0.088 0.040 0.209 0.063 0.057 0.295 0.090 0.069 0.095 0.265 0.094 0.090 0.093 0.082 0.023 0.080 0.039 0.041 0.068 0.025 
 185   (0.053) 0.050 0.188 0.011 0.020 0.067 0.018 0.054 0.043 0.053 0.082 0.056 0.050 0.052 0.054 0.004 0.045 0.008 0.021 0.106 0.014 
 179   (0.073) 0.072 0.194 0.255 0.032 0.149 0.026 0.077 0.058 0.073 0.009 0.076 0.072 0.072 0.079 0.033 0.068 0.008 0.030 0.147 0.510 
 181   (0.089) 0.099 0.027 0.036 0.127 0.086 0.078 0.088 0.111 0.089 0.353 0.088 0.094 0.090 0.091 0.568 0.094 0.026 0.108 0.066 0.042 
 173   (0.192) 0.198 0.211 0.172 0.199 0.190 0.209 0.188 0.183 0.192 0.039 0.198 0.198 0.192 0.209 0.332 0.245 0.184 0.170 0.186 0.137 
 177   (0.036) 0.032 0.065 0.006 0.012 0.029 0.033 0.034 0.025 0.036 0.004 0.034 0.032 0.035 0.028 0.003 0.027 0.004 0.014 0.047 0.189 
 187   (0.095) 0.095 0.046 0.019 0.109 0.081 0.066 0.102 0.086 0.095 0.011 0.093 0.095 0.096 0.100 0.008 0.087 0.100 0.055 0.083 0.024 
 183   (0.062) 0.061 0.101 0.016 0.025 0.035 0.021 0.065 0.073 0.062 0.020 0.060 0.063 0.063 0.062 0.006 0.059 0.007 0.081 0.064 0.007 
 189   (0.029) 0.027 0.016 0.005 0.019 0.019 0.009 0.027 0.021 0.029 0.003 0.029 0.029 0.028 0.026 0.002 0.023 0.306 0.012 0.023 0.003 
 191   (0.021) 0.019 0.006 0.029 0.007 0.008 0.008 0.020 0.020 0.021 0.033 0.020 0.018 0.022 0.018 0.001 0.016 0.003 0.022 0.014 0.003 
 163   (0.011) 0.009 0.003 0.002 0.003 0.003 0.003 0.009 0.007 0.011 0.001 0.010 0.009 0.010 0.007 0.001 0.006 0.001 0.004 0.007 0.001 
 165   (0.010) 0.008 0.002 0.002 0.003 0.003 0.002 0.009 0.006 0.010 0.001 0.010 0.008 0.009 0.007 0.001 0.006 0.001 0.004 0.006 0.001 
 193   (0.010) 0.009 0.005 0.002 0.003 0.003 0.003 0.011 0.008 0.010 0.001 0.009 0.009 0.010 0.011 0.001 0.007 0.001 0.004 0.008 0.001 
 167   (0.011) 0.009 0.003 0.002 0.004 0.003 0.003 0.010 0.007 0.011 0.001 0.010 0.009 0.010 0.008 0.001 0.007 0.001 0.004 0.007 0.001 

Locus 3 : 
4 alleles
1.1% missing data
 206   (0.896) 0.905 0.972 0.904 0.960 0.958 0.950 0.898 0.908 0.896 0.978 0.898 0.903 0.898 0.910 0.989 0.918 0.675 0.901 0.925 0.886 
 208   (0.054) 0.048 0.014 0.011 0.021 0.022 0.036 0.052 0.051 0.054 0.007 0.052 0.048 0.052 0.044 0.004 0.041 0.319 0.062 0.039 0.050 
 204   (0.036) 0.031 0.010 0.083 0.013 0.012 0.011 0.034 0.029 0.036 0.014 0.035 0.033 0.035 0.028 0.006 0.027 0.004 0.031 0.025 0.062 
 212   (0.014) 0.016 0.004 0.002 0.006 0.008 0.004 0.015 0.013 0.014 0.002 0.015 0.015 0.015 0.017 0.001 0.014 0.002 0.006 0.011 0.002 

Locus 4 : 
15 alleles
1.1% missing data
 165   (0.073) 0.083 0.023 0.041 0.042 0.047 0.067 0.074 0.065 0.073 0.487 0.076 0.080 0.075 0.090 0.005 0.095 0.013 0.031 0.057 0.325 
 163   (0.206) 0.220 0.279 0.076 0.114 0.172 0.164 0.217 0.237 0.207 0.029 0.208 0.220 0.209 0.229 0.015 0.217 0.079 0.280 0.248 0.073 
 167   (0.145) 0.143 0.160 0.501 0.174 0.133 0.153 0.145 0.128 0.145 0.059 0.147 0.142 0.145 0.142 0.009 0.145 0.242 0.105 0.142 0.018 
 161   (0.365) 0.365 0.447 0.327 0.586 0.556 0.487 0.362 0.378 0.364 0.119 0.367 0.362 0.365 0.364 0.957 0.382 0.484 0.411 0.394 0.562 
 153   (0.013) 0.015 0.003 0.003 0.006 0.009 0.004 0.012 0.011 0.013 0.002 0.014 0.015 0.012 0.013 0.001 0.015 0.009 0.005 0.009 0.001 
 173   (0.031) 0.026 0.009 0.005 0.009 0.010 0.064 0.030 0.036 0.030 0.265 0.029 0.027 0.030 0.026 0.002 0.020 0.003 0.024 0.021 0.003 
 171   (0.037) 0.033 0.011 0.025 0.015 0.016 0.018 0.039 0.040 0.037 0.005 0.036 0.037 0.038 0.035 0.003 0.034 0.004 0.040 0.028 0.004 
 179   (0.012) 0.010 0.003 0.002 0.005 0.004 0.003 0.010 0.008 0.012 0.001 0.011 0.010 0.011 0.008 0.001 0.008 0.001 0.005 0.007 0.001 
 157   (0.023) 0.020 0.005 0.004 0.014 0.013 0.007 0.020 0.018 0.023 0.003 0.022 0.020 0.022 0.016 0.001 0.016 0.150 0.017 0.015 0.002 
 149   (0.010) 0.008 0.002 0.002 0.003 0.003 0.005 0.009 0.011 0.010 0.001 0.009 0.008 0.009 0.007 0.001 0.006 0.001 0.022 0.007 0.001 
 177   (0.019) 0.019 0.007 0.004 0.009 0.008 0.007 0.019 0.016 0.019 0.009 0.019 0.021 0.019 0.018 0.001 0.018 0.002 0.008 0.015 0.002 
 155   (0.015) 0.013 0.004 0.003 0.006 0.005 0.004 0.014 0.010 0.015 0.002 0.015 0.014 0.015 0.012 0.001 0.010 0.004 0.006 0.011 0.001 
 175   (0.010) 0.009 0.003 0.002 0.003 0.003 0.003 0.010 0.008 0.010 0.001 0.010 0.009 0.010 0.007 0.001 0.007 0.001 0.008 0.006 0.001 
 169   (0.020) 0.017 0.008 0.004 0.007 0.007 0.007 0.021 0.022 0.020 0.016 0.019 0.017 0.019 0.019 0.001 0.014 0.002 0.031 0.014 0.002 
 159   (0.020) 0.018 0.035 0.003 0.006 0.015 0.006 0.019 0.014 0.020 0.002 0.019 0.017 0.020 0.015 0.001 0.014 0.002 0.007 0.026 0.002 

Locus 5 : 
16 alleles
0.0% missing data
 148   (0.116) 0.110 0.063 0.026 0.166 0.129 0.031 0.116 0.111 0.116 0.293 0.114 0.116 0.116 0.111 0.363 0.107 0.096 0.097 0.096 0.045 
 160   (0.024) 0.020 0.006 0.063 0.008 0.008 0.006 0.021 0.019 0.024 0.060 0.023 0.020 0.022 0.017 0.001 0.018 0.003 0.023 0.015 0.002 
 154   (0.074) 0.069 0.201 0.053 0.030 0.072 0.042 0.079 0.063 0.074 0.025 0.076 0.073 0.073 0.074 0.009 0.071 0.018 0.032 0.120 0.164 
 150   (0.059) 0.060 0.019 0.013 0.038 0.034 0.436 0.058 0.061 0.059 0.009 0.057 0.058 0.059 0.054 0.011 0.058 0.058 0.068 0.040 0.010 
 138   (0.131) 0.123 0.211 0.288 0.071 0.124 0.050 0.129 0.112 0.131 0.147 0.131 0.124 0.132 0.133 0.009 0.141 0.025 0.097 0.163 0.191 
 166   (0.029) 0.025 0.007 0.289 0.011 0.009 0.008 0.026 0.066 0.029 0.011 0.027 0.024 0.028 0.019 0.002 0.020 0.030 0.178 0.018 0.003 
 146   (0.093) 0.089 0.031 0.072 0.044 0.042 0.032 0.094 0.086 0.093 0.165 0.090 0.088 0.093 0.087 0.344 0.087 0.029 0.091 0.070 0.230 
 164   (0.015) 0.013 0.003 0.036 0.005 0.005 0.003 0.014 0.010 0.015 0.002 0.014 0.013 0.014 0.011 0.001 0.010 0.002 0.006 0.010 0.001 
 142   (0.016) 0.014 0.020 0.003 0.005 0.005 0.220 0.014 0.010 0.016 0.002 0.015 0.013 0.015 0.010 0.007 0.010 0.002 0.008 0.012 0.002 
 144   (0.152) 0.167 0.150 0.056 0.328 0.258 0.069 0.151 0.182 0.151 0.026 0.156 0.162 0.153 0.169 0.223 0.168 0.068 0.230 0.153 0.307 
 140   (0.088) 0.088 0.194 0.018 0.194 0.172 0.022 0.096 0.076 0.088 0.019 0.087 0.088 0.090 0.095 0.007 0.085 0.189 0.035 0.134 0.010 
 158   (0.045) 0.056 0.025 0.034 0.031 0.037 0.018 0.043 0.044 0.044 0.085 0.049 0.053 0.046 0.051 0.003 0.060 0.009 0.028 0.035 0.005 
 162   (0.028) 0.027 0.007 0.005 0.011 0.010 0.021 0.027 0.033 0.028 0.129 0.026 0.026 0.027 0.024 0.002 0.021 0.003 0.013 0.021 0.003 
 152   (0.094) 0.108 0.053 0.020 0.045 0.083 0.030 0.097 0.090 0.094 0.012 0.100 0.108 0.096 0.113 0.015 0.114 0.464 0.048 0.086 0.023 
 134   (0.017) 0.015 0.005 0.003 0.007 0.007 0.007 0.018 0.024 0.017 0.002 0.016 0.016 0.018 0.014 0.001 0.014 0.002 0.037 0.011 0.002 
 156   (0.019) 0.017 0.005 0.019 0.008 0.007 0.005 0.017 0.014 0.019 0.011 0.018 0.017 0.019 0.016 0.001 0.014 0.002 0.008 0.016 0.002 

Locus 6 : 
12 alleles
0.0% missing data
 225   (0.041) 0.037 0.025 0.007 0.015 0.015 0.025 0.040 0.031 0.041 0.125 0.040 0.037 0.040 0.033 0.295 0.032 0.008 0.016 0.031 0.006 
 239   (0.098) 0.093 0.034 0.229 0.091 0.084 0.045 0.101 0.083 0.098 0.027 0.101 0.097 0.099 0.113 0.435 0.125 0.013 0.056 0.072 0.228 
 229   (0.014) 0.012 0.003 0.002 0.005 0.005 0.004 0.012 0.013 0.014 0.310 0.013 0.011 0.013 0.009 0.001 0.010 0.001 0.005 0.008 0.001 
 235   (0.308) 0.321 0.427 0.085 0.388 0.435 0.558 0.310 0.278 0.308 0.370 0.311 0.312 0.310 0.317 0.220 0.306 0.265 0.169 0.379 0.311 
 237   (0.214) 0.218 0.176 0.066 0.258 0.230 0.139 0.223 0.211 0.214 0.037 0.214 0.220 0.216 0.223 0.024 0.216 0.193 0.173 0.205 0.269 
 233   (0.107) 0.109 0.032 0.252 0.148 0.115 0.079 0.100 0.100 0.107 0.057 0.108 0.107 0.108 0.104 0.011 0.109 0.481 0.094 0.073 0.159 
 227   (0.026) 0.022 0.006 0.304 0.009 0.008 0.028 0.025 0.115 0.026 0.003 0.025 0.022 0.025 0.018 0.002 0.019 0.003 0.358 0.016 0.003 
 245   (0.070) 0.077 0.154 0.021 0.038 0.046 0.028 0.071 0.060 0.070 0.009 0.070 0.077 0.070 0.074 0.005 0.080 0.021 0.031 0.088 0.008 
 241   (0.035) 0.032 0.022 0.013 0.014 0.018 0.029 0.034 0.032 0.035 0.053 0.034 0.034 0.035 0.032 0.003 0.029 0.006 0.031 0.029 0.007 
 231   (0.052) 0.049 0.050 0.016 0.021 0.027 0.051 0.053 0.044 0.052 0.006 0.050 0.052 0.051 0.049 0.003 0.046 0.005 0.030 0.057 0.006 
 243   (0.025) 0.022 0.068 0.004 0.009 0.014 0.013 0.023 0.026 0.025 0.003 0.025 0.022 0.024 0.022 0.002 0.023 0.003 0.032 0.035 0.003 
 251   (0.010) 0.009 0.002 0.002 0.003 0.003 0.003 0.009 0.006 0.010 0.001 0.010 0.008 0.010 0.007 0.001 0.006 0.001 0.004 0.007 0.001 

Locus 7 : 
5 alleles
0.0% missing data
 118   (0.924) 0.928 0.981 0.655 0.939 0.950 0.558 0.930 0.946 0.924 0.990 0.927 0.930 0.927 0.936 0.994 0.938 0.926 0.970 0.950 0.992 
 124   (0.037) 0.035 0.009 0.338 0.048 0.037 0.009 0.033 0.027 0.036 0.004 0.036 0.036 0.035 0.033 0.002 0.033 0.070 0.014 0.024 0.004 
 116   (0.012) 0.010 0.003 0.002 0.003 0.003 0.425 0.010 0.007 0.012 0.002 0.010 0.009 0.011 0.007 0.002 0.007 0.001 0.005 0.006 0.001 
 114   (0.017) 0.018 0.005 0.003 0.006 0.006 0.004 0.016 0.013 0.017 0.002 0.016 0.016 0.017 0.016 0.001 0.014 0.002 0.007 0.012 0.002 
 122   (0.011) 0.010 0.003 0.002 0.004 0.003 0.003 0.010 0.007 0.011 0.001 0.011 0.010 0.011 0.008 0.001 0.008 0.001 0.004 0.007 0.001 

Locus 8 : 
5 alleles
0.0% missing data
 135   (0.056) 0.071 0.032 0.010 0.043 0.047 0.016 0.054 0.054 0.056 0.022 0.058 0.073 0.058 0.076 0.010 0.079 0.013 0.022 0.050 0.006 
 139   (0.760) 0.765 0.661 0.949 0.870 0.851 0.527 0.771 0.735 0.760 0.820 0.763 0.761 0.762 0.776 0.927 0.775 0.940 0.680 0.752 0.959 
 137   (0.137) 0.124 0.251 0.033 0.072 0.079 0.442 0.132 0.181 0.137 0.152 0.134 0.126 0.136 0.113 0.059 0.114 0.042 0.280 0.153 0.030 
 143   (0.032) 0.028 0.038 0.006 0.011 0.011 0.012 0.030 0.022 0.032 0.004 0.031 0.029 0.031 0.025 0.002 0.022 0.003 0.013 0.029 0.003 
 141   (0.014) 0.012 0.018 0.002 0.004 0.012 0.003 0.013 0.009 0.014 0.002 0.014 0.012 0.014 0.010 0.001 0.010 0.002 0.005 0.016 0.001 

Locus 9 : 
11 alleles
0.0% missing data
 116   (0.299) 0.322 0.321 0.102 0.288 0.294 0.196 0.299 0.269 0.299 0.426 0.307 0.323 0.305 0.341 0.364 0.368 0.523 0.153 0.305 0.170 
 112   (0.085) 0.084 0.160 0.015 0.078 0.111 0.028 0.085 0.066 0.085 0.056 0.086 0.084 0.084 0.082 0.012 0.078 0.032 0.036 0.113 0.386 
 122   (0.061) 0.055 0.019 0.306 0.024 0.023 0.146 0.055 0.100 0.060 0.007 0.058 0.054 0.059 0.044 0.442 0.046 0.009 0.235 0.040 0.302 
 114   (0.226) 0.222 0.284 0.052 0.304 0.288 0.073 0.227 0.228 0.226 0.078 0.227 0.228 0.225 0.228 0.020 0.214 0.362 0.234 0.256 0.044 
 120   (0.039) 0.034 0.020 0.215 0.110 0.070 0.010 0.036 0.026 0.039 0.004 0.037 0.033 0.037 0.028 0.002 0.028 0.004 0.016 0.028 0.021 
 130   (0.038) 0.042 0.011 0.178 0.039 0.036 0.010 0.035 0.045 0.038 0.005 0.039 0.039 0.036 0.037 0.002 0.049 0.006 0.065 0.024 0.004 
 118   (0.123) 0.124 0.120 0.107 0.099 0.124 0.050 0.131 0.124 0.123 0.407 0.123 0.122 0.125 0.124 0.018 0.114 0.035 0.064 0.136 0.017 
 124   (0.060) 0.054 0.039 0.010 0.022 0.023 0.219 0.056 0.057 0.060 0.007 0.057 0.053 0.058 0.048 0.134 0.044 0.007 0.070 0.048 0.049 
 126   (0.037) 0.033 0.010 0.009 0.022 0.018 0.259 0.037 0.057 0.037 0.006 0.034 0.032 0.036 0.029 0.003 0.032 0.007 0.115 0.023 0.004 
 108   (0.014) 0.012 0.010 0.002 0.004 0.005 0.003 0.017 0.013 0.014 0.001 0.012 0.013 0.014 0.018 0.001 0.011 0.001 0.005 0.011 0.001 
 128   (0.020) 0.019 0.007 0.003 0.008 0.008 0.006 0.021 0.015 0.020 0.002 0.019 0.019 0.020 0.020 0.001 0.017 0.013 0.008 0.016 0.002 

Locus 10 : 
4 alleles
0.0% missing data
 232   (0.898) 0.910 0.913 0.974 0.937 0.946 0.963 0.900 0.854 0.898 0.988 0.903 0.907 0.899 0.909 0.993 0.917 0.988 0.721 0.914 0.989 
 238   (0.076) 0.068 0.075 0.022 0.054 0.045 0.030 0.072 0.125 0.076 0.009 0.073 0.070 0.075 0.064 0.005 0.065 0.010 0.270 0.065 0.009 
 234   (0.015) 0.012 0.009 0.002 0.005 0.005 0.004 0.018 0.014 0.015 0.002 0.014 0.014 0.015 0.019 0.001 0.011 0.001 0.005 0.013 0.001 
 244   (0.011) 0.010 0.003 0.002 0.004 0.003 0.003 0.010 0.007 0.011 0.001 0.010 0.009 0.010 0.008 0.001 0.007 0.001 0.004 0.008 0.001 

Locus 11 : 
7 alleles
0.0% missing data
 165   (0.779) 0.792 0.902 0.935 0.780 0.822 0.525 0.778 0.822 0.779 0.923 0.784 0.788 0.783 0.794 0.768 0.812 0.929 0.874 0.820 0.800 
 167   (0.069) 0.060 0.034 0.020 0.025 0.026 0.390 0.065 0.048 0.069 0.054 0.067 0.061 0.066 0.053 0.222 0.051 0.008 0.029 0.051 0.184 
 161   (0.106) 0.110 0.037 0.037 0.180 0.121 0.074 0.113 0.101 0.106 0.018 0.105 0.113 0.108 0.116 0.007 0.107 0.059 0.081 0.088 0.012 
 155   (0.011) 0.009 0.002 0.002 0.003 0.003 0.002 0.010 0.006 0.011 0.001 0.010 0.009 0.010 0.007 0.001 0.006 0.001 0.004 0.007 0.001 
 173   (0.011) 0.009 0.005 0.002 0.004 0.004 0.003 0.012 0.009 0.011 0.001 0.011 0.010 0.011 0.011 0.001 0.008 0.001 0.005 0.008 0.001 
 163   (0.012) 0.011 0.016 0.002 0.004 0.021 0.003 0.012 0.008 0.012 0.001 0.012 0.009 0.011 0.011 0.001 0.008 0.001 0.004 0.018 0.001 
 171   (0.011) 0.010 0.002 0.002 0.004 0.003 0.003 0.010 0.007 0.011 0.001 0.011 0.010 0.011 0.008 0.001 0.007 0.001 0.004 0.008 0.001 

Locus 12 : 
8 alleles
0.0% missing data
 137   (0.524) 0.521 0.777 0.849 0.327 0.476 0.740 0.536 0.539 0.524 0.394 0.527 0.526 0.527 0.525 0.448 0.504 0.315 0.545 0.628 0.416 
 140   (0.160) 0.170 0.070 0.032 0.402 0.283 0.060 0.153 0.143 0.160 0.214 0.164 0.169 0.161 0.181 0.015 0.216 0.615 0.089 0.123 0.048 
 134   (0.244) 0.241 0.120 0.107 0.247 0.199 0.180 0.240 0.256 0.244 0.384 0.241 0.242 0.242 0.232 0.533 0.227 0.053 0.306 0.189 0.528 
 149   (0.011) 0.009 0.002 0.002 0.003 0.003 0.003 0.010 0.007 0.011 0.001 0.010 0.009 0.010 0.007 0.001 0.007 0.001 0.004 0.007 0.001 
 143   (0.015) 0.012 0.004 0.003 0.005 0.005 0.005 0.014 0.019 0.014 0.002 0.014 0.012 0.014 0.011 0.001 0.011 0.002 0.033 0.009 0.002 
 128   (0.011) 0.010 0.003 0.002 0.003 0.003 0.003 0.010 0.008 0.011 0.001 0.010 0.009 0.011 0.007 0.001 0.007 0.001 0.008 0.007 0.001 
 125   (0.017) 0.015 0.019 0.003 0.006 0.022 0.006 0.016 0.011 0.017 0.002 0.017 0.014 0.017 0.014 0.001 0.013 0.010 0.007 0.020 0.002 
 146   (0.018) 0.022 0.005 0.003 0.008 0.008 0.005 0.020 0.017 0.018 0.002 0.017 0.019 0.019 0.022 0.001 0.017 0.002 0.008 0.017 0.002 

Locus 13 : 
19 alleles
0.5% missing data
 206   (0.137) 0.127 0.118 0.208 0.153 0.156 0.112 0.133 0.114 0.137 0.428 0.134 0.123 0.135 0.120 0.044 0.121 0.261 0.077 0.136 0.028 
 210   (0.094) 0.105 0.038 0.017 0.140 0.109 0.042 0.091 0.089 0.094 0.288 0.095 0.100 0.095 0.104 0.420 0.109 0.179 0.038 0.070 0.036 
 190   (0.074) 0.074 0.131 0.028 0.030 0.038 0.034 0.074 0.060 0.075 0.009 0.074 0.078 0.074 0.075 0.005 0.071 0.080 0.030 0.082 0.011 
 202   (0.091) 0.102 0.036 0.554 0.044 0.055 0.213 0.094 0.135 0.091 0.016 0.092 0.103 0.094 0.102 0.008 0.114 0.032 0.219 0.068 0.013 
 214   (0.042) 0.038 0.012 0.008 0.025 0.021 0.013 0.043 0.031 0.042 0.005 0.040 0.037 0.042 0.035 0.253 0.033 0.055 0.017 0.029 0.146 
 212   (0.035) 0.031 0.354 0.006 0.011 0.090 0.018 0.034 0.025 0.034 0.004 0.039 0.029 0.033 0.031 0.187 0.027 0.004 0.012 0.154 0.004 
 192   (0.108) 0.124 0.056 0.056 0.232 0.166 0.051 0.112 0.101 0.108 0.041 0.112 0.121 0.110 0.127 0.008 0.136 0.089 0.046 0.094 0.012 
 204   (0.035) 0.033 0.025 0.015 0.018 0.026 0.014 0.036 0.030 0.035 0.004 0.037 0.034 0.035 0.033 0.014 0.034 0.018 0.018 0.028 0.055 
 184   (0.054) 0.050 0.067 0.009 0.030 0.072 0.021 0.053 0.040 0.054 0.090 0.056 0.053 0.055 0.054 0.003 0.047 0.015 0.021 0.069 0.006 
 216   (0.021) 0.019 0.005 0.004 0.186 0.114 0.006 0.019 0.015 0.021 0.002 0.023 0.020 0.021 0.026 0.001 0.037 0.012 0.008 0.013 0.002 
 208   (0.047) 0.050 0.043 0.010 0.028 0.034 0.015 0.044 0.038 0.047 0.006 0.048 0.049 0.047 0.047 0.014 0.052 0.211 0.018 0.045 0.005 
 198   (0.041) 0.043 0.014 0.018 0.019 0.020 0.012 0.044 0.038 0.041 0.005 0.040 0.045 0.043 0.047 0.003 0.042 0.005 0.017 0.040 0.004 
 194   (0.058) 0.052 0.020 0.016 0.022 0.021 0.346 0.057 0.089 0.058 0.026 0.055 0.051 0.057 0.048 0.006 0.046 0.018 0.174 0.041 0.613 
 186   (0.017) 0.015 0.005 0.003 0.005 0.005 0.009 0.016 0.011 0.017 0.002 0.016 0.015 0.017 0.012 0.012 0.012 0.002 0.007 0.010 0.046 
 188   (0.019) 0.016 0.004 0.003 0.009 0.007 0.006 0.018 0.020 0.019 0.002 0.018 0.018 0.018 0.015 0.001 0.013 0.003 0.028 0.013 0.002 
 200   (0.065) 0.061 0.038 0.033 0.025 0.035 0.063 0.066 0.113 0.065 0.063 0.064 0.061 0.064 0.059 0.016 0.055 0.010 0.245 0.053 0.011 
 196   (0.038) 0.037 0.021 0.007 0.016 0.020 0.018 0.040 0.031 0.038 0.005 0.037 0.039 0.038 0.039 0.002 0.034 0.004 0.016 0.037 0.004 
 220   (0.011) 0.009 0.003 0.004 0.003 0.003 0.003 0.010 0.007 0.011 0.001 0.010 0.009 0.010 0.007 0.001 0.008 0.001 0.004 0.006 0.001 
 180   (0.013) 0.012 0.010 0.002 0.005 0.005 0.004 0.017 0.013 0.013 0.001 0.013 0.013 0.014 0.019 0.001 0.010 0.001 0.005 0.012 0.001 

Locus 14 : 
8 alleles
1.1% missing data
 139   (0.071) 0.071 0.022 0.041 0.197 0.116 0.112 0.066 0.067 0.071 0.090 0.068 0.067 0.069 0.060 0.189 0.061 0.010 0.055 0.046 0.163 
 145   (0.064) 0.058 0.114 0.013 0.032 0.109 0.027 0.064 0.052 0.064 0.138 0.067 0.059 0.064 0.064 0.008 0.051 0.010 0.041 0.098 0.009 
 151   (0.299) 0.311 0.406 0.356 0.219 0.250 0.176 0.297 0.298 0.299 0.476 0.303 0.305 0.298 0.290 0.335 0.313 0.683 0.281 0.321 0.561 
 157   (0.369) 0.383 0.280 0.475 0.451 0.416 0.474 0.379 0.372 0.370 0.217 0.372 0.388 0.376 0.412 0.144 0.425 0.260 0.318 0.354 0.156 
 154   (0.099) 0.090 0.141 0.018 0.066 0.058 0.123 0.102 0.078 0.099 0.014 0.096 0.094 0.098 0.094 0.318 0.078 0.026 0.044 0.106 0.100 
 163   (0.041) 0.035 0.010 0.088 0.014 0.015 0.053 0.038 0.030 0.041 0.058 0.039 0.038 0.040 0.034 0.003 0.031 0.005 0.018 0.028 0.005 
 160   (0.029) 0.025 0.007 0.005 0.009 0.009 0.011 0.027 0.079 0.029 0.004 0.028 0.025 0.028 0.020 0.002 0.020 0.003 0.226 0.019 0.003 
 142   (0.027) 0.026 0.020 0.005 0.011 0.027 0.024 0.027 0.023 0.027 0.004 0.028 0.025 0.027 0.027 0.002 0.021 0.003 0.018 0.028 0.003 

Locus 15 : 
13 alleles
1.6% missing data
 256   (0.146) 0.130 0.145 0.119 0.137 0.113 0.222 0.140 0.137 0.146 0.163 0.140 0.130 0.142 0.120 0.067 0.122 0.178 0.148 0.129 0.123 
 262   (0.021) 0.018 0.005 0.003 0.006 0.006 0.180 0.019 0.014 0.021 0.285 0.020 0.017 0.020 0.014 0.001 0.013 0.002 0.010 0.012 0.002 
 246   (0.119) 0.126 0.056 0.024 0.125 0.115 0.102 0.122 0.124 0.119 0.183 0.122 0.130 0.122 0.142 0.008 0.157 0.084 0.103 0.099 0.013 
 258   (0.181) 0.214 0.181 0.548 0.282 0.235 0.188 0.184 0.188 0.181 0.024 0.189 0.205 0.183 0.207 0.014 0.236 0.240 0.160 0.178 0.023 
 254   (0.107) 0.096 0.066 0.183 0.050 0.076 0.067 0.110 0.097 0.107 0.013 0.105 0.102 0.106 0.102 0.154 0.088 0.166 0.081 0.093 0.342 
 250   (0.034) 0.029 0.023 0.008 0.011 0.012 0.015 0.032 0.023 0.034 0.004 0.032 0.028 0.032 0.025 0.659 0.024 0.004 0.015 0.024 0.078 
 242   (0.105) 0.108 0.155 0.022 0.043 0.109 0.066 0.111 0.107 0.105 0.184 0.104 0.103 0.106 0.115 0.072 0.094 0.012 0.072 0.140 0.151 
 252   (0.068) 0.072 0.040 0.013 0.042 0.048 0.052 0.067 0.057 0.068 0.103 0.068 0.071 0.072 0.066 0.007 0.065 0.024 0.031 0.058 0.040 
 248   (0.127) 0.121 0.254 0.066 0.261 0.242 0.078 0.125 0.179 0.127 0.021 0.127 0.125 0.125 0.126 0.011 0.125 0.035 0.338 0.186 0.218 
 260   (0.042) 0.038 0.011 0.007 0.024 0.025 0.013 0.041 0.035 0.042 0.005 0.042 0.043 0.042 0.041 0.003 0.036 0.249 0.024 0.031 0.004 
 264   (0.014) 0.014 0.004 0.002 0.006 0.005 0.004 0.016 0.012 0.014 0.002 0.014 0.014 0.014 0.014 0.001 0.013 0.001 0.006 0.013 0.001 
 244   (0.027) 0.023 0.057 0.004 0.009 0.011 0.011 0.026 0.020 0.027 0.013 0.027 0.024 0.026 0.020 0.002 0.020 0.003 0.011 0.031 0.003 
 276   (0.010) 0.009 0.002 0.001 0.003 0.003 0.003 0.009 0.006 0.010 0.001 0.010 0.009 0.010 0.007 0.001 0.006 0.001 0.004 0.006 0.001 

Values of parameters used in structure:
DATAFILE=G:\Shared drives\Emily_Schumacher\QUAC_analyses\QUAC_structure_wild_relate\QUAC_allpop_relate_red_12_15_21\project_data,	OUTFILE=G:\Shared drives\Emily_Schumacher\QUAC_analyses\QUAC_structure_wild_relate\QUAC_allpop_relate_red_12_15_21\50-100\Results\50-100_run_99,	NUMINDS=188,	NUMLOCI=15,	MISSING=-9,	LABEL=1,	POPDATA=1,	POPFLAG=0,	PHENOTYPE=0,	EXTRACOLS=0,	MAXPOPS=20,	BURNIN=50000,	NUMREPS=100000,	USEPOPINFO=0,	INFERALPHA=1,	INFERLAMBDA=0,	POPSPECIFICLAMBDA=0,	POPALPHAS=0,	COMPUTEPROB=1,	NOADMIX=0,	ADMBURNIN=2500,	UPDATEFREQ=1,	PRINTLIKES=0,	INTERMEDSAVE=0,	PRINTKLD=0,	PRINTNET=0,	PRINTLAMBDA=0,	ANCESTDIST=0,	NUMBOXES=1000,	ANCESTPINT=0.90000,	GENSBACK=2,	MIGRPRIOR=0.05000,	PRINTQHAT=0,	PRINTQSUM=0,	ALPHA=1.0000,	FREQSCORR=1,	FPRIORMEAN=0.0100,	FPRIORSD=0.0500,	ONEFST=0,	LAMBDA=1.0000,	UNIFPRIORALPHA=1,	ALPHAMAX=10.0000,	ALPHAPRIORA=1.0000,	ALPHAPRIORB=2.0000,	ALPHAPROPSD=0.0250,	STARTATPOPINFO=0,	RANDOMIZE=1,	LINKAGE=0,	METROFREQ=10,	REPORTHITRATE=0,	MARKOVPHASE=-1,	PHASED=0,	PLOIDY=2,	PHASEINFO=0	LOCPRIOR=0, 	LOCPRIORINIT=1.000000, 	LOCDATA=0, 	LOCISPOP=0, 	LOCPRIORSTEP=0.100000, 	MAXLOCPRIOR=20.000000, 	SEED=1639616743,	
[STRAT parameters]:    NUMSIMSTATS=1000,	PHENOTYPECOL=-9,	POOLFREQ=10,	LOCUSxONLY=0,	EMERROR=0.00100,	MISSINGPHENO=-9,	