

----------------------------------------------------
STRUCTURE by Pritchard, Stephens and Donnelly (2000)
     and Falush, Stephens and Pritchard (2003)
       Code by Pritchard, Falush and Hubisz
             Version 2.3.4 (Jul 2012)
----------------------------------------------------



Command line arguments:   bin\structure -m G:\Shared drives\Emily_Schumacher\QUAC_analyses\QUAC_structure_wild_relate\QUAC_allpop_relate_red_12_15_21\50-100\mainparams -e G:\Shared drives\Emily_Schumacher\QUAC_analyses\QUAC_structure_wild_relate\QUAC_allpop_relate_red_12_15_21\50-100\extraparams 
Input File:    G:\Shared drives\Emily_Schumacher\QUAC_analyses\QUAC_structure_wild_relate\QUAC_allpop_relate_red_12_15_21\project_data

Run parameters:
   188 individuals
   15 loci
   18 populations assumed
   50000 Burn-in period
   100000 Reps


--------------------------------------------
Proportion of membership of each pre-defined
 population in each of the 18 clusters

Given    Inferred Clusters                                                                                                                Number of
 Pop       1      2      3      4      5      6      7      8      9     10     11     12     13     14     15     16     17     18      Individuals

  1:     0.010  0.007  0.010  0.008  0.009  0.016  0.005  0.009  0.010  0.016  0.008  0.004  0.004  0.005  0.857  0.007  0.007  0.008        2
  2:     0.031  0.073  0.031  0.028  0.027  0.266  0.037  0.035  0.030  0.093  0.023  0.018  0.006  0.182  0.038  0.025  0.027  0.029       17
  3:     0.039  0.091  0.045  0.041  0.039  0.147  0.014  0.046  0.044  0.179  0.034  0.025  0.085  0.013  0.054  0.027  0.035  0.042       19
  4:     0.052  0.011  0.053  0.040  0.042  0.010  0.018  0.070  0.048  0.283  0.048  0.061  0.014  0.012  0.106  0.035  0.045  0.053       10
  5:     0.014  0.245  0.013  0.013  0.014  0.559  0.010  0.011  0.014  0.013  0.013  0.026  0.006  0.004  0.009  0.009  0.013  0.014        2
  6:     0.033  0.016  0.028  0.033  0.032  0.008  0.018  0.067  0.033  0.368  0.029  0.006  0.099  0.144  0.008  0.017  0.029  0.033        2
  7:     0.056  0.238  0.047  0.057  0.053  0.125  0.116  0.030  0.049  0.008  0.052  0.008  0.017  0.010  0.009  0.016  0.062  0.045        1
  8:     0.008  0.029  0.007  0.007  0.007  0.853  0.010  0.008  0.007  0.008  0.007  0.008  0.005  0.005  0.007  0.009  0.007  0.008        1
  9:     0.058  0.052  0.092  0.123  0.130  0.004  0.018  0.063  0.077  0.015  0.083  0.005  0.010  0.006  0.005  0.076  0.081  0.104        1
 10:     0.045  0.008  0.048  0.044  0.044  0.012  0.013  0.023  0.048  0.009  0.068  0.010  0.353  0.138  0.006  0.018  0.058  0.054        6
 11:     0.046  0.110  0.052  0.050  0.050  0.041  0.027  0.040  0.047  0.095  0.047  0.038  0.138  0.085  0.013  0.029  0.043  0.049       16
 12:     0.044  0.006  0.044  0.046  0.042  0.021  0.011  0.187  0.052  0.021  0.058  0.018  0.009  0.003  0.014  0.325  0.051  0.047        1
 13:     0.039  0.013  0.044  0.039  0.037  0.013  0.014  0.049  0.041  0.135  0.034  0.382  0.017  0.012  0.023  0.031  0.034  0.043       33
 14:     0.020  0.345  0.021  0.018  0.019  0.070  0.116  0.017  0.019  0.016  0.019  0.010  0.148  0.084  0.010  0.016  0.030  0.021       21
 15:     0.021  0.012  0.019  0.019  0.018  0.009  0.041  0.017  0.019  0.017  0.020  0.013  0.010  0.026  0.686  0.012  0.022  0.019       14
 16:     0.046  0.018  0.026  0.027  0.035  0.012  0.014  0.246  0.028  0.020  0.025  0.015  0.010  0.009  0.013  0.405  0.025  0.026       35
 17:     0.076  0.010  0.104  0.121  0.116  0.012  0.021  0.056  0.086  0.020  0.107  0.010  0.010  0.006  0.009  0.046  0.095  0.097        7
--------------------------------------------

Allele-freq. divergence among pops (Net nucleotide distance),
computed using point estimates of P.

      1       2       3       4       5       6       7       8       9      10      11      12      13      14      15      16      17      18      
 1      -    0.0563  0.0004  0.0006  0.0004  0.0840  0.0410  0.0034  0.0002  0.0270  0.0008  0.0471  0.0348  0.0556  0.0451  0.0108  0.0013  0.0004  
 2   0.0563     -    0.0565  0.0560  0.0549  0.0930  0.0872  0.0584  0.0567  0.0904  0.0533  0.1110  0.0822  0.1051  0.0941  0.0659  0.0540  0.0554  
 3   0.0004  0.0565     -    0.0002  0.0002  0.0830  0.0414  0.0048  0.0001  0.0255  0.0005  0.0458  0.0343  0.0569  0.0450  0.0135  0.0011  0.0001  
 4   0.0006  0.0560  0.0002     -    0.0001  0.0838  0.0414  0.0048  0.0002  0.0268  0.0005  0.0483  0.0342  0.0576  0.0451  0.0133  0.0011  0.0003  
 5   0.0004  0.0549  0.0002  0.0001     -    0.0840  0.0419  0.0043  0.0002  0.0273  0.0005  0.0484  0.0347  0.0573  0.0452  0.0122  0.0012  0.0003  
 6   0.0840  0.0930  0.0830  0.0838  0.0840     -    0.1240  0.0878  0.0837  0.1005  0.0818  0.1347  0.1182  0.1456  0.1145  0.1007  0.0828  0.0814  
 7   0.0410  0.0872  0.0414  0.0414  0.0419  0.1240     -    0.0470  0.0408  0.0779  0.0385  0.1101  0.0618  0.0855  0.0901  0.0533  0.0305  0.0414  
 8   0.0034  0.0584  0.0048  0.0048  0.0043  0.0878  0.0470     -    0.0046  0.0272  0.0048  0.0523  0.0397  0.0631  0.0515  0.0034  0.0054  0.0046  
 9   0.0002  0.0567  0.0001  0.0002  0.0002  0.0837  0.0408  0.0046     -    0.0266  0.0004  0.0464  0.0340  0.0559  0.0446  0.0127  0.0009  0.0002  
10   0.0270  0.0904  0.0255  0.0268  0.0273  0.1005  0.0779  0.0272  0.0266     -    0.0281  0.0572  0.0646  0.0951  0.0780  0.0465  0.0292  0.0248  
11   0.0008  0.0533  0.0005  0.0005  0.0005  0.0818  0.0385  0.0048  0.0004  0.0281     -    0.0484  0.0321  0.0555  0.0431  0.0127  0.0005  0.0005  
12   0.0471  0.1110  0.0458  0.0483  0.0484  0.1347  0.1101  0.0523  0.0464  0.0572  0.0484     -    0.0958  0.1058  0.0943  0.0667  0.0509  0.0460  
13   0.0348  0.0822  0.0343  0.0342  0.0347  0.1182  0.0618  0.0397  0.0340  0.0646  0.0321  0.0958     -    0.0718  0.0896  0.0468  0.0320  0.0333  
14   0.0556  0.1051  0.0569  0.0576  0.0573  0.1456  0.0855  0.0631  0.0559  0.0951  0.0555  0.1058  0.0718     -    0.1070  0.0686  0.0554  0.0574  
15   0.0451  0.0941  0.0450  0.0451  0.0452  0.1145  0.0901  0.0515  0.0446  0.0780  0.0431  0.0943  0.0896  0.1070     -    0.0606  0.0448  0.0452  
16   0.0108  0.0659  0.0135  0.0133  0.0122  0.1007  0.0533  0.0034  0.0127  0.0465  0.0127  0.0667  0.0468  0.0686  0.0606     -    0.0133  0.0133  
17   0.0013  0.0540  0.0011  0.0011  0.0012  0.0828  0.0305  0.0054  0.0009  0.0292  0.0005  0.0509  0.0320  0.0554  0.0448  0.0133     -    0.0011  
18   0.0004  0.0554  0.0001  0.0003  0.0003  0.0814  0.0414  0.0046  0.0002  0.0248  0.0005  0.0460  0.0333  0.0574  0.0452  0.0133  0.0011     -    

Average distances (expected heterozygosity) between individuals in same cluster:
cluster  1  : 0.6236 
cluster  2  : 0.5071 
cluster  3  : 0.6324 
cluster  4  : 0.6337 
cluster  5  : 0.6320 
cluster  6  : 0.4268 
cluster  7  : 0.6182 
cluster  8  : 0.5973 
cluster  9  : 0.6324 
cluster 10  : 0.5304 
cluster 11  : 0.6455 
cluster 12  : 0.5097 
cluster 13  : 0.5983 
cluster 14  : 0.5190 
cluster 15  : 0.5305 
cluster 16  : 0.5764 
cluster 17  : 0.6465 
cluster 18  : 0.6319 

--------------------------------------------
Estimated Ln Prob of Data   = -8486.1
Mean value of ln likelihood = -6981.0
Variance of ln likelihood   = 3010.2
Mean value of alpha         = 0.0398

Mean value of Fst_1         = 0.0790
Mean value of Fst_2         = 0.2581
Mean value of Fst_3         = 0.0574
Mean value of Fst_4         = 0.0638
Mean value of Fst_5         = 0.0653
Mean value of Fst_6         = 0.4082
Mean value of Fst_7         = 0.2360
Mean value of Fst_8         = 0.1376
Mean value of Fst_9         = 0.0570
Mean value of Fst_10         = 0.2067
Mean value of Fst_11         = 0.0006
Mean value of Fst_12         = 0.2359
Mean value of Fst_13         = 0.1637
Mean value of Fst_14         = 0.2703
Mean value of Fst_15         = 0.2125
Mean value of Fst_16         = 0.1427
Mean value of Fst_17         = 0.0438
Mean value of Fst_18         = 0.0547


Inferred ancestry of individuals:
        Label (%Miss) Pop:  Inferred clusters
  1 QAc-G-0029    (0)    1 :  0.014 0.006 0.015 0.012 0.013 0.028 0.006 0.012 0.015 0.028 0.011 0.005 0.004 0.006 0.796 0.009 0.010 0.011 
  2 QAc-G-0030    (0)    1 :  0.005 0.007 0.005 0.005 0.005 0.004 0.003 0.005 0.006 0.004 0.005 0.004 0.003 0.005 0.917 0.006 0.005 0.005 
  3 QAc-G-0062    (0)    2 :  0.029 0.254 0.024 0.023 0.024 0.031 0.057 0.024 0.026 0.008 0.023 0.004 0.009 0.375 0.006 0.028 0.031 0.024 
  4 QAc-G-0063    (0)    2 :  0.033 0.049 0.029 0.030 0.027 0.586 0.019 0.023 0.034 0.023 0.032 0.016 0.009 0.010 0.006 0.019 0.028 0.028 
  5 QAc-G-0064    (0)    2 :  0.006 0.026 0.006 0.006 0.007 0.007 0.005 0.007 0.007 0.006 0.006 0.004 0.006 0.876 0.005 0.006 0.006 0.007 
  6 QAc-G-0065    (0)    2 :  0.005 0.003 0.005 0.004 0.005 0.003 0.004 0.004 0.005 0.004 0.005 0.005 0.011 0.916 0.007 0.004 0.005 0.005 
  7 QAc-G-0066    (0)    2 :  0.004 0.005 0.004 0.004 0.004 0.934 0.004 0.004 0.004 0.004 0.004 0.003 0.003 0.003 0.005 0.004 0.004 0.004 
  8 QAc-G-0067    (0)    2 :  0.015 0.005 0.016 0.017 0.015 0.005 0.008 0.012 0.016 0.012 0.016 0.007 0.012 0.786 0.017 0.010 0.015 0.015 
  9 QAc-G-0068    (0)    2 :  0.005 0.005 0.004 0.004 0.004 0.439 0.431 0.005 0.005 0.003 0.005 0.004 0.004 0.006 0.005 0.007 0.057 0.005 
 10 QAc-G-0070    (0)    2 :  0.038 0.119 0.023 0.019 0.029 0.485 0.019 0.053 0.026 0.010 0.026 0.007 0.005 0.020 0.012 0.062 0.023 0.023 
 11 QAc-G-0071   (13)    2 :  0.006 0.033 0.006 0.006 0.006 0.878 0.005 0.006 0.005 0.008 0.005 0.003 0.005 0.004 0.007 0.006 0.005 0.006 
 12 QAc-G-0072    (0)    2 :  0.005 0.004 0.005 0.005 0.005 0.917 0.005 0.006 0.005 0.005 0.005 0.004 0.004 0.004 0.005 0.006 0.005 0.005 
 13 QAc-G-0073    (0)    2 :  0.060 0.004 0.056 0.034 0.033 0.005 0.007 0.110 0.062 0.459 0.017 0.013 0.004 0.004 0.012 0.046 0.023 0.051 
 14 QAc-G-0074    (0)    2 :  0.041 0.040 0.038 0.042 0.045 0.170 0.009 0.080 0.030 0.320 0.034 0.023 0.006 0.005 0.004 0.034 0.033 0.046 
 15 QAc-G-0075    (0)    2 :  0.024 0.012 0.029 0.029 0.026 0.010 0.009 0.090 0.027 0.585 0.028 0.030 0.007 0.010 0.015 0.014 0.025 0.032 
 16 QAc-G-0076    (0)    2 :  0.082 0.005 0.122 0.070 0.071 0.010 0.009 0.058 0.097 0.083 0.042 0.070 0.006 0.028 0.010 0.083 0.048 0.106 
 17 QAc-G-0080    (0)    2 :  0.044 0.018 0.042 0.053 0.038 0.009 0.015 0.029 0.043 0.014 0.057 0.004 0.006 0.024 0.504 0.013 0.054 0.035 
 18 QAc-G-0081    (0)    2 :  0.113 0.012 0.103 0.117 0.095 0.005 0.018 0.069 0.102 0.014 0.077 0.011 0.008 0.007 0.008 0.074 0.084 0.083 
 19 QAc-G-0083    (0)    2 :  0.018 0.639 0.020 0.017 0.022 0.033 0.005 0.019 0.019 0.018 0.016 0.093 0.005 0.011 0.014 0.013 0.016 0.022 
 20 QAc-G-0285    (0)    3 :  0.007 0.811 0.007 0.007 0.007 0.079 0.007 0.006 0.007 0.005 0.007 0.005 0.011 0.004 0.010 0.006 0.007 0.006 
 21 QAc-G-0287    (0)    3 :  0.003 0.005 0.003 0.003 0.003 0.943 0.003 0.004 0.003 0.004 0.003 0.003 0.003 0.003 0.004 0.004 0.003 0.003 
 22 QAc-G-0288    (6)    3 :  0.008 0.004 0.007 0.006 0.007 0.874 0.008 0.008 0.007 0.006 0.007 0.008 0.006 0.005 0.015 0.009 0.008 0.007 
 23 QAc-G-0292    (0)    3 :  0.010 0.672 0.013 0.010 0.013 0.172 0.017 0.012 0.011 0.006 0.010 0.005 0.008 0.006 0.005 0.011 0.010 0.010 
 24 QAc-G-0294    (0)    3 :  0.132 0.004 0.106 0.065 0.082 0.006 0.028 0.062 0.111 0.072 0.040 0.039 0.009 0.017 0.015 0.072 0.054 0.086 
 25 QAc-G-0295    (0)    3 :  0.049 0.020 0.074 0.048 0.061 0.015 0.007 0.074 0.061 0.380 0.023 0.028 0.007 0.018 0.018 0.047 0.022 0.047 
 26 QAc-G-0296    (0)    3 :  0.039 0.012 0.062 0.045 0.036 0.008 0.008 0.088 0.048 0.355 0.022 0.046 0.007 0.044 0.004 0.056 0.034 0.086 
 27 QAc-G-0297    (0)    3 :  0.067 0.004 0.080 0.078 0.060 0.003 0.012 0.059 0.081 0.192 0.098 0.034 0.018 0.003 0.006 0.025 0.088 0.092 
 28 QAc-G-0298    (6)    3 :  0.018 0.015 0.024 0.020 0.022 0.004 0.007 0.095 0.019 0.674 0.014 0.010 0.006 0.008 0.017 0.012 0.014 0.020 
 29 QAc-G-0299    (0)    3 :  0.016 0.005 0.021 0.013 0.012 0.011 0.010 0.092 0.014 0.596 0.012 0.125 0.010 0.005 0.005 0.018 0.014 0.022 
 30 QAc-G-0300    (0)    3 :  0.059 0.004 0.073 0.046 0.048 0.005 0.013 0.070 0.058 0.300 0.029 0.077 0.012 0.038 0.006 0.064 0.035 0.065 
 31 QAc-G-0301    (0)    3 :  0.012 0.010 0.009 0.012 0.011 0.011 0.005 0.096 0.011 0.713 0.012 0.017 0.005 0.037 0.008 0.007 0.010 0.014 
 32 QAc-G-0302    (0)    3 :  0.022 0.006 0.021 0.023 0.021 0.005 0.019 0.012 0.020 0.011 0.018 0.023 0.741 0.004 0.005 0.010 0.020 0.020 
 33 QAc-G-0303    (0)    3 :  0.020 0.015 0.017 0.020 0.017 0.005 0.041 0.019 0.020 0.005 0.024 0.004 0.714 0.011 0.007 0.019 0.026 0.016 
 34 QAc-G-0305    (0)    3 :  0.020 0.079 0.020 0.021 0.021 0.629 0.033 0.018 0.019 0.007 0.020 0.005 0.025 0.006 0.021 0.013 0.024 0.021 
 35 QAc-G-0307    (0)    3 :  0.011 0.010 0.010 0.010 0.010 0.004 0.007 0.012 0.010 0.008 0.011 0.005 0.007 0.006 0.842 0.016 0.010 0.011 
 36 QAc-G-0313    (0)    3 :  0.082 0.050 0.096 0.091 0.098 0.010 0.020 0.033 0.106 0.010 0.115 0.008 0.005 0.017 0.011 0.037 0.108 0.104 
 37 QAc-G-0314    (0)    3 :  0.081 0.003 0.094 0.122 0.102 0.004 0.016 0.064 0.102 0.041 0.097 0.025 0.014 0.009 0.009 0.036 0.096 0.087 
 38 QAc-G-0316    (0)    3 :  0.086 0.007 0.108 0.134 0.107 0.009 0.013 0.051 0.122 0.009 0.084 0.013 0.006 0.014 0.023 0.056 0.075 0.085 
 39 QAc-G-0033    (0)    4 :  0.012 0.004 0.013 0.011 0.009 0.006 0.005 0.101 0.013 0.602 0.007 0.152 0.006 0.012 0.008 0.012 0.009 0.018 
 40 QAc-G-0034    (0)    4 :  0.012 0.005 0.011 0.011 0.012 0.005 0.005 0.104 0.011 0.725 0.011 0.010 0.010 0.009 0.023 0.013 0.011 0.012 
 41 QAc-G-0035    (0)    4 :  0.095 0.015 0.067 0.042 0.058 0.015 0.011 0.045 0.060 0.043 0.039 0.337 0.009 0.021 0.012 0.042 0.036 0.054 
 42 QAc-G-0036    (0)    4 :  0.010 0.007 0.011 0.011 0.012 0.014 0.006 0.103 0.011 0.743 0.011 0.007 0.004 0.013 0.006 0.009 0.010 0.011 
 43 QAc-G-0039    (0)    4 :  0.137 0.004 0.112 0.069 0.098 0.010 0.014 0.055 0.118 0.059 0.037 0.023 0.011 0.008 0.032 0.081 0.055 0.076 
 44 QAc-G-0040    (0)    4 :  0.088 0.045 0.098 0.067 0.071 0.018 0.011 0.079 0.072 0.066 0.058 0.035 0.013 0.007 0.011 0.103 0.056 0.101 
 45 QAc-G-0045    (0)    4 :  0.020 0.004 0.026 0.025 0.019 0.011 0.005 0.130 0.020 0.571 0.008 0.026 0.005 0.007 0.013 0.033 0.021 0.057 
 46 QAc-G-0050    (0)    4 :  0.060 0.014 0.084 0.077 0.068 0.011 0.095 0.030 0.073 0.005 0.124 0.004 0.056 0.007 0.084 0.018 0.110 0.080 
 47 QAc-G-0052    (0)    4 :  0.017 0.004 0.010 0.013 0.010 0.004 0.008 0.009 0.013 0.006 0.012 0.005 0.006 0.023 0.826 0.009 0.012 0.011 
 48 QAc-G-0056    (0)    4 :  0.071 0.006 0.095 0.071 0.067 0.007 0.022 0.039 0.093 0.010 0.172 0.007 0.016 0.009 0.041 0.029 0.133 0.112 
 49 QAc-G-0276    (0)    5 :  0.014 0.477 0.012 0.013 0.013 0.340 0.009 0.012 0.012 0.014 0.011 0.022 0.005 0.003 0.010 0.008 0.012 0.013 
 50 QAc-G-0280    (6)    5 :  0.014 0.014 0.013 0.013 0.015 0.777 0.011 0.010 0.016 0.012 0.014 0.030 0.007 0.006 0.008 0.009 0.014 0.014 
 51 QAc-G-0018    (0)    6 :  0.013 0.004 0.013 0.012 0.011 0.007 0.019 0.103 0.011 0.721 0.011 0.008 0.014 0.007 0.013 0.008 0.013 0.013 
 52 QAc-G-0017    (0)    6 :  0.053 0.027 0.044 0.054 0.053 0.010 0.017 0.031 0.054 0.015 0.047 0.004 0.183 0.281 0.004 0.025 0.044 0.052 
 53 QAc-G-0250    (0)    7 :  0.056 0.238 0.047 0.057 0.053 0.125 0.116 0.030 0.049 0.008 0.052 0.008 0.017 0.010 0.009 0.016 0.062 0.045 
 54 QAc-G-0003    (6)    8 :  0.008 0.029 0.007 0.007 0.007 0.853 0.010 0.008 0.007 0.008 0.007 0.008 0.005 0.005 0.007 0.009 0.007 0.008 
 55 QAc-G-0283    (0)    9 :  0.058 0.052 0.092 0.123 0.130 0.004 0.018 0.063 0.077 0.015 0.083 0.005 0.010 0.006 0.005 0.076 0.081 0.104 
 56 QAc-G-0255    (0)   10 :  0.055 0.006 0.046 0.059 0.040 0.005 0.020 0.032 0.049 0.010 0.033 0.027 0.497 0.008 0.004 0.014 0.033 0.062 
 57 QAc-G-0256    (0)   10 :  0.007 0.013 0.007 0.007 0.007 0.017 0.007 0.006 0.007 0.008 0.007 0.009 0.854 0.017 0.006 0.005 0.008 0.007 
 58 QAc-G-0257    (0)   10 :  0.022 0.005 0.016 0.018 0.017 0.004 0.011 0.014 0.021 0.006 0.020 0.003 0.687 0.089 0.010 0.016 0.018 0.022 
 59 QAc-G-0259    (0)   10 :  0.086 0.002 0.095 0.075 0.092 0.003 0.012 0.027 0.096 0.005 0.195 0.008 0.014 0.003 0.003 0.015 0.149 0.119 
 60 QAc-G-0260    (0)   10 :  0.058 0.013 0.078 0.058 0.072 0.041 0.015 0.039 0.072 0.012 0.103 0.010 0.053 0.162 0.008 0.042 0.094 0.071 
 61 QAc-G-0261    (0)   10 :  0.042 0.006 0.046 0.051 0.035 0.004 0.013 0.022 0.044 0.014 0.048 0.004 0.013 0.551 0.005 0.015 0.044 0.042 
 62 QAc-G-0109    (0)   11 :  0.053 0.011 0.053 0.048 0.053 0.006 0.017 0.034 0.044 0.017 0.068 0.005 0.366 0.057 0.014 0.027 0.062 0.065 
 63 QAc-G-0113    (0)   11 :  0.024 0.052 0.025 0.022 0.019 0.010 0.099 0.014 0.024 0.012 0.028 0.005 0.557 0.023 0.020 0.011 0.030 0.025 
 64 QAc-G-0114    (0)   11 :  0.033 0.008 0.034 0.031 0.024 0.011 0.018 0.020 0.035 0.021 0.036 0.098 0.542 0.004 0.007 0.011 0.025 0.045 
 65 QAc-G-0117    (0)   11 :  0.062 0.051 0.066 0.066 0.053 0.007 0.076 0.048 0.066 0.053 0.057 0.037 0.110 0.081 0.012 0.032 0.064 0.060 
 66 QAc-G-0120    (0)   11 :  0.076 0.010 0.085 0.067 0.052 0.004 0.015 0.028 0.076 0.014 0.123 0.010 0.217 0.007 0.008 0.019 0.093 0.094 
 67 QAc-G-0125    (0)   11 :  0.021 0.055 0.024 0.022 0.025 0.015 0.009 0.020 0.023 0.005 0.025 0.005 0.018 0.631 0.038 0.019 0.025 0.020 
 68 QAc-G-0141    (0)   11 :  0.089 0.015 0.083 0.068 0.085 0.020 0.069 0.055 0.073 0.039 0.076 0.014 0.059 0.022 0.025 0.046 0.074 0.088 
 69 QAc-G-0143    (0)   11 :  0.072 0.004 0.146 0.206 0.182 0.006 0.016 0.038 0.098 0.008 0.058 0.004 0.005 0.003 0.006 0.027 0.039 0.081 
 70 QAc-G-0147    (0)   11 :  0.044 0.038 0.040 0.032 0.046 0.005 0.033 0.038 0.038 0.029 0.043 0.009 0.069 0.390 0.008 0.053 0.045 0.040 
 71 QAc-G-0174    (0)   11 :  0.005 0.850 0.005 0.005 0.005 0.070 0.006 0.005 0.005 0.008 0.005 0.005 0.004 0.003 0.006 0.005 0.005 0.005 
 72 QAc-G-0182    (0)   11 :  0.006 0.627 0.006 0.006 0.007 0.278 0.004 0.005 0.006 0.005 0.006 0.004 0.006 0.012 0.003 0.005 0.006 0.006 
 73 QAc-G-0188    (0)   11 :  0.063 0.011 0.060 0.063 0.048 0.192 0.028 0.031 0.063 0.009 0.056 0.015 0.210 0.007 0.004 0.018 0.053 0.070 
 74 QAc-G-0229    (0)   11 :  0.012 0.008 0.010 0.012 0.012 0.005 0.007 0.103 0.011 0.749 0.010 0.007 0.008 0.005 0.007 0.011 0.011 0.013 
 75 QAc-G-0233    (0)   11 :  0.060 0.004 0.052 0.056 0.059 0.006 0.012 0.076 0.062 0.016 0.078 0.277 0.005 0.011 0.029 0.072 0.068 0.056 
 76 QAc-G-0237    (0)   11 :  0.027 0.008 0.040 0.030 0.031 0.009 0.007 0.081 0.039 0.499 0.024 0.025 0.022 0.059 0.017 0.028 0.023 0.032 
 77 QAc-G-0243    (0)   11 :  0.094 0.008 0.104 0.067 0.101 0.003 0.014 0.051 0.089 0.031 0.064 0.088 0.007 0.050 0.013 0.075 0.058 0.083 
 78 QAc-G-0249    (0)   12 :  0.044 0.006 0.044 0.046 0.042 0.021 0.011 0.187 0.052 0.021 0.058 0.018 0.009 0.003 0.014 0.325 0.051 0.047 
 79 QAc-W-0001    (0)   13 :  0.009 0.003 0.010 0.009 0.010 0.003 0.005 0.012 0.009 0.042 0.009 0.820 0.014 0.014 0.005 0.007 0.009 0.010 
 80 QAc-W-0002    (0)   13 :  0.034 0.008 0.045 0.037 0.032 0.034 0.011 0.101 0.033 0.467 0.024 0.020 0.027 0.004 0.006 0.034 0.033 0.048 
 81 QAc-W-0003    (0)   13 :  0.014 0.025 0.017 0.017 0.016 0.007 0.011 0.012 0.014 0.019 0.013 0.750 0.014 0.012 0.020 0.010 0.014 0.016 
 82 QAc-W-0004    (0)   13 :  0.006 0.004 0.008 0.006 0.006 0.008 0.004 0.008 0.006 0.014 0.005 0.893 0.004 0.004 0.007 0.006 0.005 0.007 
 83 QAc-W-0005    (0)   13 :  0.008 0.006 0.007 0.008 0.009 0.005 0.004 0.009 0.007 0.008 0.007 0.885 0.005 0.005 0.004 0.007 0.008 0.007 
 84 QAc-W-0007   (13)   13 :  0.008 0.005 0.008 0.008 0.008 0.005 0.005 0.010 0.008 0.015 0.007 0.875 0.005 0.006 0.005 0.008 0.007 0.008 
 85 QAc-W-0008    (6)   13 :  0.032 0.007 0.033 0.028 0.028 0.005 0.019 0.022 0.031 0.016 0.033 0.653 0.007 0.004 0.004 0.016 0.033 0.029 
 86 QAc-W-0009    (0)   13 :  0.060 0.007 0.085 0.058 0.069 0.017 0.017 0.059 0.065 0.118 0.065 0.017 0.165 0.011 0.009 0.049 0.055 0.074 
 87 QAc-W-0010    (0)   13 :  0.024 0.016 0.021 0.020 0.020 0.007 0.013 0.024 0.023 0.012 0.017 0.679 0.018 0.032 0.005 0.026 0.021 0.019 
 88 QAc-W-0011    (0)   13 :  0.050 0.014 0.064 0.041 0.038 0.034 0.013 0.041 0.065 0.068 0.041 0.373 0.012 0.012 0.015 0.030 0.037 0.053 
 89 QAc-W-0012    (0)   13 :  0.021 0.006 0.024 0.020 0.022 0.013 0.014 0.038 0.026 0.095 0.022 0.607 0.009 0.012 0.012 0.017 0.020 0.023 
 90 QAc-W-0013    (0)   13 :  0.062 0.007 0.092 0.061 0.044 0.017 0.011 0.068 0.054 0.143 0.028 0.013 0.048 0.008 0.134 0.063 0.041 0.106 
 91 QAc-W-0014    (0)   13 :  0.015 0.010 0.014 0.012 0.013 0.004 0.006 0.016 0.017 0.016 0.011 0.814 0.004 0.005 0.005 0.016 0.010 0.013 
 92 QAc-W-0015    (0)   13 :  0.040 0.130 0.051 0.051 0.038 0.016 0.007 0.095 0.033 0.296 0.022 0.012 0.012 0.004 0.014 0.053 0.038 0.088 
 93 QAc-W-0017    (0)   13 :  0.083 0.039 0.081 0.109 0.089 0.009 0.024 0.078 0.084 0.036 0.081 0.010 0.012 0.007 0.020 0.060 0.082 0.095 
 94 QAc-W-0018    (0)   13 :  0.053 0.004 0.055 0.053 0.050 0.004 0.032 0.029 0.066 0.022 0.052 0.378 0.024 0.014 0.040 0.023 0.051 0.050 
 95 QAc-W-0020    (0)   13 :  0.020 0.005 0.024 0.030 0.025 0.004 0.011 0.018 0.021 0.007 0.020 0.743 0.004 0.011 0.004 0.012 0.022 0.020 
 96 QAc-W-0021    (0)   13 :  0.065 0.003 0.067 0.055 0.050 0.010 0.017 0.029 0.060 0.016 0.061 0.301 0.017 0.008 0.107 0.023 0.053 0.056 
 97 QAc-W-0022    (0)   13 :  0.091 0.023 0.093 0.088 0.097 0.014 0.018 0.071 0.096 0.080 0.072 0.019 0.007 0.007 0.012 0.058 0.073 0.080 
 98 QAc-W-0023    (6)   13 :  0.070 0.005 0.086 0.058 0.069 0.003 0.013 0.055 0.088 0.117 0.056 0.083 0.026 0.033 0.022 0.070 0.053 0.092 
 99 QAc-W-0024    (0)   13 :  0.049 0.006 0.056 0.072 0.050 0.046 0.010 0.042 0.064 0.021 0.047 0.303 0.011 0.006 0.086 0.038 0.045 0.048 
100 QAc-W-0025    (0)   13 :  0.031 0.004 0.033 0.026 0.026 0.008 0.010 0.073 0.034 0.309 0.026 0.313 0.009 0.004 0.017 0.021 0.024 0.032 
101 QAc-W-0026    (0)   13 :  0.034 0.014 0.037 0.032 0.034 0.041 0.016 0.046 0.033 0.047 0.044 0.404 0.015 0.024 0.079 0.026 0.043 0.034 
102 QAc-W-0027    (0)   13 :  0.018 0.004 0.017 0.018 0.016 0.005 0.007 0.091 0.019 0.653 0.014 0.074 0.013 0.004 0.005 0.012 0.015 0.015 
103 QAc-W-0028    (0)   13 :  0.028 0.008 0.034 0.035 0.037 0.008 0.008 0.045 0.031 0.123 0.019 0.534 0.007 0.004 0.004 0.021 0.020 0.036 
104 QAc-W-0029    (0)   13 :  0.063 0.004 0.085 0.044 0.039 0.004 0.023 0.071 0.048 0.187 0.022 0.235 0.011 0.019 0.007 0.049 0.029 0.060 
105 QAc-W-0032    (0)   13 :  0.014 0.003 0.011 0.011 0.013 0.003 0.005 0.017 0.020 0.024 0.010 0.793 0.004 0.027 0.006 0.015 0.012 0.012 
106 QAc-W-0033    (0)   13 :  0.080 0.009 0.074 0.063 0.068 0.004 0.066 0.038 0.085 0.020 0.103 0.132 0.011 0.028 0.013 0.041 0.092 0.076 
107 QAc-W-0035    (0)   13 :  0.040 0.012 0.046 0.040 0.040 0.021 0.021 0.072 0.049 0.367 0.043 0.106 0.005 0.007 0.016 0.032 0.040 0.042 
108 QAc-W-0037    (0)   13 :  0.013 0.006 0.013 0.010 0.011 0.008 0.008 0.097 0.014 0.712 0.012 0.024 0.006 0.017 0.014 0.009 0.012 0.014 
109 QAc-W-0038    (0)   13 :  0.070 0.028 0.078 0.111 0.086 0.009 0.013 0.058 0.086 0.073 0.069 0.108 0.012 0.010 0.006 0.049 0.062 0.071 
110 QAc-W-0040    (0)   13 :  0.022 0.010 0.021 0.017 0.021 0.010 0.006 0.066 0.023 0.017 0.027 0.588 0.007 0.021 0.012 0.085 0.023 0.022 
111 QAc-W-0041    (0)   13 :  0.046 0.006 0.058 0.039 0.037 0.035 0.027 0.109 0.043 0.285 0.029 0.041 0.029 0.006 0.060 0.041 0.042 0.068 
112 QAc-W-0042    (0)   14 :  0.022 0.010 0.022 0.017 0.017 0.032 0.040 0.018 0.020 0.017 0.017 0.006 0.400 0.280 0.017 0.014 0.018 0.031 
113 QAc-W-0044    (0)   14 :  0.072 0.071 0.067 0.048 0.049 0.039 0.021 0.068 0.054 0.074 0.027 0.009 0.079 0.143 0.005 0.055 0.034 0.086 
114 QAc-W-0045    (0)   14 :  0.014 0.006 0.014 0.014 0.013 0.012 0.061 0.012 0.012 0.013 0.013 0.006 0.727 0.033 0.008 0.008 0.019 0.016 
115 QAc-W-0048    (0)   14 :  0.020 0.005 0.023 0.017 0.018 0.005 0.010 0.013 0.016 0.012 0.027 0.010 0.682 0.075 0.015 0.009 0.021 0.022 
116 QAc-W-0050    (0)   14 :  0.019 0.006 0.020 0.019 0.020 0.008 0.535 0.013 0.021 0.009 0.020 0.004 0.166 0.020 0.006 0.014 0.080 0.020 
117 QAc-W-0051    (0)   14 :  0.013 0.037 0.012 0.012 0.012 0.006 0.621 0.009 0.011 0.007 0.012 0.007 0.034 0.086 0.014 0.008 0.086 0.013 
118 QAc-W-0052    (0)   14 :  0.005 0.006 0.005 0.005 0.005 0.006 0.004 0.005 0.005 0.006 0.005 0.010 0.007 0.909 0.003 0.005 0.005 0.005 
119 QAc-W-0053    (0)   14 :  0.013 0.008 0.013 0.012 0.012 0.005 0.014 0.010 0.013 0.009 0.012 0.008 0.815 0.016 0.005 0.010 0.012 0.011 
120 QAc-W-0054    (0)   14 :  0.056 0.060 0.064 0.057 0.053 0.104 0.174 0.027 0.055 0.015 0.059 0.008 0.041 0.073 0.007 0.027 0.066 0.052 
121 QAc-W-0056    (0)   14 :  0.048 0.009 0.052 0.050 0.051 0.007 0.350 0.032 0.047 0.054 0.060 0.041 0.015 0.007 0.009 0.022 0.092 0.054 
122 QAc-W-0057    (0)   14 :  0.026 0.078 0.029 0.025 0.028 0.008 0.481 0.017 0.027 0.016 0.032 0.006 0.066 0.010 0.025 0.016 0.087 0.023 
123 QAc-W-0060    (0)   14 :  0.007 0.851 0.007 0.006 0.007 0.010 0.005 0.007 0.007 0.018 0.007 0.003 0.005 0.035 0.004 0.006 0.006 0.007 
124 QAc-W-0061    (0)   14 :  0.026 0.623 0.024 0.026 0.029 0.013 0.018 0.030 0.026 0.030 0.026 0.012 0.015 0.005 0.011 0.036 0.026 0.023 
125 QAc-W-0062    (0)   14 :  0.004 0.921 0.004 0.004 0.004 0.006 0.004 0.005 0.004 0.004 0.004 0.003 0.004 0.009 0.005 0.005 0.004 0.004 
126 QAc-W-0063    (0)   14 :  0.013 0.773 0.014 0.010 0.017 0.020 0.007 0.010 0.013 0.007 0.012 0.016 0.006 0.025 0.021 0.010 0.013 0.014 
127 QAc-W-0064    (0)   14 :  0.008 0.854 0.008 0.009 0.008 0.021 0.008 0.008 0.008 0.006 0.009 0.011 0.005 0.005 0.007 0.007 0.008 0.009 
128 QAc-W-0065    (0)   14 :  0.018 0.745 0.017 0.018 0.017 0.010 0.026 0.017 0.017 0.014 0.017 0.008 0.008 0.007 0.011 0.016 0.019 0.017 
129 QAc-W-0066    (0)   14 :  0.003 0.004 0.003 0.003 0.003 0.945 0.003 0.003 0.003 0.004 0.003 0.003 0.003 0.003 0.004 0.003 0.003 0.003 
130 QAc-W-0072    (0)   14 :  0.018 0.682 0.019 0.013 0.014 0.006 0.037 0.043 0.017 0.006 0.016 0.015 0.005 0.004 0.011 0.060 0.017 0.016 
131 QAc-W-0073    (0)   14 :  0.016 0.807 0.014 0.013 0.014 0.006 0.011 0.012 0.014 0.008 0.013 0.006 0.015 0.008 0.008 0.009 0.012 0.014 
132 QAc-W-0077    (0)   14 :  0.006 0.691 0.006 0.006 0.006 0.212 0.008 0.006 0.006 0.006 0.006 0.006 0.008 0.005 0.004 0.006 0.006 0.007 
133 QAc-W-0078    (0)   15 :  0.032 0.007 0.030 0.030 0.029 0.030 0.012 0.024 0.035 0.018 0.044 0.012 0.005 0.014 0.586 0.019 0.033 0.038 
134 QAc-W-0079    (6)   15 :  0.007 0.004 0.006 0.006 0.006 0.011 0.005 0.006 0.006 0.008 0.006 0.006 0.007 0.003 0.894 0.006 0.006 0.005 
135 QAc-W-0081    (0)   15 :  0.008 0.008 0.007 0.007 0.006 0.004 0.005 0.008 0.007 0.005 0.006 0.009 0.005 0.009 0.889 0.006 0.006 0.007 
136 QAc-W-0082    (0)   15 :  0.010 0.005 0.006 0.006 0.005 0.005 0.440 0.006 0.005 0.005 0.006 0.003 0.006 0.003 0.420 0.005 0.060 0.006 
137 QAc-W-0083    (0)   15 :  0.012 0.034 0.009 0.008 0.009 0.007 0.013 0.011 0.009 0.007 0.009 0.007 0.007 0.009 0.820 0.011 0.008 0.009 
138 QAc-W-0086    (0)   15 :  0.016 0.005 0.007 0.009 0.008 0.013 0.011 0.009 0.008 0.008 0.008 0.007 0.006 0.004 0.854 0.009 0.008 0.009 
139 QAc-W-0087    (0)   15 :  0.007 0.003 0.006 0.006 0.006 0.005 0.005 0.007 0.006 0.005 0.006 0.004 0.009 0.004 0.903 0.007 0.006 0.006 
140 QAc-W-0088    (0)   15 :  0.015 0.005 0.017 0.016 0.019 0.006 0.011 0.013 0.016 0.012 0.019 0.006 0.010 0.004 0.790 0.009 0.016 0.015 
141 QAc-W-0092    (0)   15 :  0.029 0.006 0.030 0.027 0.028 0.012 0.008 0.039 0.026 0.076 0.028 0.021 0.017 0.017 0.561 0.018 0.027 0.031 
142 QAc-W-0093    (0)   15 :  0.027 0.005 0.030 0.029 0.027 0.003 0.013 0.020 0.024 0.018 0.029 0.022 0.010 0.010 0.665 0.017 0.026 0.024 
143 QAc-W-0094    (0)   15 :  0.039 0.049 0.043 0.053 0.039 0.007 0.018 0.026 0.047 0.010 0.038 0.047 0.021 0.243 0.225 0.020 0.040 0.037 
144 QAc-W-0097    (0)   15 :  0.032 0.007 0.026 0.029 0.030 0.006 0.011 0.025 0.029 0.052 0.031 0.024 0.011 0.016 0.595 0.014 0.027 0.033 
145 QAc-W-0099    (0)   15 :  0.049 0.005 0.037 0.037 0.031 0.005 0.016 0.029 0.041 0.012 0.042 0.004 0.016 0.016 0.567 0.022 0.037 0.034 
146 QAc-W-0107    (0)   15 :  0.009 0.029 0.009 0.009 0.010 0.013 0.008 0.009 0.009 0.006 0.009 0.006 0.005 0.008 0.836 0.007 0.009 0.009 
147 QAc-W-0115    (0)   16 :  0.058 0.007 0.014 0.014 0.020 0.005 0.006 0.318 0.014 0.020 0.013 0.011 0.005 0.006 0.009 0.453 0.013 0.012 
148 QAc-W-0116    (0)   16 :  0.036 0.005 0.032 0.031 0.037 0.003 0.012 0.227 0.039 0.020 0.033 0.007 0.021 0.012 0.006 0.417 0.031 0.032 
149 QAc-W-0117    (0)   16 :  0.016 0.004 0.012 0.015 0.016 0.004 0.006 0.302 0.014 0.021 0.011 0.005 0.011 0.004 0.004 0.533 0.010 0.013 
150 QAc-W-0118    (0)   16 :  0.039 0.020 0.017 0.018 0.019 0.038 0.009 0.282 0.015 0.008 0.015 0.007 0.008 0.005 0.022 0.445 0.017 0.014 
151 QAc-W-0119    (0)   16 :  0.021 0.004 0.020 0.023 0.022 0.018 0.017 0.252 0.025 0.013 0.023 0.006 0.007 0.007 0.007 0.490 0.024 0.021 
152 QAc-W-0120    (0)   16 :  0.039 0.008 0.034 0.032 0.029 0.019 0.010 0.233 0.033 0.013 0.048 0.009 0.012 0.005 0.010 0.395 0.039 0.032 
153 QAc-W-0121    (0)   16 :  0.017 0.010 0.016 0.014 0.021 0.071 0.030 0.254 0.016 0.017 0.015 0.007 0.007 0.003 0.004 0.464 0.018 0.016 
154 QAc-W-0122    (0)   16 :  0.087 0.008 0.050 0.048 0.074 0.004 0.012 0.197 0.047 0.013 0.032 0.018 0.011 0.004 0.006 0.303 0.048 0.036 
155 QAc-W-0123    (6)   16 :  0.041 0.008 0.026 0.030 0.039 0.007 0.007 0.251 0.025 0.014 0.026 0.004 0.010 0.018 0.010 0.435 0.022 0.028 
156 QAc-W-0124    (0)   16 :  0.077 0.114 0.026 0.030 0.035 0.012 0.007 0.181 0.025 0.040 0.023 0.015 0.004 0.007 0.081 0.271 0.027 0.023 
157 QAc-W-0125    (0)   16 :  0.023 0.005 0.012 0.015 0.014 0.008 0.008 0.283 0.013 0.013 0.013 0.008 0.009 0.008 0.019 0.526 0.013 0.011 
158 QAc-W-0132    (6)   16 :  0.072 0.026 0.027 0.032 0.032 0.046 0.014 0.227 0.038 0.035 0.025 0.016 0.006 0.020 0.032 0.289 0.032 0.029 
159 QAc-W-0134    (0)   16 :  0.015 0.007 0.006 0.007 0.009 0.004 0.004 0.312 0.007 0.010 0.007 0.004 0.006 0.006 0.006 0.576 0.006 0.006 
160 QAc-W-0135    (0)   16 :  0.057 0.033 0.021 0.026 0.038 0.015 0.006 0.233 0.028 0.026 0.023 0.100 0.007 0.004 0.009 0.331 0.024 0.020 
161 QAc-W-0136    (0)   16 :  0.038 0.005 0.007 0.008 0.008 0.003 0.005 0.321 0.009 0.006 0.008 0.005 0.005 0.006 0.005 0.544 0.008 0.009 
162 QAc-W-0138    (0)   16 :  0.031 0.004 0.009 0.008 0.010 0.005 0.006 0.316 0.012 0.005 0.007 0.008 0.004 0.006 0.003 0.548 0.008 0.009 
163 QAc-W-0140    (0)   16 :  0.029 0.005 0.023 0.023 0.035 0.005 0.009 0.254 0.023 0.030 0.019 0.008 0.021 0.005 0.006 0.462 0.017 0.028 
164 QAc-W-0141    (6)   16 :  0.088 0.009 0.083 0.085 0.113 0.029 0.017 0.076 0.090 0.049 0.065 0.016 0.014 0.007 0.008 0.101 0.058 0.092 
165 QAc-W-0142    (0)   16 :  0.013 0.014 0.008 0.007 0.008 0.012 0.011 0.311 0.007 0.011 0.008 0.004 0.005 0.003 0.005 0.558 0.008 0.007 
166 QAc-W-0143    (0)   16 :  0.035 0.006 0.015 0.014 0.014 0.003 0.010 0.284 0.016 0.008 0.014 0.007 0.012 0.006 0.030 0.499 0.014 0.014 
167 QAc-W-0145    (0)   16 :  0.055 0.006 0.011 0.017 0.034 0.003 0.005 0.315 0.011 0.006 0.013 0.004 0.006 0.004 0.004 0.480 0.015 0.012 
168 QAc-W-0148    (0)   16 :  0.053 0.007 0.007 0.007 0.009 0.004 0.005 0.323 0.007 0.013 0.007 0.007 0.005 0.007 0.004 0.519 0.007 0.008 
169 QAc-W-0149    (0)   16 :  0.113 0.013 0.072 0.060 0.089 0.005 0.018 0.139 0.068 0.017 0.047 0.013 0.016 0.030 0.011 0.182 0.045 0.060 
170 QAc-W-0150    (0)   16 :  0.093 0.008 0.055 0.047 0.059 0.005 0.014 0.127 0.065 0.038 0.042 0.090 0.007 0.019 0.031 0.216 0.041 0.043 
171 QAc-W-0151    (0)   16 :  0.062 0.006 0.018 0.017 0.023 0.004 0.008 0.276 0.018 0.054 0.020 0.009 0.006 0.005 0.012 0.423 0.020 0.018 
172 QAc-W-0152    (0)   16 :  0.064 0.035 0.011 0.010 0.024 0.005 0.013 0.313 0.010 0.009 0.011 0.005 0.011 0.006 0.005 0.445 0.011 0.011 
173 QAc-W-0153    (0)   16 :  0.057 0.023 0.088 0.117 0.179 0.006 0.015 0.079 0.083 0.035 0.065 0.005 0.006 0.004 0.025 0.041 0.055 0.117 
174 QAc-W-0154    (0)   16 :  0.042 0.004 0.025 0.025 0.025 0.004 0.008 0.254 0.030 0.012 0.029 0.045 0.006 0.004 0.006 0.433 0.023 0.025 
175 QAc-W-0157    (0)   16 :  0.038 0.018 0.038 0.037 0.036 0.011 0.013 0.210 0.039 0.022 0.041 0.005 0.011 0.027 0.004 0.374 0.043 0.034 
176 QAc-W-0158    (0)   16 :  0.053 0.008 0.029 0.026 0.026 0.024 0.009 0.239 0.028 0.059 0.019 0.040 0.006 0.008 0.028 0.348 0.022 0.030 
177 QAc-W-0159    (0)   16 :  0.012 0.004 0.009 0.009 0.010 0.004 0.008 0.303 0.010 0.017 0.009 0.008 0.006 0.008 0.007 0.556 0.010 0.009 
178 QAc-W-0160    (0)   16 :  0.040 0.006 0.029 0.022 0.028 0.004 0.006 0.258 0.032 0.020 0.040 0.023 0.005 0.004 0.008 0.418 0.034 0.024 
179 QAc-W-0162    (0)   16 :  0.032 0.087 0.014 0.014 0.019 0.005 0.033 0.241 0.019 0.009 0.018 0.004 0.025 0.018 0.007 0.419 0.018 0.018 
180 QAc-W-0163    (0)   16 :  0.027 0.010 0.025 0.027 0.032 0.007 0.110 0.196 0.026 0.016 0.038 0.006 0.036 0.009 0.005 0.354 0.047 0.027 
181 QAc-W-0164    (0)   16 :  0.057 0.075 0.031 0.030 0.026 0.008 0.023 0.223 0.039 0.009 0.034 0.007 0.011 0.009 0.011 0.337 0.036 0.032 
182 QAc-W-0167    (0)   17 :  0.067 0.008 0.118 0.149 0.140 0.006 0.016 0.060 0.083 0.010 0.079 0.006 0.009 0.006 0.020 0.042 0.086 0.095 
183 QAc-W-0168    (0)   17 :  0.073 0.020 0.085 0.086 0.085 0.047 0.021 0.078 0.076 0.021 0.106 0.009 0.015 0.006 0.013 0.086 0.091 0.080 
184 QAc-W-0169    (0)   17 :  0.082 0.010 0.094 0.103 0.085 0.010 0.048 0.042 0.078 0.015 0.145 0.019 0.013 0.004 0.004 0.023 0.116 0.109 
185 QAc-W-0170    (0)   17 :  0.092 0.005 0.109 0.097 0.090 0.003 0.015 0.047 0.094 0.047 0.123 0.011 0.008 0.004 0.007 0.038 0.106 0.104 
186 QAc-W-0172    (0)   17 :  0.084 0.003 0.092 0.096 0.100 0.002 0.015 0.034 0.105 0.012 0.161 0.008 0.005 0.015 0.009 0.021 0.141 0.097 
187 QAc-W-0173    (0)   17 :  0.065 0.011 0.121 0.157 0.158 0.004 0.013 0.079 0.070 0.021 0.053 0.011 0.005 0.005 0.007 0.062 0.058 0.098 
188 QAc-W-0174    (0)   17 :  0.066 0.011 0.106 0.157 0.150 0.010 0.018 0.053 0.097 0.013 0.081 0.004 0.011 0.004 0.006 0.051 0.069 0.093 


Estimated Allele Frequencies in each cluster
First column gives estimated ancestral frequencies


Locus 1 : 
18 alleles
0.0% missing data
 210   (0.114) 0.117 0.022 0.107 0.109 0.120 0.007 0.085 0.129 0.114 0.076 0.115 0.017 0.265 0.030 0.151 0.162 0.111 0.106 
 212   (0.119) 0.133 0.016 0.125 0.125 0.126 0.195 0.093 0.139 0.129 0.391 0.119 0.047 0.033 0.023 0.276 0.083 0.117 0.119 
 202   (0.057) 0.046 0.007 0.049 0.050 0.049 0.003 0.023 0.029 0.052 0.036 0.057 0.062 0.016 0.316 0.142 0.018 0.052 0.049 
 226   (0.043) 0.032 0.131 0.034 0.034 0.032 0.246 0.035 0.018 0.034 0.006 0.043 0.005 0.023 0.222 0.013 0.011 0.039 0.034 
 216   (0.074) 0.067 0.057 0.065 0.062 0.066 0.005 0.039 0.081 0.066 0.014 0.074 0.018 0.048 0.171 0.170 0.113 0.066 0.064 
 200   (0.245) 0.298 0.123 0.301 0.284 0.283 0.512 0.149 0.268 0.286 0.365 0.245 0.526 0.195 0.119 0.085 0.221 0.251 0.310 
 224   (0.043) 0.042 0.264 0.043 0.048 0.040 0.004 0.022 0.028 0.044 0.022 0.043 0.008 0.010 0.009 0.011 0.021 0.042 0.048 
 218   (0.054) 0.052 0.017 0.047 0.047 0.047 0.004 0.044 0.085 0.051 0.015 0.054 0.082 0.013 0.010 0.106 0.115 0.052 0.046 
 228   (0.012) 0.008 0.130 0.008 0.008 0.008 0.001 0.004 0.004 0.008 0.002 0.012 0.001 0.002 0.002 0.001 0.003 0.010 0.008 
 214   (0.060) 0.049 0.212 0.053 0.053 0.054 0.013 0.437 0.032 0.053 0.010 0.060 0.007 0.172 0.037 0.007 0.026 0.101 0.053 
 208   (0.063) 0.060 0.008 0.076 0.084 0.076 0.004 0.026 0.046 0.067 0.042 0.063 0.210 0.075 0.018 0.023 0.029 0.058 0.067 
 220   (0.030) 0.025 0.004 0.029 0.032 0.029 0.002 0.012 0.016 0.029 0.007 0.030 0.004 0.007 0.006 0.004 0.015 0.028 0.029 
 196   (0.009) 0.007 0.001 0.007 0.007 0.007 0.001 0.003 0.003 0.007 0.001 0.009 0.001 0.002 0.001 0.001 0.003 0.008 0.008 
 238   (0.011) 0.008 0.002 0.009 0.010 0.010 0.001 0.004 0.005 0.009 0.002 0.011 0.001 0.002 0.002 0.001 0.003 0.009 0.009 
 206   (0.019) 0.015 0.002 0.015 0.014 0.014 0.001 0.007 0.016 0.015 0.003 0.019 0.003 0.060 0.004 0.002 0.021 0.016 0.016 
 190   (0.010) 0.007 0.001 0.008 0.007 0.008 0.001 0.003 0.004 0.008 0.001 0.010 0.001 0.002 0.002 0.001 0.003 0.009 0.008 
 222   (0.024) 0.027 0.004 0.018 0.018 0.022 0.001 0.008 0.095 0.019 0.006 0.024 0.007 0.006 0.025 0.003 0.151 0.021 0.018 
 232   (0.011) 0.007 0.001 0.008 0.008 0.008 0.001 0.005 0.004 0.008 0.001 0.011 0.001 0.066 0.004 0.001 0.003 0.010 0.008 

Locus 2 : 
15 alleles
2.1% missing data
 171   (0.211) 0.224 0.042 0.223 0.220 0.207 0.017 0.233 0.185 0.226 0.416 0.212 0.310 0.468 0.240 0.178 0.123 0.220 0.228 
 175   (0.097) 0.086 0.027 0.090 0.086 0.082 0.024 0.264 0.056 0.088 0.059 0.097 0.042 0.026 0.202 0.262 0.043 0.114 0.086 
 185   (0.055) 0.057 0.016 0.049 0.049 0.054 0.005 0.023 0.109 0.051 0.011 0.055 0.008 0.014 0.012 0.083 0.170 0.050 0.046 
 179   (0.075) 0.101 0.501 0.074 0.077 0.089 0.035 0.036 0.155 0.074 0.014 0.075 0.009 0.018 0.246 0.009 0.190 0.071 0.071 
 181   (0.092) 0.093 0.043 0.095 0.096 0.089 0.563 0.073 0.074 0.093 0.117 0.092 0.029 0.123 0.033 0.350 0.045 0.094 0.106 
 173   (0.184) 0.190 0.141 0.202 0.181 0.194 0.332 0.204 0.198 0.197 0.218 0.184 0.185 0.169 0.174 0.039 0.209 0.187 0.196 
 177   (0.032) 0.031 0.186 0.026 0.026 0.026 0.003 0.033 0.043 0.027 0.005 0.032 0.003 0.008 0.005 0.004 0.061 0.030 0.026 
 187   (0.094) 0.082 0.025 0.099 0.115 0.107 0.009 0.073 0.069 0.096 0.118 0.094 0.104 0.045 0.018 0.011 0.046 0.091 0.094 
 183   (0.062) 0.061 0.007 0.062 0.067 0.072 0.006 0.026 0.064 0.064 0.014 0.062 0.008 0.087 0.016 0.020 0.078 0.057 0.067 
 189   (0.032) 0.028 0.004 0.028 0.027 0.027 0.003 0.012 0.022 0.029 0.018 0.032 0.295 0.008 0.005 0.004 0.016 0.029 0.027 
 191   (0.021) 0.017 0.003 0.017 0.019 0.016 0.002 0.009 0.009 0.019 0.003 0.021 0.003 0.024 0.041 0.036 0.006 0.018 0.017 
 163   (0.012) 0.008 0.001 0.009 0.008 0.009 0.001 0.004 0.004 0.009 0.002 0.012 0.001 0.002 0.002 0.001 0.003 0.010 0.009 
 165   (0.011) 0.008 0.001 0.008 0.008 0.008 0.001 0.004 0.004 0.009 0.001 0.011 0.001 0.002 0.002 0.001 0.003 0.009 0.009 
 193   (0.012) 0.008 0.001 0.011 0.013 0.013 0.001 0.004 0.004 0.011 0.002 0.012 0.001 0.003 0.002 0.001 0.004 0.010 0.010 
 167   (0.010) 0.007 0.001 0.008 0.008 0.008 0.001 0.003 0.004 0.008 0.001 0.010 0.001 0.002 0.002 0.001 0.002 0.009 0.008 

Locus 3 : 
4 alleles
1.1% missing data
 206   (0.888) 0.913 0.885 0.904 0.901 0.896 0.989 0.940 0.947 0.899 0.979 0.888 0.683 0.903 0.896 0.977 0.964 0.898 0.900 
 208   (0.059) 0.045 0.051 0.051 0.051 0.048 0.004 0.040 0.027 0.054 0.011 0.059 0.311 0.067 0.011 0.007 0.019 0.055 0.049 
 204   (0.038) 0.030 0.062 0.031 0.031 0.034 0.006 0.014 0.016 0.033 0.006 0.038 0.004 0.026 0.091 0.014 0.012 0.034 0.034 
 212   (0.015) 0.012 0.002 0.015 0.017 0.022 0.001 0.005 0.010 0.015 0.003 0.015 0.002 0.003 0.002 0.002 0.005 0.013 0.017 

Locus 4 : 
15 alleles
1.1% missing data
 165   (0.074) 0.083 0.315 0.087 0.077 0.092 0.005 0.066 0.049 0.081 0.040 0.074 0.013 0.019 0.044 0.474 0.039 0.072 0.081 
 163   (0.199) 0.223 0.076 0.218 0.230 0.234 0.015 0.174 0.227 0.220 0.076 0.199 0.082 0.280 0.075 0.028 0.276 0.203 0.215 
 167   (0.153) 0.140 0.020 0.143 0.148 0.140 0.010 0.161 0.140 0.149 0.191 0.153 0.242 0.101 0.494 0.066 0.149 0.151 0.139 
 161   (0.360) 0.375 0.566 0.359 0.350 0.352 0.956 0.465 0.470 0.357 0.647 0.360 0.478 0.434 0.327 0.122 0.439 0.376 0.378 
 153   (0.015) 0.014 0.002 0.018 0.014 0.013 0.001 0.005 0.008 0.017 0.006 0.015 0.009 0.004 0.003 0.002 0.007 0.014 0.016 
 173   (0.030) 0.026 0.003 0.026 0.029 0.026 0.002 0.057 0.011 0.025 0.004 0.030 0.003 0.022 0.005 0.265 0.007 0.031 0.025 
 171   (0.037) 0.035 0.004 0.037 0.041 0.034 0.003 0.020 0.019 0.038 0.006 0.037 0.004 0.043 0.029 0.005 0.014 0.036 0.036 
 179   (0.010) 0.007 0.001 0.009 0.009 0.008 0.001 0.004 0.004 0.008 0.003 0.010 0.001 0.003 0.002 0.001 0.003 0.009 0.009 
 157   (0.023) 0.016 0.002 0.019 0.017 0.016 0.001 0.009 0.011 0.019 0.012 0.023 0.153 0.015 0.004 0.003 0.007 0.020 0.019 
 149   (0.012) 0.008 0.001 0.009 0.008 0.008 0.001 0.006 0.004 0.009 0.002 0.011 0.001 0.026 0.002 0.001 0.003 0.010 0.009 
 177   (0.021) 0.021 0.002 0.021 0.021 0.020 0.001 0.009 0.011 0.022 0.005 0.021 0.003 0.006 0.004 0.011 0.008 0.020 0.020 
 155   (0.017) 0.012 0.002 0.013 0.013 0.013 0.001 0.006 0.008 0.014 0.002 0.017 0.005 0.004 0.003 0.002 0.005 0.015 0.014 
 175   (0.010) 0.007 0.001 0.008 0.008 0.008 0.001 0.004 0.004 0.008 0.001 0.010 0.001 0.007 0.002 0.001 0.002 0.009 0.009 
 169   (0.022) 0.016 0.002 0.019 0.021 0.021 0.001 0.009 0.008 0.019 0.003 0.022 0.002 0.034 0.004 0.017 0.007 0.019 0.019 
 159   (0.019) 0.016 0.002 0.015 0.014 0.015 0.001 0.006 0.024 0.016 0.003 0.019 0.002 0.004 0.003 0.002 0.034 0.017 0.015 

Locus 5 : 
16 alleles
0.0% missing data
 148   (0.115) 0.109 0.048 0.111 0.118 0.113 0.362 0.038 0.095 0.118 0.190 0.115 0.102 0.093 0.027 0.285 0.069 0.105 0.107 
 160   (0.025) 0.018 0.003 0.020 0.018 0.019 0.002 0.007 0.010 0.020 0.005 0.025 0.003 0.026 0.061 0.060 0.007 0.021 0.020 
 154   (0.073) 0.079 0.171 0.072 0.074 0.071 0.010 0.055 0.118 0.075 0.015 0.073 0.019 0.020 0.046 0.026 0.174 0.070 0.069 
 150   (0.060) 0.057 0.010 0.060 0.055 0.052 0.012 0.389 0.036 0.057 0.030 0.060 0.060 0.069 0.013 0.009 0.024 0.100 0.057 
 138   (0.121) 0.121 0.187 0.121 0.113 0.124 0.008 0.058 0.157 0.120 0.062 0.121 0.023 0.088 0.314 0.148 0.203 0.111 0.114 
 166   (0.030) 0.021 0.003 0.022 0.022 0.021 0.002 0.010 0.012 0.023 0.006 0.030 0.032 0.217 0.272 0.013 0.008 0.026 0.023 
 146   (0.097) 0.080 0.228 0.090 0.096 0.092 0.337 0.039 0.054 0.089 0.029 0.097 0.032 0.096 0.076 0.165 0.039 0.088 0.089 
 164   (0.016) 0.012 0.002 0.013 0.013 0.013 0.001 0.005 0.006 0.013 0.002 0.016 0.002 0.004 0.037 0.002 0.004 0.014 0.012 
 142   (0.018) 0.012 0.002 0.013 0.012 0.013 0.006 0.196 0.011 0.013 0.003 0.018 0.002 0.005 0.003 0.002 0.014 0.037 0.013 
 144   (0.158) 0.164 0.301 0.169 0.166 0.172 0.230 0.084 0.194 0.164 0.369 0.158 0.069 0.242 0.057 0.028 0.162 0.153 0.186 
 140   (0.087) 0.089 0.010 0.090 0.103 0.097 0.007 0.029 0.167 0.087 0.227 0.087 0.186 0.021 0.017 0.020 0.177 0.083 0.094 
 158   (0.043) 0.054 0.005 0.053 0.046 0.045 0.003 0.018 0.035 0.050 0.020 0.043 0.009 0.029 0.029 0.087 0.034 0.041 0.057 
 162   (0.028) 0.024 0.003 0.026 0.028 0.027 0.002 0.019 0.015 0.024 0.006 0.028 0.003 0.008 0.005 0.131 0.009 0.026 0.025 
 152   (0.092) 0.128 0.024 0.106 0.099 0.108 0.016 0.038 0.072 0.112 0.030 0.092 0.455 0.035 0.019 0.012 0.062 0.090 0.097 
 134   (0.018) 0.016 0.002 0.016 0.017 0.015 0.001 0.007 0.009 0.016 0.003 0.018 0.002 0.042 0.003 0.002 0.005 0.016 0.018 
 156   (0.020) 0.018 0.002 0.018 0.019 0.017 0.001 0.007 0.009 0.018 0.005 0.020 0.003 0.005 0.020 0.011 0.007 0.018 0.018 

Locus 6 : 
12 alleles
0.0% missing data
 225   (0.043) 0.035 0.006 0.038 0.039 0.036 0.291 0.030 0.022 0.041 0.007 0.043 0.010 0.010 0.007 0.121 0.024 0.041 0.036 
 239   (0.099) 0.089 0.229 0.107 0.099 0.104 0.430 0.054 0.063 0.099 0.106 0.099 0.013 0.044 0.233 0.026 0.042 0.090 0.096 
 229   (0.016) 0.012 0.002 0.013 0.012 0.012 0.001 0.005 0.006 0.012 0.003 0.016 0.002 0.004 0.002 0.297 0.005 0.014 0.014 
 235   (0.306) 0.343 0.310 0.305 0.307 0.320 0.227 0.516 0.406 0.311 0.407 0.306 0.268 0.134 0.085 0.377 0.429 0.336 0.310 
 237   (0.214) 0.215 0.268 0.223 0.238 0.229 0.025 0.152 0.204 0.224 0.268 0.214 0.194 0.170 0.065 0.038 0.182 0.208 0.222 
 233   (0.100) 0.095 0.158 0.103 0.093 0.091 0.011 0.077 0.088 0.099 0.156 0.100 0.475 0.094 0.261 0.058 0.049 0.099 0.104 
 227   (0.030) 0.023 0.003 0.023 0.023 0.022 0.002 0.030 0.010 0.024 0.004 0.030 0.003 0.427 0.292 0.003 0.008 0.028 0.026 
 245   (0.065) 0.075 0.007 0.072 0.067 0.071 0.005 0.032 0.091 0.072 0.025 0.065 0.019 0.020 0.020 0.008 0.131 0.064 0.075 
 241   (0.039) 0.036 0.007 0.035 0.034 0.032 0.003 0.032 0.024 0.035 0.007 0.039 0.006 0.035 0.013 0.060 0.022 0.036 0.034 
 231   (0.048) 0.046 0.005 0.048 0.055 0.051 0.003 0.051 0.043 0.052 0.008 0.048 0.005 0.022 0.015 0.006 0.051 0.049 0.048 
 243   (0.029) 0.024 0.003 0.026 0.024 0.024 0.002 0.016 0.038 0.025 0.008 0.029 0.003 0.037 0.005 0.004 0.054 0.026 0.026 
 251   (0.011) 0.007 0.001 0.008 0.008 0.008 0.001 0.003 0.004 0.008 0.001 0.011 0.001 0.002 0.002 0.001 0.003 0.009 0.009 

Locus 7 : 
5 alleles
0.0% missing data
 118   (0.920) 0.933 0.992 0.931 0.933 0.932 0.994 0.611 0.956 0.930 0.939 0.920 0.925 0.982 0.663 0.990 0.971 0.887 0.931 
 124   (0.038) 0.036 0.004 0.035 0.031 0.032 0.003 0.013 0.027 0.036 0.055 0.038 0.070 0.009 0.330 0.005 0.016 0.034 0.035 
 116   (0.013) 0.008 0.001 0.008 0.008 0.008 0.001 0.367 0.004 0.009 0.002 0.012 0.001 0.003 0.002 0.002 0.003 0.052 0.009 
 114   (0.017) 0.015 0.002 0.017 0.018 0.019 0.001 0.005 0.009 0.016 0.003 0.017 0.003 0.004 0.004 0.002 0.007 0.016 0.016 
 122   (0.012) 0.008 0.001 0.009 0.010 0.009 0.001 0.004 0.004 0.009 0.002 0.012 0.001 0.003 0.002 0.001 0.003 0.010 0.010 

Locus 8 : 
5 alleles
0.0% missing data
 135   (0.056) 0.082 0.007 0.069 0.060 0.062 0.011 0.021 0.047 0.077 0.039 0.056 0.013 0.013 0.010 0.023 0.050 0.055 0.063 
 139   (0.755) 0.761 0.956 0.768 0.779 0.785 0.922 0.567 0.756 0.758 0.898 0.754 0.935 0.655 0.950 0.818 0.695 0.735 0.766 
 137   (0.142) 0.121 0.032 0.126 0.124 0.115 0.064 0.393 0.156 0.126 0.056 0.142 0.048 0.321 0.032 0.153 0.204 0.169 0.132 
 143   (0.033) 0.024 0.004 0.027 0.027 0.028 0.002 0.015 0.024 0.028 0.006 0.033 0.003 0.008 0.006 0.004 0.032 0.029 0.028 
 141   (0.014) 0.012 0.001 0.010 0.010 0.010 0.001 0.004 0.016 0.011 0.002 0.014 0.002 0.003 0.002 0.002 0.019 0.012 0.011 

Locus 9 : 
11 alleles
0.0% missing data
 116   (0.297) 0.338 0.174 0.330 0.305 0.307 0.368 0.204 0.318 0.331 0.290 0.297 0.516 0.118 0.107 0.425 0.333 0.293 0.316 
 112   (0.089) 0.095 0.381 0.081 0.083 0.096 0.012 0.036 0.118 0.084 0.078 0.089 0.036 0.021 0.016 0.059 0.138 0.083 0.085 
 122   (0.064) 0.051 0.299 0.051 0.050 0.049 0.433 0.137 0.027 0.053 0.011 0.063 0.010 0.270 0.297 0.007 0.022 0.070 0.054 
 114   (0.220) 0.222 0.046 0.220 0.226 0.233 0.021 0.089 0.269 0.220 0.340 0.220 0.360 0.233 0.053 0.079 0.272 0.203 0.221 
 120   (0.042) 0.030 0.021 0.033 0.032 0.033 0.003 0.014 0.037 0.034 0.139 0.042 0.005 0.011 0.215 0.005 0.022 0.036 0.035 
 130   (0.035) 0.033 0.004 0.041 0.034 0.033 0.002 0.012 0.023 0.036 0.036 0.035 0.005 0.079 0.176 0.005 0.020 0.033 0.044 
 118   (0.123) 0.125 0.018 0.122 0.140 0.127 0.018 0.058 0.137 0.126 0.073 0.123 0.037 0.050 0.112 0.404 0.132 0.121 0.126 
 124   (0.060) 0.047 0.050 0.051 0.053 0.052 0.137 0.204 0.036 0.051 0.010 0.059 0.007 0.073 0.010 0.007 0.037 0.074 0.052 
 126   (0.038) 0.032 0.004 0.034 0.033 0.030 0.003 0.235 0.018 0.034 0.019 0.038 0.008 0.137 0.009 0.006 0.010 0.058 0.035 
 108   (0.013) 0.010 0.001 0.017 0.021 0.019 0.001 0.004 0.006 0.014 0.002 0.013 0.001 0.003 0.002 0.001 0.004 0.011 0.013 
 128   (0.020) 0.017 0.002 0.020 0.023 0.022 0.002 0.007 0.012 0.018 0.003 0.020 0.014 0.005 0.003 0.002 0.009 0.018 0.019 

Locus 10 : 
4 alleles
0.0% missing data
 232   (0.900) 0.920 0.989 0.906 0.904 0.907 0.993 0.959 0.928 0.910 0.947 0.900 0.988 0.673 0.973 0.988 0.928 0.911 0.909 
 238   (0.074) 0.060 0.009 0.067 0.065 0.064 0.005 0.033 0.062 0.066 0.049 0.074 0.010 0.322 0.024 0.009 0.065 0.067 0.068 
 234   (0.014) 0.011 0.001 0.017 0.022 0.020 0.001 0.005 0.006 0.014 0.002 0.014 0.001 0.003 0.002 0.002 0.004 0.012 0.014 
 244   (0.011) 0.009 0.001 0.010 0.009 0.009 0.001 0.004 0.004 0.010 0.002 0.011 0.001 0.003 0.002 0.001 0.003 0.010 0.010 

Locus 11 : 
7 alleles
0.0% missing data
 165   (0.767) 0.802 0.802 0.781 0.770 0.779 0.768 0.558 0.844 0.787 0.780 0.767 0.926 0.896 0.934 0.921 0.889 0.746 0.785 
 167   (0.076) 0.057 0.181 0.062 0.060 0.059 0.222 0.346 0.038 0.062 0.016 0.076 0.009 0.020 0.020 0.055 0.033 0.104 0.064 
 161   (0.111) 0.105 0.012 0.120 0.130 0.122 0.008 0.081 0.089 0.113 0.198 0.111 0.060 0.074 0.039 0.019 0.050 0.110 0.114 
 155   (0.012) 0.008 0.001 0.009 0.009 0.009 0.001 0.004 0.004 0.009 0.002 0.012 0.001 0.003 0.002 0.001 0.003 0.011 0.009 
 173   (0.012) 0.008 0.001 0.012 0.013 0.012 0.001 0.004 0.004 0.010 0.002 0.012 0.001 0.003 0.002 0.001 0.003 0.010 0.010 
 163   (0.012) 0.012 0.001 0.009 0.009 0.011 0.001 0.004 0.017 0.009 0.002 0.012 0.001 0.003 0.002 0.001 0.019 0.011 0.009 
 171   (0.011) 0.008 0.001 0.008 0.009 0.008 0.001 0.003 0.004 0.009 0.001 0.011 0.001 0.002 0.002 0.001 0.003 0.010 0.009 

Locus 12 : 
8 alleles
0.0% missing data
 137   (0.512) 0.548 0.417 0.504 0.521 0.526 0.452 0.705 0.596 0.525 0.264 0.512 0.328 0.550 0.848 0.403 0.722 0.538 0.498 
 140   (0.161) 0.160 0.052 0.189 0.163 0.160 0.016 0.071 0.179 0.174 0.479 0.161 0.599 0.071 0.032 0.211 0.107 0.153 0.181 
 134   (0.250) 0.231 0.523 0.241 0.246 0.242 0.527 0.196 0.179 0.235 0.245 0.250 0.056 0.319 0.106 0.376 0.131 0.241 0.251 
 149   (0.011) 0.008 0.001 0.008 0.009 0.008 0.001 0.004 0.004 0.009 0.002 0.011 0.001 0.003 0.002 0.001 0.003 0.010 0.009 
 143   (0.015) 0.012 0.002 0.013 0.012 0.011 0.002 0.006 0.006 0.013 0.002 0.015 0.002 0.041 0.004 0.002 0.004 0.013 0.013 
 128   (0.012) 0.009 0.001 0.009 0.009 0.008 0.001 0.004 0.004 0.009 0.002 0.012 0.001 0.007 0.002 0.001 0.003 0.010 0.010 
 125   (0.019) 0.017 0.002 0.014 0.014 0.015 0.001 0.008 0.020 0.015 0.003 0.019 0.012 0.005 0.003 0.002 0.021 0.017 0.015 
 146   (0.020) 0.016 0.002 0.021 0.027 0.028 0.001 0.006 0.012 0.020 0.003 0.020 0.002 0.004 0.003 0.002 0.008 0.018 0.022 

Locus 13 : 
19 alleles
0.5% missing data
 206   (0.133) 0.122 0.029 0.120 0.118 0.116 0.048 0.114 0.136 0.125 0.167 0.133 0.263 0.065 0.219 0.419 0.126 0.129 0.117 
 210   (0.095) 0.099 0.037 0.105 0.098 0.093 0.416 0.048 0.086 0.100 0.146 0.095 0.174 0.025 0.017 0.282 0.055 0.093 0.110 
 190   (0.076) 0.074 0.012 0.073 0.074 0.085 0.005 0.040 0.081 0.076 0.019 0.076 0.082 0.018 0.029 0.009 0.105 0.072 0.075 
 202   (0.088) 0.114 0.013 0.100 0.090 0.093 0.008 0.211 0.055 0.102 0.026 0.088 0.033 0.269 0.535 0.016 0.046 0.104 0.094 
 214   (0.042) 0.033 0.146 0.036 0.040 0.036 0.251 0.016 0.022 0.037 0.020 0.042 0.060 0.011 0.008 0.005 0.014 0.037 0.037 
 212   (0.033) 0.043 0.004 0.026 0.026 0.032 0.186 0.019 0.178 0.027 0.010 0.033 0.004 0.007 0.005 0.004 0.298 0.030 0.026 
 192   (0.111) 0.121 0.013 0.131 0.130 0.127 0.008 0.061 0.113 0.123 0.256 0.111 0.088 0.029 0.059 0.043 0.078 0.111 0.140 
 204   (0.036) 0.039 0.058 0.033 0.034 0.039 0.016 0.017 0.025 0.036 0.011 0.036 0.019 0.013 0.015 0.004 0.020 0.034 0.033 
 184   (0.053) 0.058 0.006 0.046 0.047 0.048 0.003 0.019 0.070 0.050 0.023 0.053 0.017 0.012 0.009 0.099 0.072 0.048 0.045 
 216   (0.021) 0.018 0.002 0.024 0.018 0.019 0.001 0.007 0.041 0.022 0.255 0.020 0.014 0.004 0.003 0.002 0.011 0.018 0.020 
 208   (0.046) 0.048 0.005 0.049 0.042 0.044 0.016 0.018 0.041 0.050 0.024 0.046 0.199 0.010 0.010 0.005 0.052 0.043 0.049 
 198   (0.040) 0.041 0.004 0.048 0.057 0.053 0.003 0.015 0.027 0.046 0.007 0.041 0.005 0.009 0.018 0.005 0.022 0.040 0.045 
 194   (0.064) 0.051 0.601 0.055 0.058 0.054 0.006 0.302 0.029 0.056 0.010 0.064 0.020 0.196 0.019 0.029 0.022 0.089 0.057 
 186   (0.017) 0.012 0.049 0.013 0.013 0.012 0.012 0.010 0.006 0.013 0.002 0.017 0.002 0.004 0.003 0.002 0.004 0.015 0.013 
 188   (0.019) 0.016 0.002 0.017 0.017 0.015 0.001 0.007 0.008 0.016 0.005 0.019 0.004 0.031 0.003 0.002 0.006 0.017 0.018 
 200   (0.067) 0.061 0.012 0.062 0.065 0.064 0.016 0.069 0.042 0.062 0.011 0.067 0.011 0.282 0.034 0.065 0.038 0.067 0.063 
 196   (0.036) 0.032 0.004 0.038 0.044 0.042 0.002 0.020 0.028 0.036 0.006 0.036 0.004 0.009 0.006 0.005 0.025 0.034 0.037 
 220   (0.010) 0.007 0.001 0.008 0.008 0.008 0.001 0.003 0.004 0.008 0.001 0.010 0.001 0.003 0.005 0.001 0.003 0.009 0.008 
 180   (0.014) 0.011 0.001 0.017 0.022 0.020 0.001 0.005 0.006 0.014 0.002 0.014 0.002 0.003 0.002 0.002 0.004 0.012 0.013 

Locus 14 : 
8 alleles
1.1% missing data
 139   (0.075) 0.063 0.163 0.067 0.063 0.062 0.188 0.106 0.066 0.066 0.225 0.075 0.010 0.058 0.037 0.090 0.028 0.078 0.072 
 145   (0.065) 0.076 0.010 0.056 0.057 0.065 0.009 0.030 0.104 0.058 0.025 0.065 0.011 0.036 0.013 0.140 0.118 0.061 0.055 
 151   (0.302) 0.304 0.552 0.301 0.293 0.297 0.336 0.195 0.323 0.303 0.187 0.302 0.671 0.289 0.351 0.468 0.376 0.289 0.310 
 157   (0.358) 0.391 0.158 0.398 0.397 0.387 0.149 0.454 0.362 0.396 0.491 0.359 0.267 0.301 0.477 0.218 0.324 0.376 0.388 
 154   (0.099) 0.081 0.106 0.093 0.105 0.102 0.312 0.123 0.093 0.091 0.056 0.099 0.028 0.028 0.017 0.014 0.113 0.098 0.091 
 163   (0.042) 0.034 0.005 0.035 0.037 0.035 0.003 0.050 0.018 0.036 0.007 0.042 0.005 0.011 0.094 0.062 0.012 0.041 0.034 
 160   (0.031) 0.023 0.003 0.025 0.025 0.023 0.002 0.014 0.012 0.024 0.004 0.031 0.003 0.261 0.005 0.004 0.008 0.027 0.026 
 142   (0.028) 0.028 0.003 0.025 0.025 0.028 0.002 0.027 0.023 0.025 0.005 0.028 0.004 0.016 0.006 0.004 0.022 0.029 0.025 

Locus 15 : 
13 alleles
1.6% missing data
 256   (0.152) 0.122 0.122 0.130 0.130 0.127 0.072 0.205 0.125 0.135 0.155 0.152 0.173 0.159 0.124 0.164 0.131 0.153 0.129 
 262   (0.022) 0.015 0.002 0.016 0.015 0.016 0.001 0.157 0.007 0.016 0.003 0.022 0.002 0.007 0.003 0.276 0.005 0.037 0.016 
 246   (0.121) 0.128 0.013 0.141 0.136 0.140 0.008 0.105 0.097 0.137 0.136 0.121 0.086 0.101 0.024 0.178 0.078 0.122 0.136 
 258   (0.176) 0.226 0.023 0.210 0.191 0.196 0.014 0.197 0.201 0.210 0.286 0.176 0.236 0.160 0.538 0.024 0.199 0.187 0.212 
 254   (0.109) 0.098 0.340 0.102 0.106 0.105 0.156 0.074 0.079 0.102 0.032 0.108 0.165 0.074 0.180 0.013 0.068 0.101 0.101 
 250   (0.032) 0.023 0.079 0.025 0.025 0.024 0.651 0.018 0.017 0.026 0.005 0.032 0.003 0.010 0.008 0.004 0.020 0.028 0.026 
 242   (0.104) 0.109 0.152 0.103 0.119 0.129 0.074 0.068 0.133 0.101 0.020 0.104 0.012 0.059 0.023 0.188 0.146 0.101 0.104 
 252   (0.065) 0.070 0.043 0.064 0.065 0.058 0.007 0.053 0.052 0.068 0.029 0.065 0.027 0.021 0.013 0.110 0.042 0.065 0.063 
 248   (0.130) 0.132 0.216 0.126 0.126 0.125 0.011 0.089 0.215 0.120 0.309 0.130 0.038 0.377 0.072 0.023 0.239 0.123 0.133 
 260   (0.039) 0.036 0.004 0.038 0.038 0.034 0.003 0.014 0.031 0.037 0.017 0.039 0.251 0.019 0.007 0.005 0.016 0.036 0.036 
 264   (0.015) 0.013 0.002 0.015 0.019 0.017 0.001 0.005 0.007 0.016 0.002 0.015 0.001 0.003 0.002 0.002 0.007 0.013 0.015 
 244   (0.026) 0.020 0.003 0.021 0.022 0.020 0.002 0.013 0.031 0.023 0.005 0.026 0.003 0.007 0.004 0.014 0.047 0.023 0.021 
 276   (0.011) 0.008 0.001 0.008 0.008 0.008 0.001 0.004 0.004 0.008 0.001 0.011 0.001 0.003 0.002 0.001 0.003 0.010 0.009 

Values of parameters used in structure:
DATAFILE=G:\Shared drives\Emily_Schumacher\QUAC_analyses\QUAC_structure_wild_relate\QUAC_allpop_relate_red_12_15_21\project_data,	OUTFILE=G:\Shared drives\Emily_Schumacher\QUAC_analyses\QUAC_structure_wild_relate\QUAC_allpop_relate_red_12_15_21\50-100\Results\50-100_run_90,	NUMINDS=188,	NUMLOCI=15,	MISSING=-9,	LABEL=1,	POPDATA=1,	POPFLAG=0,	PHENOTYPE=0,	EXTRACOLS=0,	MAXPOPS=18,	BURNIN=50000,	NUMREPS=100000,	USEPOPINFO=0,	INFERALPHA=1,	INFERLAMBDA=0,	POPSPECIFICLAMBDA=0,	POPALPHAS=0,	COMPUTEPROB=1,	NOADMIX=0,	ADMBURNIN=2500,	UPDATEFREQ=1,	PRINTLIKES=0,	INTERMEDSAVE=0,	PRINTKLD=0,	PRINTNET=0,	PRINTLAMBDA=0,	ANCESTDIST=0,	NUMBOXES=1000,	ANCESTPINT=0.90000,	GENSBACK=2,	MIGRPRIOR=0.05000,	PRINTQHAT=0,	PRINTQSUM=0,	ALPHA=1.0000,	FREQSCORR=1,	FPRIORMEAN=0.0100,	FPRIORSD=0.0500,	ONEFST=0,	LAMBDA=1.0000,	UNIFPRIORALPHA=1,	ALPHAMAX=10.0000,	ALPHAPRIORA=1.0000,	ALPHAPRIORB=2.0000,	ALPHAPROPSD=0.0250,	STARTATPOPINFO=0,	RANDOMIZE=1,	LINKAGE=0,	METROFREQ=10,	REPORTHITRATE=0,	MARKOVPHASE=-1,	PHASED=0,	PLOIDY=2,	PHASEINFO=0	LOCPRIOR=0, 	LOCPRIORINIT=1.000000, 	LOCDATA=0, 	LOCISPOP=0, 	LOCPRIORSTEP=0.100000, 	MAXLOCPRIOR=20.000000, 	SEED=1639614600,	
[STRAT parameters]:    NUMSIMSTATS=1000,	PHENOTYPECOL=-9,	POOLFREQ=10,	LOCUSxONLY=0,	EMERROR=0.00100,	MISSINGPHENO=-9,	