

----------------------------------------------------
STRUCTURE by Pritchard, Stephens and Donnelly (2000)
     and Falush, Stephens and Pritchard (2003)
       Code by Pritchard, Falush and Hubisz
             Version 2.3.4 (Jul 2012)
----------------------------------------------------



Command line arguments:   bin\structure -m G:\Shared drives\Emily_Schumacher\QUAC_analyses\QUAC_structure_wild_relate\QUAC_allpop_relate_red_12_15_21\50-100\mainparams -e G:\Shared drives\Emily_Schumacher\QUAC_analyses\QUAC_structure_wild_relate\QUAC_allpop_relate_red_12_15_21\50-100\extraparams 
Input File:    G:\Shared drives\Emily_Schumacher\QUAC_analyses\QUAC_structure_wild_relate\QUAC_allpop_relate_red_12_15_21\project_data

Run parameters:
   188 individuals
   15 loci
   20 populations assumed
   50000 Burn-in period
   100000 Reps


--------------------------------------------
Proportion of membership of each pre-defined
 population in each of the 20 clusters

Given    Inferred Clusters                                                                                                                              Number of
 Pop       1      2      3      4      5      6      7      8      9     10     11     12     13     14     15     16     17     18     19     20      Individuals

  1:     0.008  0.009  0.009  0.007  0.006  0.008  0.009  0.004  0.006  0.004  0.015  0.009  0.005  0.008  0.005  0.010  0.013  0.009  0.845  0.009        2
  2:     0.021  0.025  0.026  0.069  0.018  0.021  0.037  0.030  0.020  0.018  0.260  0.028  0.011  0.022  0.178  0.028  0.097  0.027  0.035  0.029       17
  3:     0.033  0.036  0.036  0.090  0.018  0.032  0.037  0.029  0.020  0.027  0.145  0.035  0.071  0.031  0.013  0.036  0.183  0.033  0.053  0.042       19
  4:     0.043  0.041  0.044  0.011  0.023  0.035  0.048  0.014  0.023  0.062  0.009  0.037  0.019  0.039  0.011  0.042  0.305  0.039  0.102  0.051       10
  5:     0.013  0.014  0.013  0.238  0.009  0.014  0.012  0.008  0.010  0.025  0.545  0.014  0.008  0.012  0.004  0.014  0.013  0.012  0.008  0.013        2
  6:     0.029  0.027  0.023  0.014  0.019  0.029  0.023  0.038  0.016  0.005  0.008  0.028  0.088  0.030  0.117  0.034  0.408  0.028  0.008  0.029        2
  7:     0.050  0.047  0.049  0.205  0.028  0.043  0.052  0.079  0.029  0.007  0.136  0.049  0.022  0.046  0.011  0.044  0.005  0.043  0.009  0.045        1
  8:     0.007  0.008  0.008  0.035  0.009  0.008  0.009  0.010  0.008  0.007  0.829  0.008  0.006  0.007  0.005  0.007  0.008  0.008  0.007  0.007        1
  9:     0.081  0.072  0.075  0.048  0.094  0.074  0.047  0.010  0.067  0.005  0.005  0.073  0.042  0.072  0.005  0.060  0.008  0.079  0.005  0.078        1
 10:     0.059  0.043  0.044  0.008  0.025  0.050  0.023  0.096  0.024  0.010  0.012  0.049  0.253  0.052  0.129  0.036  0.007  0.039  0.006  0.036        6
 11:     0.044  0.042  0.044  0.107  0.028  0.046  0.036  0.048  0.030  0.033  0.039  0.045  0.103  0.046  0.075  0.043  0.092  0.042  0.013  0.043       16
 12:     0.053  0.051  0.046  0.006  0.264  0.049  0.028  0.007  0.169  0.017  0.020  0.051  0.017  0.052  0.003  0.041  0.012  0.056  0.013  0.043        1
 13:     0.032  0.036  0.038  0.013  0.023  0.032  0.036  0.013  0.023  0.368  0.013  0.038  0.022  0.032  0.012  0.040  0.134  0.036  0.022  0.038       33
 14:     0.019  0.018  0.018  0.337  0.016  0.018  0.046  0.124  0.016  0.009  0.069  0.018  0.108  0.019  0.083  0.019  0.016  0.019  0.009  0.018       21
 15:     0.019  0.019  0.019  0.012  0.013  0.019  0.025  0.034  0.013  0.012  0.009  0.019  0.011  0.018  0.023  0.020  0.018  0.019  0.661  0.018       14
 16:     0.024  0.026  0.026  0.018  0.317  0.026  0.026  0.011  0.290  0.015  0.011  0.028  0.014  0.024  0.008  0.026  0.015  0.056  0.012  0.028       35
 17:     0.087  0.079  0.081  0.010  0.050  0.084  0.058  0.011  0.059  0.009  0.011  0.072  0.030  0.082  0.006  0.072  0.016  0.083  0.009  0.090        7
--------------------------------------------

Allele-freq. divergence among pops (Net nucleotide distance),
computed using point estimates of P.

      1       2       3       4       5       6       7       8       9      10      11      12      13      14      15      16      17      18      19      20      
 1      -    0.0003  0.0003  0.0551  0.0105  0.0000  0.0036  0.0348  0.0087  0.0508  0.0823  0.0004  0.0197  0.0000  0.0564  0.0007  0.0364  0.0005  0.0451  0.0007  
 2   0.0003     -    0.0001  0.0569  0.0113  0.0003  0.0035  0.0373  0.0094  0.0486  0.0822  0.0001  0.0209  0.0003  0.0576  0.0001  0.0339  0.0005  0.0459  0.0004  
 3   0.0003  0.0001     -    0.0569  0.0110  0.0002  0.0034  0.0369  0.0090  0.0484  0.0824  0.0001  0.0209  0.0002  0.0575  0.0002  0.0340  0.0003  0.0459  0.0003  
 4   0.0551  0.0569  0.0569     -    0.0645  0.0556  0.0615  0.0846  0.0601  0.1152  0.0946  0.0586  0.0722  0.0559  0.1083  0.0588  0.1000  0.0567  0.0965  0.0600  
 5   0.0105  0.0113  0.0110  0.0645     -    0.0102  0.0145  0.0460  0.0008  0.0690  0.0991  0.0111  0.0308  0.0106  0.0683  0.0120  0.0559  0.0087  0.0603  0.0117  
 6   0.0000  0.0003  0.0002  0.0556  0.0102     -    0.0037  0.0354  0.0084  0.0512  0.0831  0.0004  0.0199  0.0000  0.0570  0.0006  0.0364  0.0004  0.0456  0.0006  
 7   0.0036  0.0035  0.0034  0.0615  0.0145  0.0037     -    0.0212  0.0128  0.0567  0.0879  0.0034  0.0232  0.0034  0.0570  0.0036  0.0400  0.0036  0.0527  0.0034  
 8   0.0348  0.0373  0.0369  0.0846  0.0460  0.0354  0.0212     -    0.0455  0.1106  0.1215  0.0375  0.0364  0.0349  0.0807  0.0389  0.0830  0.0377  0.0905  0.0386  
 9   0.0087  0.0094  0.0090  0.0601  0.0008  0.0084  0.0128  0.0455     -    0.0661  0.0964  0.0092  0.0305  0.0088  0.0658  0.0100  0.0505  0.0068  0.0572  0.0097  
10   0.0508  0.0486  0.0484  0.1152  0.0690  0.0512  0.0567  0.1106  0.0661     -    0.1381  0.0480  0.0823  0.0508  0.1098  0.0475  0.0658  0.0502  0.0982  0.0494  
11   0.0823  0.0822  0.0824  0.0946  0.0991  0.0831  0.0879  0.1215  0.0964  0.1381     -    0.0842  0.1067  0.0828  0.1479  0.0830  0.1082  0.0842  0.1167  0.0864  
12   0.0004  0.0001  0.0001  0.0586  0.0111  0.0004  0.0034  0.0375  0.0092  0.0480  0.0842     -    0.0208  0.0003  0.0577  0.0001  0.0346  0.0003  0.0473  0.0002  
13   0.0197  0.0209  0.0209  0.0722  0.0308  0.0199  0.0232  0.0364  0.0305  0.0823  0.1067  0.0208     -    0.0197  0.0645  0.0217  0.0586  0.0212  0.0761  0.0220  
14   0.0000  0.0003  0.0002  0.0559  0.0106  0.0000  0.0034  0.0349  0.0088  0.0508  0.0828  0.0003  0.0197     -    0.0568  0.0006  0.0364  0.0005  0.0455  0.0006  
15   0.0564  0.0576  0.0575  0.1083  0.0683  0.0570  0.0570  0.0807  0.0658  0.1098  0.1479  0.0577  0.0645  0.0568     -    0.0579  0.1070  0.0580  0.1106  0.0576  
16   0.0007  0.0001  0.0002  0.0588  0.0120  0.0006  0.0036  0.0389  0.0100  0.0475  0.0830  0.0001  0.0217  0.0006  0.0579     -    0.0329  0.0005  0.0467  0.0003  
17   0.0364  0.0339  0.0340  0.1000  0.0559  0.0364  0.0400  0.0830  0.0505  0.0658  0.1082  0.0346  0.0586  0.0364  0.1070  0.0329     -    0.0350  0.0888  0.0357  
18   0.0005  0.0005  0.0003  0.0567  0.0087  0.0004  0.0036  0.0377  0.0068  0.0502  0.0842  0.0003  0.0212  0.0005  0.0580  0.0005  0.0350     -    0.0469  0.0005  
19   0.0451  0.0459  0.0459  0.0965  0.0603  0.0456  0.0527  0.0905  0.0572  0.0982  0.1167  0.0473  0.0761  0.0455  0.1106  0.0467  0.0888  0.0469     -    0.0473  
20   0.0007  0.0004  0.0003  0.0600  0.0117  0.0006  0.0034  0.0386  0.0097  0.0494  0.0864  0.0002  0.0220  0.0006  0.0576  0.0003  0.0357  0.0005  0.0473     -    

Average distances (expected heterozygosity) between individuals in same cluster:
cluster  1  : 0.6415 
cluster  2  : 0.6317 
cluster  3  : 0.6314 
cluster  4  : 0.5044 
cluster  5  : 0.5893 
cluster  6  : 0.6388 
cluster  7  : 0.6291 
cluster  8  : 0.6269 
cluster  9  : 0.5903 
cluster 10  : 0.5046 
cluster 11  : 0.4249 
cluster 12  : 0.6279 
cluster 13  : 0.6134 
cluster 14  : 0.6407 
cluster 15  : 0.5158 
cluster 16  : 0.6240 
cluster 17  : 0.5102 
cluster 18  : 0.6238 
cluster 19  : 0.5275 
cluster 20  : 0.6266 

--------------------------------------------
Estimated Ln Prob of Data   = -8414.3
Mean value of ln likelihood = -6994.6
Variance of ln likelihood   = 2839.3
Mean value of alpha         = 0.0398

Mean value of Fst_1         = 0.0026
Mean value of Fst_2         = 0.0544
Mean value of Fst_3         = 0.0537
Mean value of Fst_4         = 0.2664
Mean value of Fst_5         = 0.1214
Mean value of Fst_6         = 0.0235
Mean value of Fst_7         = 0.1605
Mean value of Fst_8         = 0.2530
Mean value of Fst_9         = 0.1253
Mean value of Fst_10         = 0.2465
Mean value of Fst_11         = 0.4115
Mean value of Fst_12         = 0.0789
Mean value of Fst_13         = 0.1584
Mean value of Fst_14         = 0.0170
Mean value of Fst_15         = 0.2737
Mean value of Fst_16         = 0.0913
Mean value of Fst_17         = 0.2281
Mean value of Fst_18         = 0.0822
Mean value of Fst_19         = 0.2203
Mean value of Fst_20         = 0.0788


Inferred ancestry of individuals:
        Label (%Miss) Pop:  Inferred clusters
  1 QAc-G-0029    (0)    1 :  0.011 0.013 0.013 0.005 0.007 0.011 0.013 0.005 0.007 0.005 0.026 0.013 0.007 0.011 0.005 0.015 0.022 0.012 0.783 0.014 
  2 QAc-G-0030    (0)    1 :  0.005 0.005 0.005 0.008 0.006 0.006 0.004 0.003 0.006 0.003 0.004 0.005 0.004 0.005 0.005 0.005 0.004 0.006 0.908 0.005 
  3 QAc-G-0062    (0)    2 :  0.026 0.024 0.027 0.237 0.026 0.023 0.033 0.042 0.028 0.004 0.037 0.024 0.011 0.025 0.349 0.025 0.006 0.024 0.006 0.025 
  4 QAc-G-0063    (0)    2 :  0.027 0.024 0.029 0.049 0.018 0.023 0.024 0.014 0.020 0.015 0.576 0.027 0.013 0.025 0.010 0.028 0.022 0.023 0.006 0.027 
  5 QAc-G-0064    (0)    2 :  0.006 0.007 0.006 0.027 0.006 0.007 0.006 0.005 0.007 0.004 0.007 0.007 0.006 0.006 0.862 0.008 0.006 0.006 0.005 0.006 
  6 QAc-G-0065    (0)    2 :  0.005 0.005 0.005 0.003 0.004 0.005 0.005 0.005 0.004 0.005 0.003 0.005 0.009 0.005 0.908 0.005 0.004 0.004 0.007 0.004 
  7 QAc-G-0066    (0)    2 :  0.004 0.004 0.004 0.005 0.004 0.004 0.004 0.004 0.004 0.004 0.925 0.004 0.003 0.004 0.003 0.004 0.004 0.004 0.005 0.004 
  8 QAc-G-0067    (0)    2 :  0.015 0.014 0.014 0.005 0.009 0.015 0.013 0.007 0.010 0.007 0.005 0.015 0.013 0.015 0.773 0.014 0.012 0.016 0.016 0.014 
  9 QAc-G-0068    (0)    2 :  0.005 0.005 0.005 0.006 0.008 0.004 0.122 0.361 0.005 0.004 0.432 0.004 0.004 0.008 0.006 0.004 0.003 0.005 0.005 0.004 
 10 QAc-G-0070    (0)    2 :  0.024 0.025 0.027 0.113 0.052 0.025 0.023 0.014 0.060 0.006 0.458 0.024 0.009 0.022 0.018 0.023 0.008 0.036 0.011 0.022 
 11 QAc-G-0071   (13)    2 :  0.005 0.006 0.005 0.040 0.006 0.006 0.006 0.005 0.006 0.003 0.857 0.006 0.005 0.005 0.003 0.005 0.008 0.007 0.008 0.006 
 12 QAc-G-0072    (0)    2 :  0.005 0.005 0.005 0.004 0.006 0.005 0.005 0.005 0.006 0.005 0.905 0.005 0.004 0.005 0.004 0.005 0.005 0.005 0.005 0.006 
 13 QAc-G-0073    (0)    2 :  0.018 0.032 0.035 0.004 0.023 0.021 0.068 0.005 0.017 0.012 0.004 0.037 0.013 0.023 0.004 0.043 0.519 0.047 0.010 0.062 
 14 QAc-G-0074    (0)    2 :  0.034 0.036 0.034 0.039 0.021 0.037 0.038 0.006 0.024 0.017 0.150 0.037 0.013 0.029 0.005 0.036 0.369 0.036 0.005 0.034 
 15 QAc-G-0075    (0)    2 :  0.027 0.026 0.030 0.011 0.014 0.025 0.022 0.007 0.015 0.027 0.010 0.033 0.014 0.026 0.009 0.026 0.606 0.027 0.016 0.027 
 16 QAc-G-0076    (0)    2 :  0.035 0.062 0.085 0.005 0.021 0.038 0.135 0.005 0.025 0.085 0.009 0.095 0.025 0.041 0.031 0.093 0.034 0.084 0.008 0.083 
 17 QAc-G-0080    (0)    2 :  0.046 0.040 0.041 0.019 0.023 0.040 0.027 0.009 0.021 0.004 0.009 0.043 0.012 0.049 0.022 0.040 0.013 0.050 0.452 0.041 
 18 QAc-G-0081    (0)    2 :  0.065 0.084 0.069 0.012 0.052 0.065 0.086 0.007 0.072 0.010 0.005 0.088 0.031 0.064 0.006 0.092 0.004 0.070 0.008 0.110 
 19 QAc-G-0083    (0)    2 :  0.017 0.021 0.021 0.602 0.012 0.019 0.019 0.005 0.015 0.087 0.029 0.020 0.010 0.018 0.011 0.026 0.017 0.020 0.014 0.019 
 20 QAc-G-0285    (0)    3 :  0.007 0.007 0.007 0.805 0.007 0.007 0.007 0.008 0.006 0.005 0.072 0.007 0.009 0.007 0.004 0.007 0.004 0.007 0.010 0.006 
 21 QAc-G-0287    (0)    3 :  0.003 0.003 0.003 0.004 0.003 0.003 0.003 0.003 0.003 0.003 0.938 0.003 0.003 0.003 0.003 0.003 0.004 0.003 0.003 0.003 
 22 QAc-G-0288    (6)    3 :  0.007 0.007 0.007 0.005 0.009 0.007 0.007 0.008 0.008 0.008 0.858 0.007 0.006 0.007 0.005 0.007 0.006 0.007 0.017 0.007 
 23 QAc-G-0292    (0)    3 :  0.012 0.010 0.015 0.647 0.011 0.013 0.013 0.013 0.013 0.005 0.166 0.010 0.009 0.010 0.007 0.013 0.005 0.012 0.005 0.013 
 24 QAc-G-0294    (0)    3 :  0.042 0.073 0.079 0.004 0.026 0.031 0.142 0.016 0.031 0.038 0.005 0.084 0.032 0.052 0.017 0.072 0.031 0.075 0.017 0.133 
 25 QAc-G-0295    (0)    3 :  0.022 0.077 0.070 0.019 0.022 0.028 0.072 0.006 0.015 0.029 0.014 0.064 0.018 0.022 0.014 0.092 0.286 0.051 0.016 0.065 
 26 QAc-G-0296    (0)    3 :  0.027 0.036 0.043 0.013 0.014 0.026 0.067 0.006 0.017 0.058 0.008 0.046 0.012 0.027 0.051 0.054 0.392 0.042 0.005 0.057 
 27 QAc-G-0297    (0)    3 :  0.093 0.067 0.062 0.004 0.032 0.082 0.025 0.008 0.036 0.035 0.003 0.070 0.032 0.073 0.003 0.054 0.209 0.052 0.006 0.054 
 28 QAc-G-0298    (6)    3 :  0.015 0.021 0.018 0.016 0.010 0.018 0.020 0.005 0.010 0.010 0.004 0.022 0.009 0.016 0.008 0.023 0.721 0.017 0.017 0.019 
 29 QAc-G-0299    (0)    3 :  0.013 0.016 0.016 0.006 0.008 0.011 0.016 0.008 0.007 0.122 0.011 0.013 0.010 0.014 0.005 0.018 0.668 0.021 0.005 0.013 
 30 QAc-G-0300    (0)    3 :  0.034 0.044 0.050 0.004 0.026 0.031 0.074 0.009 0.023 0.093 0.005 0.051 0.021 0.029 0.039 0.054 0.284 0.050 0.005 0.074 
 31 QAc-G-0301    (0)    3 :  0.010 0.012 0.011 0.011 0.008 0.011 0.008 0.004 0.008 0.018 0.012 0.013 0.008 0.011 0.035 0.012 0.777 0.012 0.008 0.010 
 32 QAc-G-0302    (0)    3 :  0.019 0.016 0.017 0.006 0.011 0.021 0.018 0.199 0.010 0.025 0.005 0.022 0.530 0.020 0.004 0.019 0.010 0.018 0.005 0.025 
 33 QAc-G-0303    (0)    3 :  0.022 0.018 0.015 0.012 0.021 0.018 0.021 0.204 0.020 0.004 0.005 0.015 0.535 0.021 0.009 0.016 0.004 0.017 0.006 0.016 
 34 QAc-G-0305    (0)    3 :  0.019 0.018 0.019 0.074 0.016 0.021 0.022 0.030 0.016 0.004 0.617 0.019 0.021 0.018 0.005 0.017 0.006 0.020 0.020 0.018 
 35 QAc-G-0307    (0)    3 :  0.011 0.009 0.011 0.009 0.014 0.012 0.009 0.006 0.016 0.005 0.004 0.010 0.008 0.011 0.005 0.010 0.007 0.011 0.821 0.010 
 36 QAc-G-0313    (0)    3 :  0.101 0.084 0.079 0.055 0.042 0.092 0.050 0.009 0.043 0.007 0.009 0.061 0.022 0.092 0.015 0.062 0.007 0.071 0.010 0.091 
 37 QAc-G-0314    (0)    3 :  0.093 0.086 0.068 0.003 0.037 0.089 0.057 0.007 0.043 0.024 0.004 0.077 0.028 0.088 0.009 0.079 0.039 0.069 0.010 0.092 
 38 QAc-G-0316    (0)    3 :  0.078 0.073 0.099 0.006 0.036 0.087 0.069 0.006 0.056 0.012 0.008 0.069 0.027 0.073 0.013 0.081 0.007 0.076 0.022 0.100 
 39 QAc-G-0033    (0)    4 :  0.009 0.014 0.025 0.004 0.007 0.009 0.019 0.005 0.008 0.181 0.006 0.013 0.009 0.010 0.012 0.014 0.615 0.015 0.008 0.019 
 40 QAc-G-0034    (0)    4 :  0.011 0.010 0.012 0.004 0.011 0.012 0.009 0.006 0.013 0.010 0.005 0.011 0.009 0.010 0.008 0.012 0.797 0.013 0.025 0.010 
 41 QAc-G-0035    (0)    4 :  0.035 0.045 0.050 0.013 0.018 0.028 0.079 0.008 0.024 0.329 0.013 0.058 0.022 0.035 0.022 0.055 0.022 0.048 0.013 0.086 
 42 QAc-G-0036    (0)    4 :  0.011 0.009 0.012 0.007 0.009 0.012 0.010 0.005 0.009 0.008 0.012 0.010 0.006 0.012 0.014 0.011 0.814 0.011 0.006 0.012 
 43 QAc-G-0039    (0)    4 :  0.045 0.075 0.071 0.005 0.028 0.040 0.146 0.009 0.027 0.019 0.009 0.078 0.034 0.060 0.008 0.086 0.016 0.068 0.031 0.148 
 44 QAc-G-0040    (0)    4 :  0.054 0.071 0.072 0.045 0.057 0.051 0.086 0.008 0.046 0.034 0.016 0.073 0.024 0.052 0.008 0.081 0.042 0.075 0.010 0.095 
 45 QAc-G-0045    (0)    4 :  0.009 0.016 0.015 0.005 0.006 0.008 0.036 0.005 0.008 0.027 0.009 0.014 0.007 0.009 0.007 0.033 0.728 0.031 0.013 0.015 
 46 QAc-G-0050    (0)    4 :  0.100 0.065 0.069 0.014 0.038 0.078 0.043 0.077 0.041 0.004 0.010 0.050 0.049 0.097 0.006 0.059 0.004 0.060 0.088 0.049 
 47 QAc-G-0052    (0)    4 :  0.013 0.013 0.016 0.004 0.010 0.013 0.016 0.007 0.010 0.005 0.004 0.015 0.008 0.013 0.020 0.014 0.006 0.013 0.785 0.014 
 48 QAc-G-0056    (0)    4 :  0.143 0.097 0.094 0.006 0.046 0.105 0.034 0.014 0.047 0.006 0.007 0.053 0.022 0.094 0.008 0.060 0.008 0.057 0.038 0.061 
 49 QAc-G-0276    (0)    5 :  0.012 0.013 0.012 0.460 0.008 0.012 0.012 0.007 0.010 0.019 0.340 0.015 0.007 0.011 0.003 0.013 0.014 0.013 0.008 0.012 
 50 QAc-G-0280    (6)    5 :  0.014 0.014 0.014 0.015 0.010 0.016 0.013 0.010 0.010 0.032 0.749 0.014 0.009 0.014 0.006 0.015 0.011 0.012 0.008 0.014 
 51 QAc-G-0018    (0)    6 :  0.010 0.011 0.011 0.004 0.009 0.011 0.016 0.020 0.009 0.006 0.007 0.010 0.012 0.011 0.006 0.011 0.802 0.012 0.011 0.011 
 52 QAc-G-0017    (0)    6 :  0.047 0.043 0.036 0.024 0.029 0.048 0.030 0.057 0.023 0.004 0.009 0.047 0.163 0.050 0.227 0.058 0.013 0.043 0.004 0.047 
 53 QAc-G-0250    (0)    7 :  0.050 0.047 0.049 0.205 0.028 0.043 0.052 0.079 0.029 0.007 0.136 0.049 0.022 0.046 0.011 0.044 0.005 0.043 0.009 0.045 
 54 QAc-G-0003    (6)    8 :  0.007 0.008 0.008 0.035 0.009 0.008 0.009 0.010 0.008 0.007 0.829 0.008 0.006 0.007 0.005 0.007 0.008 0.008 0.007 0.007 
 55 QAc-G-0283    (0)    9 :  0.081 0.072 0.075 0.048 0.094 0.074 0.047 0.010 0.067 0.005 0.005 0.073 0.042 0.072 0.005 0.060 0.008 0.079 0.005 0.078 
 56 QAc-G-0255    (0)   10 :  0.034 0.039 0.039 0.006 0.028 0.050 0.026 0.143 0.017 0.026 0.005 0.082 0.320 0.043 0.010 0.037 0.008 0.048 0.004 0.036 
 57 QAc-G-0256    (0)   10 :  0.007 0.007 0.007 0.014 0.005 0.007 0.008 0.219 0.006 0.008 0.019 0.008 0.624 0.008 0.014 0.009 0.008 0.008 0.006 0.008 
 58 QAc-G-0257    (0)   10 :  0.024 0.020 0.020 0.006 0.019 0.020 0.015 0.180 0.018 0.003 0.003 0.025 0.488 0.022 0.069 0.017 0.005 0.018 0.009 0.018 
 59 QAc-G-0259    (0)   10 :  0.160 0.082 0.103 0.002 0.040 0.100 0.026 0.006 0.048 0.008 0.003 0.082 0.022 0.113 0.003 0.063 0.003 0.066 0.003 0.066 
 60 QAc-G-0260    (0)   10 :  0.086 0.072 0.057 0.013 0.038 0.076 0.034 0.017 0.034 0.010 0.040 0.064 0.046 0.082 0.155 0.055 0.007 0.062 0.008 0.045 
 61 QAc-G-0261    (0)   10 :  0.045 0.036 0.037 0.006 0.017 0.046 0.026 0.011 0.019 0.004 0.005 0.036 0.020 0.043 0.521 0.036 0.010 0.034 0.006 0.041 
 62 QAc-G-0109    (0)   11 :  0.061 0.051 0.045 0.009 0.032 0.057 0.025 0.095 0.037 0.004 0.005 0.040 0.278 0.064 0.040 0.044 0.018 0.046 0.012 0.037 
 63 QAc-G-0113    (0)   11 :  0.026 0.022 0.022 0.054 0.013 0.028 0.031 0.200 0.014 0.005 0.010 0.021 0.407 0.025 0.022 0.021 0.014 0.022 0.021 0.022 
 64 QAc-G-0114    (0)   11 :  0.035 0.030 0.035 0.007 0.021 0.034 0.016 0.151 0.015 0.089 0.010 0.037 0.379 0.037 0.004 0.025 0.020 0.024 0.006 0.026 
 65 QAc-G-0117    (0)   11 :  0.053 0.053 0.056 0.043 0.026 0.056 0.072 0.063 0.029 0.032 0.007 0.055 0.083 0.057 0.065 0.066 0.052 0.061 0.010 0.060 
 66 QAc-G-0120    (0)   11 :  0.095 0.075 0.072 0.009 0.039 0.076 0.027 0.061 0.033 0.011 0.004 0.062 0.141 0.096 0.008 0.060 0.012 0.065 0.008 0.048 
 67 QAc-G-0125    (0)   11 :  0.027 0.023 0.023 0.053 0.023 0.026 0.014 0.010 0.022 0.005 0.016 0.020 0.018 0.027 0.594 0.025 0.004 0.020 0.031 0.021 
 68 QAc-G-0141    (0)   11 :  0.067 0.069 0.060 0.016 0.041 0.062 0.079 0.049 0.045 0.013 0.017 0.076 0.061 0.065 0.020 0.069 0.033 0.075 0.023 0.063 
 69 QAc-G-0143    (0)   11 :  0.063 0.066 0.097 0.004 0.033 0.124 0.045 0.004 0.058 0.004 0.006 0.077 0.015 0.094 0.003 0.093 0.009 0.095 0.006 0.104 
 70 QAc-G-0147    (0)   11 :  0.046 0.048 0.045 0.035 0.048 0.047 0.029 0.036 0.049 0.008 0.005 0.039 0.054 0.040 0.325 0.039 0.025 0.043 0.008 0.029 
 71 QAc-G-0174    (0)   11 :  0.005 0.005 0.005 0.845 0.004 0.005 0.005 0.005 0.005 0.004 0.066 0.005 0.004 0.004 0.003 0.005 0.009 0.005 0.006 0.004 
 72 QAc-G-0182    (0)   11 :  0.008 0.007 0.007 0.595 0.005 0.008 0.005 0.005 0.006 0.004 0.292 0.007 0.007 0.008 0.010 0.007 0.005 0.006 0.003 0.006 
 73 QAc-G-0188    (0)   11 :  0.055 0.042 0.050 0.012 0.033 0.057 0.039 0.065 0.023 0.014 0.169 0.085 0.125 0.058 0.007 0.047 0.006 0.057 0.004 0.051 
 74 QAc-G-0229    (0)   11 :  0.011 0.011 0.011 0.008 0.012 0.013 0.009 0.007 0.011 0.006 0.005 0.013 0.009 0.012 0.004 0.013 0.812 0.013 0.007 0.012 
 75 QAc-G-0233    (0)   11 :  0.066 0.053 0.058 0.004 0.059 0.057 0.035 0.005 0.069 0.233 0.005 0.062 0.014 0.067 0.010 0.047 0.013 0.051 0.026 0.065 
 76 QAc-G-0237    (0)   11 :  0.025 0.049 0.058 0.007 0.018 0.024 0.045 0.010 0.017 0.026 0.009 0.048 0.024 0.023 0.047 0.058 0.433 0.027 0.019 0.034 
 77 QAc-G-0243    (0)   11 :  0.060 0.071 0.068 0.007 0.043 0.060 0.100 0.007 0.048 0.067 0.003 0.066 0.027 0.059 0.042 0.064 0.014 0.068 0.012 0.111 
 78 QAc-G-0249    (0)   12 :  0.053 0.051 0.046 0.006 0.264 0.049 0.028 0.007 0.169 0.017 0.020 0.051 0.017 0.052 0.003 0.041 0.012 0.056 0.013 0.043 
 79 QAc-W-0001    (0)   13 :  0.009 0.009 0.009 0.003 0.006 0.010 0.008 0.007 0.007 0.802 0.003 0.010 0.015 0.011 0.015 0.009 0.042 0.010 0.005 0.009 
 80 QAc-W-0002    (0)   13 :  0.027 0.033 0.036 0.007 0.018 0.026 0.038 0.013 0.017 0.019 0.033 0.036 0.026 0.024 0.004 0.039 0.526 0.040 0.006 0.032 
 81 QAc-W-0003    (0)   13 :  0.014 0.015 0.015 0.023 0.008 0.012 0.013 0.011 0.009 0.737 0.007 0.015 0.016 0.013 0.010 0.016 0.017 0.015 0.018 0.017 
 82 QAc-W-0004    (0)   13 :  0.006 0.006 0.007 0.004 0.005 0.006 0.006 0.004 0.005 0.881 0.008 0.006 0.006 0.005 0.004 0.006 0.017 0.006 0.007 0.006 
 83 QAc-W-0005    (0)   13 :  0.007 0.007 0.007 0.006 0.007 0.007 0.007 0.004 0.007 0.872 0.005 0.010 0.006 0.007 0.004 0.008 0.007 0.008 0.004 0.008 
 84 QAc-W-0007   (13)   13 :  0.007 0.007 0.008 0.005 0.007 0.007 0.008 0.005 0.008 0.860 0.005 0.008 0.006 0.007 0.006 0.009 0.015 0.010 0.005 0.008 
 85 QAc-W-0008    (6)   13 :  0.032 0.030 0.025 0.006 0.019 0.028 0.024 0.014 0.019 0.627 0.005 0.029 0.010 0.034 0.004 0.027 0.013 0.029 0.004 0.022 
 86 QAc-W-0009    (0)   13 :  0.053 0.090 0.074 0.006 0.035 0.057 0.060 0.046 0.028 0.017 0.015 0.076 0.111 0.049 0.010 0.085 0.066 0.052 0.009 0.062 
 87 QAc-W-0010    (0)   13 :  0.016 0.018 0.019 0.014 0.025 0.017 0.024 0.012 0.028 0.646 0.007 0.022 0.018 0.019 0.030 0.026 0.010 0.021 0.005 0.023 
 88 QAc-W-0011    (0)   13 :  0.037 0.048 0.051 0.013 0.018 0.037 0.049 0.009 0.022 0.374 0.034 0.050 0.019 0.039 0.010 0.048 0.048 0.035 0.015 0.045 
 89 QAc-W-0012    (0)   13 :  0.023 0.021 0.019 0.006 0.018 0.023 0.016 0.011 0.016 0.590 0.012 0.022 0.014 0.021 0.011 0.021 0.094 0.024 0.011 0.029 
 90 QAc-W-0013    (0)   13 :  0.036 0.052 0.060 0.007 0.022 0.036 0.093 0.022 0.016 0.014 0.017 0.059 0.050 0.033 0.009 0.080 0.132 0.062 0.139 0.060 
 91 QAc-W-0014    (0)   13 :  0.012 0.012 0.013 0.010 0.015 0.010 0.013 0.005 0.016 0.788 0.003 0.017 0.006 0.011 0.006 0.014 0.017 0.015 0.005 0.012 
 92 QAc-W-0015    (0)   13 :  0.022 0.034 0.039 0.130 0.026 0.025 0.053 0.006 0.024 0.013 0.016 0.036 0.018 0.022 0.004 0.057 0.363 0.055 0.015 0.042 
 93 QAc-W-0017    (0)   13 :  0.065 0.058 0.068 0.038 0.050 0.069 0.065 0.013 0.065 0.009 0.010 0.081 0.037 0.056 0.007 0.085 0.037 0.085 0.020 0.082 
 94 QAc-W-0018    (0)   13 :  0.050 0.045 0.045 0.004 0.023 0.045 0.050 0.023 0.030 0.330 0.004 0.051 0.026 0.060 0.014 0.051 0.018 0.039 0.033 0.059 
 95 QAc-W-0020    (0)   13 :  0.021 0.018 0.018 0.005 0.012 0.022 0.017 0.007 0.015 0.713 0.004 0.028 0.008 0.025 0.011 0.021 0.007 0.021 0.003 0.023 
 96 QAc-W-0021    (0)   13 :  0.052 0.046 0.057 0.004 0.024 0.054 0.037 0.011 0.028 0.282 0.011 0.050 0.024 0.051 0.008 0.058 0.013 0.046 0.093 0.051 
 97 QAc-W-0022    (0)   13 :  0.076 0.070 0.066 0.026 0.043 0.076 0.082 0.006 0.048 0.018 0.014 0.059 0.025 0.074 0.007 0.064 0.086 0.075 0.011 0.075 
 98 QAc-W-0023    (6)   13 :  0.050 0.068 0.069 0.005 0.042 0.050 0.080 0.008 0.033 0.085 0.004 0.076 0.043 0.053 0.028 0.072 0.086 0.067 0.021 0.061 
 99 QAc-W-0024    (0)   13 :  0.040 0.041 0.051 0.005 0.022 0.051 0.033 0.006 0.028 0.284 0.047 0.052 0.026 0.042 0.006 0.059 0.020 0.050 0.080 0.056 
100 QAc-W-0025    (0)   13 :  0.025 0.033 0.042 0.004 0.015 0.025 0.030 0.009 0.020 0.304 0.008 0.037 0.013 0.027 0.004 0.034 0.282 0.031 0.016 0.042 
101 QAc-W-0026    (0)   13 :  0.042 0.037 0.035 0.013 0.027 0.037 0.023 0.015 0.023 0.377 0.039 0.033 0.017 0.038 0.024 0.035 0.047 0.036 0.071 0.031 
102 QAc-W-0027    (0)   13 :  0.015 0.026 0.022 0.004 0.011 0.018 0.012 0.008 0.013 0.081 0.005 0.019 0.013 0.016 0.004 0.021 0.673 0.015 0.005 0.016 
103 QAc-W-0028    (0)   13 :  0.024 0.026 0.031 0.008 0.014 0.026 0.029 0.005 0.018 0.517 0.008 0.044 0.013 0.023 0.004 0.032 0.116 0.032 0.004 0.026 
104 QAc-W-0029    (0)   13 :  0.023 0.042 0.060 0.003 0.015 0.023 0.085 0.022 0.017 0.238 0.003 0.056 0.023 0.027 0.022 0.054 0.163 0.051 0.007 0.064 
105 QAc-W-0032    (0)   13 :  0.012 0.013 0.014 0.003 0.011 0.011 0.015 0.004 0.010 0.762 0.003 0.015 0.007 0.012 0.027 0.014 0.025 0.011 0.006 0.024 
106 QAc-W-0033    (0)   13 :  0.090 0.080 0.074 0.008 0.042 0.070 0.054 0.043 0.033 0.112 0.004 0.062 0.022 0.076 0.029 0.059 0.015 0.056 0.011 0.061 
107 QAc-W-0035    (0)   13 :  0.038 0.057 0.054 0.012 0.030 0.040 0.040 0.015 0.026 0.090 0.018 0.046 0.014 0.043 0.006 0.057 0.312 0.036 0.015 0.049 
108 QAc-W-0037    (0)   13 :  0.014 0.014 0.018 0.006 0.010 0.013 0.012 0.007 0.010 0.026 0.008 0.014 0.011 0.013 0.019 0.015 0.748 0.014 0.016 0.014 
109 QAc-W-0038    (0)   13 :  0.053 0.060 0.066 0.030 0.041 0.059 0.057 0.009 0.043 0.081 0.008 0.087 0.033 0.055 0.010 0.076 0.062 0.074 0.006 0.091 
110 QAc-W-0040    (0)   13 :  0.022 0.022 0.026 0.009 0.076 0.021 0.012 0.006 0.069 0.567 0.009 0.019 0.014 0.022 0.017 0.019 0.015 0.023 0.012 0.019 
111 QAc-W-0041    (0)   13 :  0.034 0.043 0.043 0.006 0.021 0.032 0.056 0.029 0.022 0.040 0.034 0.040 0.030 0.035 0.006 0.055 0.329 0.051 0.058 0.036 
112 QAc-W-0042    (0)   14 :  0.015 0.019 0.017 0.010 0.010 0.018 0.049 0.124 0.012 0.006 0.031 0.020 0.260 0.013 0.302 0.022 0.015 0.021 0.014 0.022 
113 QAc-W-0044    (0)   14 :  0.029 0.043 0.037 0.068 0.032 0.029 0.093 0.034 0.030 0.008 0.041 0.050 0.076 0.030 0.139 0.063 0.077 0.067 0.004 0.049 
114 QAc-W-0045    (0)   14 :  0.019 0.015 0.014 0.006 0.009 0.016 0.031 0.237 0.010 0.006 0.010 0.023 0.490 0.016 0.031 0.016 0.014 0.016 0.007 0.014 
115 QAc-W-0048    (0)   14 :  0.024 0.023 0.020 0.005 0.012 0.024 0.016 0.171 0.013 0.011 0.004 0.021 0.479 0.023 0.071 0.018 0.013 0.021 0.014 0.017 
116 QAc-W-0050    (0)   14 :  0.020 0.018 0.020 0.005 0.013 0.020 0.156 0.459 0.015 0.004 0.008 0.018 0.131 0.024 0.017 0.018 0.009 0.021 0.006 0.018 
117 QAc-W-0051    (0)   14 :  0.013 0.014 0.012 0.038 0.007 0.012 0.178 0.509 0.008 0.007 0.006 0.012 0.025 0.015 0.090 0.012 0.006 0.010 0.012 0.013 
118 QAc-W-0052    (0)   14 :  0.005 0.005 0.005 0.006 0.004 0.005 0.005 0.005 0.004 0.009 0.006 0.005 0.007 0.005 0.902 0.005 0.005 0.005 0.003 0.005 
119 QAc-W-0053    (0)   14 :  0.012 0.012 0.012 0.008 0.009 0.011 0.014 0.212 0.010 0.008 0.005 0.011 0.597 0.011 0.017 0.013 0.008 0.013 0.005 0.013 
120 QAc-W-0054    (0)   14 :  0.053 0.052 0.050 0.052 0.032 0.051 0.078 0.119 0.040 0.008 0.091 0.048 0.030 0.055 0.068 0.057 0.010 0.048 0.008 0.053 
121 QAc-W-0056    (0)   14 :  0.061 0.044 0.055 0.010 0.023 0.053 0.105 0.252 0.031 0.035 0.007 0.040 0.024 0.061 0.007 0.044 0.056 0.039 0.010 0.044 
122 QAc-W-0057    (0)   14 :  0.029 0.027 0.029 0.079 0.020 0.029 0.136 0.371 0.018 0.006 0.008 0.025 0.066 0.035 0.009 0.024 0.018 0.024 0.025 0.022 
123 QAc-W-0060    (0)   14 :  0.007 0.007 0.007 0.842 0.006 0.007 0.006 0.005 0.006 0.003 0.009 0.007 0.005 0.007 0.032 0.007 0.018 0.007 0.004 0.007 
124 QAc-W-0061    (0)   14 :  0.024 0.025 0.023 0.596 0.037 0.030 0.018 0.015 0.031 0.011 0.012 0.025 0.018 0.025 0.005 0.021 0.028 0.024 0.011 0.023 
125 QAc-W-0062    (0)   14 :  0.004 0.004 0.004 0.913 0.005 0.004 0.004 0.004 0.005 0.003 0.006 0.004 0.004 0.004 0.009 0.005 0.004 0.004 0.004 0.004 
126 QAc-W-0063    (0)   14 :  0.014 0.013 0.014 0.747 0.011 0.014 0.011 0.006 0.011 0.014 0.021 0.013 0.007 0.015 0.022 0.015 0.006 0.013 0.019 0.012 
127 QAc-W-0064    (0)   14 :  0.009 0.008 0.009 0.839 0.007 0.009 0.008 0.007 0.009 0.010 0.021 0.009 0.006 0.007 0.005 0.009 0.006 0.009 0.006 0.008 
128 QAc-W-0065    (0)   14 :  0.016 0.015 0.016 0.729 0.017 0.017 0.016 0.022 0.018 0.008 0.009 0.015 0.011 0.015 0.006 0.013 0.015 0.016 0.010 0.016 
129 QAc-W-0066    (0)   14 :  0.003 0.003 0.003 0.005 0.003 0.003 0.003 0.003 0.003 0.003 0.938 0.003 0.003 0.003 0.003 0.003 0.004 0.003 0.005 0.003 
130 QAc-W-0072    (0)   14 :  0.014 0.015 0.021 0.658 0.052 0.015 0.018 0.030 0.055 0.015 0.005 0.017 0.007 0.014 0.004 0.014 0.006 0.017 0.009 0.015 
131 QAc-W-0073    (0)   14 :  0.013 0.013 0.014 0.781 0.011 0.014 0.014 0.011 0.011 0.006 0.006 0.014 0.015 0.011 0.007 0.015 0.007 0.015 0.008 0.014 
132 QAc-W-0077    (0)   14 :  0.006 0.006 0.006 0.679 0.006 0.006 0.007 0.008 0.005 0.005 0.211 0.006 0.007 0.006 0.005 0.006 0.007 0.006 0.004 0.006 
133 QAc-W-0078    (0)   15 :  0.033 0.032 0.030 0.007 0.024 0.037 0.019 0.006 0.021 0.011 0.028 0.031 0.009 0.037 0.012 0.031 0.017 0.027 0.561 0.027 
134 QAc-W-0079    (6)   15 :  0.006 0.006 0.007 0.004 0.006 0.006 0.006 0.006 0.006 0.005 0.011 0.007 0.007 0.006 0.003 0.006 0.007 0.006 0.881 0.006 
135 QAc-W-0081    (0)   15 :  0.008 0.007 0.009 0.008 0.006 0.007 0.008 0.005 0.005 0.009 0.004 0.007 0.005 0.007 0.010 0.008 0.005 0.007 0.868 0.007 
136 QAc-W-0082    (0)   15 :  0.006 0.006 0.006 0.005 0.005 0.006 0.121 0.359 0.005 0.003 0.005 0.006 0.007 0.010 0.002 0.006 0.005 0.012 0.421 0.005 
137 QAc-W-0083    (0)   15 :  0.009 0.009 0.010 0.035 0.009 0.010 0.010 0.012 0.011 0.007 0.007 0.009 0.008 0.008 0.009 0.010 0.007 0.011 0.798 0.009 
138 QAc-W-0086    (0)   15 :  0.009 0.008 0.008 0.005 0.009 0.008 0.010 0.009 0.008 0.006 0.014 0.009 0.006 0.007 0.005 0.009 0.007 0.020 0.836 0.009 
139 QAc-W-0087    (0)   15 :  0.006 0.006 0.006 0.003 0.007 0.006 0.006 0.006 0.007 0.004 0.005 0.006 0.008 0.006 0.003 0.006 0.005 0.007 0.890 0.006 
140 QAc-W-0088    (0)   15 :  0.016 0.019 0.017 0.006 0.010 0.018 0.012 0.010 0.009 0.006 0.006 0.016 0.010 0.016 0.004 0.016 0.010 0.014 0.768 0.017 
141 QAc-W-0092    (0)   15 :  0.026 0.029 0.028 0.005 0.014 0.028 0.031 0.008 0.017 0.019 0.012 0.029 0.017 0.026 0.017 0.034 0.088 0.031 0.517 0.023 
142 QAc-W-0093    (0)   15 :  0.026 0.028 0.025 0.004 0.020 0.025 0.021 0.011 0.018 0.023 0.003 0.028 0.011 0.024 0.009 0.028 0.015 0.026 0.630 0.024 
143 QAc-W-0094    (0)   15 :  0.038 0.034 0.043 0.047 0.024 0.036 0.040 0.015 0.023 0.038 0.007 0.044 0.033 0.040 0.213 0.046 0.008 0.034 0.189 0.047 
144 QAc-W-0097    (0)   15 :  0.027 0.028 0.023 0.007 0.013 0.025 0.020 0.009 0.014 0.023 0.006 0.026 0.017 0.025 0.013 0.028 0.059 0.026 0.585 0.028 
145 QAc-W-0099    (0)   15 :  0.040 0.039 0.039 0.004 0.023 0.042 0.041 0.012 0.026 0.004 0.005 0.037 0.016 0.035 0.015 0.040 0.010 0.036 0.494 0.040 
146 QAc-W-0107    (0)   15 :  0.010 0.010 0.009 0.028 0.008 0.009 0.009 0.007 0.008 0.006 0.013 0.009 0.006 0.009 0.007 0.009 0.006 0.010 0.821 0.008 
147 QAc-W-0115    (0)   16 :  0.013 0.013 0.016 0.007 0.332 0.014 0.011 0.005 0.414 0.012 0.005 0.014 0.006 0.013 0.007 0.014 0.020 0.060 0.010 0.014 
148 QAc-W-0116    (0)   16 :  0.034 0.034 0.028 0.005 0.327 0.034 0.028 0.011 0.247 0.007 0.003 0.033 0.024 0.027 0.012 0.032 0.017 0.062 0.006 0.028 
149 QAc-W-0117    (0)   16 :  0.011 0.013 0.012 0.004 0.448 0.011 0.010 0.008 0.338 0.005 0.004 0.015 0.015 0.013 0.003 0.014 0.008 0.048 0.004 0.017 
150 QAc-W-0118    (0)   16 :  0.017 0.015 0.021 0.021 0.337 0.020 0.016 0.007 0.335 0.007 0.037 0.018 0.009 0.021 0.005 0.015 0.007 0.053 0.020 0.018 
151 QAc-W-0119    (0)   16 :  0.023 0.024 0.020 0.005 0.398 0.027 0.019 0.011 0.270 0.005 0.014 0.035 0.012 0.021 0.007 0.023 0.007 0.048 0.007 0.025 
152 QAc-W-0120    (0)   16 :  0.044 0.034 0.035 0.008 0.285 0.036 0.024 0.006 0.262 0.009 0.016 0.037 0.014 0.044 0.004 0.030 0.007 0.057 0.010 0.037 
153 QAc-W-0121    (0)   16 :  0.016 0.015 0.018 0.010 0.405 0.016 0.021 0.022 0.274 0.007 0.066 0.017 0.009 0.015 0.003 0.016 0.006 0.045 0.004 0.016 
154 QAc-W-0122    (0)   16 :  0.031 0.039 0.041 0.007 0.212 0.047 0.048 0.007 0.249 0.019 0.004 0.053 0.023 0.034 0.004 0.044 0.006 0.082 0.006 0.046 
155 QAc-W-0123    (6)   16 :  0.024 0.022 0.026 0.008 0.320 0.038 0.020 0.006 0.308 0.004 0.006 0.027 0.014 0.025 0.015 0.022 0.014 0.064 0.010 0.026 
156 QAc-W-0124    (0)   16 :  0.021 0.022 0.037 0.120 0.195 0.022 0.028 0.005 0.247 0.014 0.010 0.024 0.008 0.022 0.006 0.029 0.038 0.056 0.071 0.024 
157 QAc-W-0125    (0)   16 :  0.014 0.012 0.015 0.004 0.433 0.021 0.012 0.007 0.322 0.008 0.008 0.017 0.010 0.013 0.008 0.013 0.011 0.040 0.019 0.014 
158 QAc-W-0132    (6)   16 :  0.030 0.033 0.046 0.021 0.210 0.031 0.026 0.007 0.267 0.016 0.041 0.032 0.011 0.030 0.017 0.030 0.033 0.060 0.032 0.028 
159 QAc-W-0134    (0)   16 :  0.007 0.008 0.007 0.007 0.492 0.007 0.006 0.004 0.356 0.005 0.005 0.008 0.006 0.007 0.006 0.007 0.007 0.040 0.006 0.008 
160 QAc-W-0135    (0)   16 :  0.021 0.022 0.022 0.033 0.240 0.027 0.017 0.005 0.302 0.106 0.014 0.024 0.011 0.024 0.004 0.022 0.023 0.052 0.009 0.023 
161 QAc-W-0136    (0)   16 :  0.008 0.008 0.008 0.005 0.436 0.011 0.008 0.005 0.392 0.005 0.003 0.008 0.005 0.008 0.006 0.009 0.005 0.056 0.005 0.009 
162 QAc-W-0138    (0)   16 :  0.009 0.009 0.009 0.004 0.447 0.010 0.010 0.005 0.372 0.008 0.004 0.010 0.006 0.009 0.006 0.009 0.005 0.054 0.003 0.012 
163 QAc-W-0140    (0)   16 :  0.018 0.026 0.022 0.005 0.396 0.019 0.026 0.011 0.277 0.007 0.005 0.023 0.024 0.017 0.004 0.026 0.014 0.051 0.005 0.024 
164 QAc-W-0141    (6)   16 :  0.055 0.068 0.071 0.007 0.075 0.057 0.083 0.012 0.067 0.015 0.024 0.067 0.034 0.069 0.007 0.078 0.039 0.068 0.007 0.098 
165 QAc-W-0142    (0)   16 :  0.008 0.008 0.008 0.013 0.485 0.008 0.009 0.011 0.349 0.004 0.011 0.009 0.006 0.007 0.004 0.007 0.004 0.038 0.005 0.007 
166 QAc-W-0143    (0)   16 :  0.017 0.022 0.021 0.006 0.371 0.018 0.023 0.012 0.330 0.008 0.003 0.025 0.013 0.015 0.006 0.018 0.005 0.046 0.028 0.013 
167 QAc-W-0145    (0)   16 :  0.013 0.012 0.012 0.007 0.352 0.019 0.010 0.004 0.431 0.004 0.003 0.013 0.009 0.013 0.004 0.012 0.005 0.060 0.004 0.013 
168 QAc-W-0148    (0)   16 :  0.007 0.008 0.008 0.007 0.385 0.007 0.009 0.005 0.442 0.007 0.004 0.008 0.005 0.007 0.007 0.008 0.014 0.049 0.004 0.007 
169 QAc-W-0149    (0)   16 :  0.050 0.057 0.048 0.013 0.124 0.054 0.075 0.011 0.140 0.011 0.004 0.073 0.029 0.048 0.030 0.068 0.007 0.082 0.010 0.067 
170 QAc-W-0150    (0)   16 :  0.036 0.050 0.044 0.008 0.143 0.047 0.060 0.006 0.141 0.067 0.005 0.066 0.024 0.041 0.018 0.058 0.027 0.069 0.025 0.065 
171 QAc-W-0151    (0)   16 :  0.018 0.017 0.019 0.006 0.302 0.016 0.015 0.007 0.369 0.010 0.004 0.019 0.009 0.018 0.006 0.018 0.056 0.064 0.011 0.017 
172 QAc-W-0152    (0)   16 :  0.012 0.011 0.014 0.032 0.325 0.015 0.011 0.011 0.420 0.005 0.006 0.012 0.010 0.011 0.005 0.010 0.010 0.066 0.005 0.010 
173 QAc-W-0153    (0)   16 :  0.049 0.090 0.080 0.022 0.057 0.074 0.061 0.004 0.060 0.005 0.005 0.078 0.032 0.059 0.004 0.076 0.022 0.078 0.024 0.120 
174 QAc-W-0154    (0)   16 :  0.029 0.030 0.026 0.005 0.330 0.030 0.022 0.005 0.290 0.043 0.004 0.026 0.010 0.031 0.004 0.026 0.007 0.051 0.005 0.027 
175 QAc-W-0157    (0)   16 :  0.044 0.037 0.029 0.018 0.320 0.042 0.022 0.009 0.221 0.005 0.011 0.029 0.019 0.038 0.025 0.030 0.017 0.053 0.005 0.027 
176 QAc-W-0158    (0)   16 :  0.021 0.024 0.030 0.007 0.241 0.023 0.033 0.005 0.274 0.040 0.022 0.028 0.011 0.022 0.008 0.035 0.053 0.065 0.028 0.027 
177 QAc-W-0159    (0)   16 :  0.011 0.010 0.010 0.003 0.484 0.010 0.009 0.009 0.336 0.008 0.004 0.009 0.008 0.010 0.008 0.009 0.007 0.040 0.007 0.009 
178 QAc-W-0160    (0)   16 :  0.039 0.039 0.023 0.006 0.317 0.028 0.024 0.005 0.282 0.025 0.004 0.035 0.009 0.032 0.004 0.027 0.018 0.045 0.008 0.032 
179 QAc-W-0162    (0)   16 :  0.017 0.018 0.018 0.087 0.324 0.016 0.020 0.029 0.305 0.004 0.006 0.015 0.023 0.016 0.015 0.014 0.004 0.044 0.007 0.017 
180 QAc-W-0163    (0)   16 :  0.037 0.034 0.025 0.010 0.310 0.034 0.050 0.083 0.199 0.006 0.007 0.027 0.029 0.032 0.009 0.021 0.007 0.049 0.005 0.025 
181 QAc-W-0164    (0)   16 :  0.033 0.029 0.038 0.080 0.235 0.037 0.029 0.015 0.274 0.007 0.007 0.032 0.013 0.033 0.008 0.025 0.008 0.060 0.011 0.029 
182 QAc-W-0167    (0)   17 :  0.070 0.071 0.094 0.008 0.052 0.073 0.080 0.009 0.064 0.006 0.006 0.071 0.029 0.068 0.006 0.070 0.006 0.099 0.018 0.102 
183 QAc-W-0168    (0)   17 :  0.075 0.069 0.064 0.018 0.087 0.081 0.040 0.011 0.083 0.008 0.045 0.069 0.027 0.082 0.007 0.066 0.016 0.074 0.012 0.065 
184 QAc-W-0169    (0)   17 :  0.131 0.086 0.088 0.010 0.037 0.098 0.036 0.033 0.044 0.018 0.009 0.071 0.026 0.095 0.004 0.066 0.012 0.069 0.004 0.060 
185 QAc-W-0170    (0)   17 :  0.104 0.083 0.080 0.005 0.041 0.090 0.047 0.006 0.049 0.010 0.003 0.066 0.034 0.102 0.004 0.064 0.049 0.080 0.006 0.077 
186 QAc-W-0172    (0)   17 :  0.122 0.112 0.084 0.002 0.042 0.106 0.030 0.005 0.037 0.008 0.002 0.067 0.021 0.104 0.014 0.089 0.010 0.064 0.010 0.070 
187 QAc-W-0173    (0)   17 :  0.046 0.060 0.077 0.012 0.049 0.065 0.092 0.005 0.065 0.011 0.004 0.088 0.029 0.062 0.005 0.077 0.014 0.102 0.007 0.131 
188 QAc-W-0174    (0)   17 :  0.061 0.072 0.079 0.011 0.046 0.076 0.083 0.009 0.067 0.004 0.011 0.075 0.042 0.059 0.004 0.072 0.009 0.093 0.006 0.122 


Estimated Allele Frequencies in each cluster
First column gives estimated ancestral frequencies


Locus 1 : 
18 alleles
0.0% missing data
 210   (0.112) 0.113 0.115 0.106 0.021 0.162 0.116 0.098 0.124 0.145 0.016 0.007 0.114 0.237 0.114 0.028 0.112 0.066 0.113 0.152 0.113 
 212   (0.118) 0.119 0.126 0.130 0.016 0.081 0.120 0.116 0.070 0.112 0.046 0.194 0.120 0.055 0.122 0.024 0.128 0.422 0.117 0.278 0.132 
 202   (0.057) 0.057 0.051 0.048 0.007 0.025 0.056 0.035 0.018 0.027 0.058 0.003 0.048 0.024 0.056 0.324 0.049 0.035 0.044 0.145 0.050 
 226   (0.040) 0.040 0.035 0.034 0.131 0.017 0.037 0.026 0.028 0.017 0.004 0.252 0.031 0.024 0.038 0.224 0.029 0.004 0.030 0.011 0.031 
 216   (0.074) 0.074 0.069 0.067 0.052 0.114 0.076 0.052 0.037 0.099 0.016 0.005 0.064 0.053 0.072 0.162 0.065 0.010 0.069 0.169 0.063 
 200   (0.249) 0.250 0.277 0.284 0.122 0.198 0.252 0.307 0.149 0.205 0.537 0.507 0.293 0.219 0.255 0.126 0.304 0.379 0.298 0.085 0.297 
 224   (0.039) 0.040 0.039 0.041 0.268 0.020 0.039 0.036 0.015 0.022 0.007 0.004 0.042 0.018 0.039 0.009 0.042 0.019 0.039 0.009 0.043 
 218   (0.058) 0.057 0.055 0.057 0.017 0.110 0.056 0.046 0.036 0.105 0.077 0.004 0.054 0.022 0.056 0.011 0.048 0.010 0.057 0.106 0.050 
 228   (0.011) 0.011 0.009 0.009 0.133 0.004 0.010 0.004 0.003 0.004 0.001 0.001 0.007 0.003 0.010 0.002 0.007 0.001 0.007 0.001 0.007 
 214   (0.061) 0.061 0.055 0.055 0.212 0.033 0.059 0.160 0.422 0.040 0.007 0.012 0.051 0.143 0.059 0.035 0.051 0.007 0.053 0.008 0.051 
 208   (0.060) 0.060 0.068 0.066 0.007 0.032 0.065 0.056 0.033 0.036 0.213 0.004 0.080 0.067 0.064 0.016 0.076 0.032 0.066 0.020 0.071 
 220   (0.029) 0.030 0.027 0.026 0.003 0.019 0.031 0.018 0.009 0.018 0.003 0.002 0.027 0.015 0.030 0.006 0.024 0.005 0.026 0.003 0.027 
 196   (0.010) 0.011 0.009 0.009 0.001 0.004 0.010 0.005 0.003 0.005 0.001 0.001 0.007 0.004 0.010 0.002 0.007 0.001 0.007 0.001 0.008 
 238   (0.010) 0.010 0.009 0.009 0.001 0.006 0.010 0.006 0.003 0.005 0.001 0.001 0.008 0.005 0.010 0.002 0.008 0.001 0.008 0.001 0.009 
 206   (0.021) 0.021 0.018 0.018 0.002 0.022 0.020 0.011 0.021 0.019 0.003 0.001 0.017 0.048 0.020 0.005 0.016 0.002 0.016 0.003 0.015 
 190   (0.010) 0.010 0.008 0.009 0.001 0.004 0.009 0.005 0.002 0.005 0.001 0.001 0.008 0.003 0.010 0.002 0.007 0.001 0.007 0.001 0.008 
 222   (0.024) 0.024 0.021 0.021 0.003 0.142 0.023 0.012 0.007 0.131 0.006 0.001 0.019 0.009 0.023 0.021 0.017 0.003 0.032 0.003 0.019 
 232   (0.013) 0.013 0.010 0.010 0.001 0.005 0.012 0.006 0.021 0.005 0.001 0.001 0.009 0.052 0.012 0.004 0.009 0.001 0.009 0.002 0.008 

Locus 2 : 
15 alleles
2.1% missing data
 171   (0.212) 0.212 0.215 0.219 0.041 0.124 0.211 0.233 0.284 0.130 0.313 0.017 0.224 0.431 0.214 0.233 0.222 0.449 0.218 0.178 0.224 
 175   (0.095) 0.095 0.088 0.090 0.025 0.051 0.093 0.130 0.233 0.052 0.040 0.023 0.084 0.040 0.093 0.208 0.084 0.051 0.079 0.265 0.082 
 185   (0.051) 0.051 0.048 0.048 0.014 0.157 0.055 0.037 0.016 0.138 0.007 0.004 0.053 0.020 0.050 0.012 0.045 0.006 0.058 0.083 0.048 
 179   (0.077) 0.076 0.073 0.078 0.508 0.172 0.079 0.066 0.026 0.216 0.009 0.038 0.071 0.032 0.075 0.255 0.070 0.010 0.103 0.009 0.074 
 181   (0.095) 0.095 0.093 0.094 0.044 0.044 0.092 0.103 0.090 0.049 0.028 0.564 0.093 0.111 0.094 0.036 0.102 0.136 0.097 0.352 0.096 
 173   (0.190) 0.190 0.220 0.206 0.135 0.206 0.188 0.222 0.198 0.177 0.180 0.330 0.203 0.170 0.189 0.171 0.223 0.195 0.193 0.039 0.208 
 177   (0.032) 0.032 0.029 0.028 0.191 0.056 0.031 0.026 0.026 0.059 0.003 0.003 0.027 0.013 0.031 0.006 0.025 0.004 0.028 0.004 0.026 
 187   (0.095) 0.096 0.094 0.096 0.024 0.056 0.100 0.083 0.059 0.062 0.101 0.008 0.097 0.058 0.098 0.019 0.094 0.118 0.091 0.011 0.102 
 183   (0.062) 0.062 0.062 0.059 0.007 0.090 0.063 0.048 0.038 0.065 0.007 0.006 0.069 0.076 0.065 0.015 0.061 0.008 0.063 0.019 0.064 
 189   (0.030) 0.030 0.027 0.027 0.003 0.018 0.029 0.018 0.008 0.021 0.305 0.002 0.027 0.012 0.028 0.005 0.025 0.015 0.025 0.003 0.025 
 191   (0.019) 0.019 0.017 0.018 0.003 0.008 0.018 0.014 0.011 0.009 0.003 0.001 0.019 0.023 0.019 0.034 0.017 0.002 0.015 0.032 0.018 
 163   (0.011) 0.011 0.008 0.009 0.001 0.004 0.010 0.005 0.003 0.005 0.001 0.001 0.008 0.003 0.010 0.002 0.007 0.001 0.007 0.001 0.008 
 165   (0.011) 0.011 0.009 0.009 0.001 0.004 0.010 0.005 0.003 0.005 0.001 0.001 0.008 0.003 0.010 0.002 0.008 0.001 0.007 0.001 0.008 
 193   (0.011) 0.010 0.009 0.011 0.001 0.004 0.011 0.006 0.002 0.005 0.001 0.001 0.009 0.003 0.012 0.002 0.010 0.001 0.009 0.001 0.009 
 167   (0.011) 0.011 0.009 0.009 0.001 0.005 0.010 0.005 0.003 0.005 0.001 0.001 0.008 0.004 0.010 0.002 0.008 0.001 0.008 0.001 0.008 

Locus 3 : 
4 alleles
1.1% missing data
 206   (0.893) 0.893 0.901 0.903 0.887 0.950 0.896 0.931 0.938 0.945 0.679 0.989 0.908 0.904 0.896 0.909 0.907 0.985 0.915 0.978 0.905 
 208   (0.056) 0.056 0.049 0.051 0.050 0.025 0.054 0.038 0.044 0.029 0.316 0.004 0.048 0.061 0.054 0.011 0.048 0.009 0.043 0.007 0.048 
 204   (0.038) 0.038 0.034 0.032 0.061 0.017 0.037 0.021 0.015 0.018 0.004 0.006 0.031 0.029 0.037 0.078 0.032 0.004 0.029 0.013 0.031 
 212   (0.013) 0.013 0.016 0.014 0.002 0.008 0.014 0.010 0.003 0.008 0.001 0.001 0.013 0.006 0.013 0.002 0.014 0.002 0.014 0.002 0.016 

Locus 4 : 
15 alleles
1.1% missing data
 165   (0.074) 0.073 0.084 0.080 0.323 0.036 0.072 0.089 0.054 0.040 0.012 0.005 0.076 0.036 0.075 0.043 0.085 0.025 0.075 0.484 0.097 
 163   (0.200) 0.201 0.204 0.208 0.072 0.262 0.209 0.218 0.192 0.251 0.078 0.015 0.216 0.288 0.204 0.070 0.215 0.055 0.226 0.027 0.237 
 167   (0.151) 0.151 0.146 0.142 0.019 0.160 0.150 0.145 0.132 0.138 0.234 0.010 0.151 0.111 0.150 0.498 0.145 0.195 0.143 0.059 0.149 
 161   (0.369) 0.369 0.381 0.383 0.565 0.428 0.367 0.406 0.487 0.448 0.488 0.957 0.376 0.406 0.366 0.332 0.382 0.690 0.383 0.118 0.342 
 153   (0.015) 0.015 0.015 0.017 0.002 0.006 0.014 0.015 0.004 0.008 0.010 0.001 0.016 0.007 0.014 0.003 0.015 0.003 0.013 0.002 0.014 
 173   (0.030) 0.030 0.025 0.027 0.003 0.012 0.030 0.028 0.050 0.014 0.003 0.002 0.024 0.022 0.030 0.005 0.025 0.003 0.028 0.270 0.023 
 171   (0.035) 0.035 0.034 0.034 0.004 0.018 0.037 0.028 0.024 0.019 0.004 0.003 0.041 0.036 0.036 0.028 0.034 0.004 0.032 0.005 0.036 
 179   (0.010) 0.010 0.008 0.008 0.001 0.004 0.010 0.005 0.003 0.005 0.001 0.001 0.008 0.004 0.009 0.002 0.007 0.003 0.007 0.001 0.007 
 157   (0.021) 0.021 0.018 0.019 0.002 0.009 0.020 0.011 0.009 0.010 0.156 0.001 0.016 0.015 0.020 0.004 0.017 0.011 0.016 0.003 0.015 
 149   (0.010) 0.010 0.008 0.008 0.001 0.004 0.009 0.005 0.011 0.004 0.001 0.001 0.007 0.021 0.010 0.002 0.007 0.001 0.007 0.001 0.007 
 177   (0.020) 0.020 0.020 0.018 0.002 0.009 0.020 0.016 0.006 0.010 0.002 0.001 0.018 0.008 0.020 0.004 0.018 0.003 0.017 0.009 0.019 
 155   (0.015) 0.015 0.013 0.013 0.001 0.007 0.014 0.008 0.004 0.008 0.004 0.001 0.013 0.005 0.015 0.003 0.011 0.002 0.011 0.002 0.013 
 175   (0.012) 0.011 0.010 0.009 0.001 0.005 0.010 0.005 0.004 0.005 0.001 0.001 0.009 0.006 0.011 0.002 0.008 0.001 0.008 0.001 0.008 
 169   (0.019) 0.019 0.017 0.018 0.002 0.008 0.020 0.011 0.014 0.010 0.002 0.001 0.016 0.029 0.020 0.004 0.016 0.002 0.016 0.016 0.017 
 159   (0.019) 0.019 0.017 0.016 0.002 0.031 0.018 0.009 0.005 0.033 0.002 0.001 0.014 0.006 0.018 0.003 0.014 0.002 0.017 0.002 0.014 

Locus 5 : 
16 alleles
0.0% missing data
 148   (0.118) 0.118 0.114 0.123 0.046 0.074 0.119 0.093 0.046 0.077 0.100 0.362 0.114 0.096 0.121 0.029 0.116 0.197 0.102 0.290 0.120 
 160   (0.024) 0.024 0.021 0.020 0.003 0.010 0.022 0.013 0.010 0.010 0.003 0.002 0.019 0.023 0.023 0.063 0.018 0.003 0.018 0.061 0.017 
 154   (0.072) 0.073 0.069 0.073 0.165 0.166 0.075 0.064 0.037 0.160 0.017 0.009 0.073 0.032 0.071 0.047 0.069 0.009 0.081 0.025 0.074 
 150   (0.061) 0.061 0.058 0.058 0.010 0.029 0.059 0.150 0.347 0.030 0.059 0.012 0.056 0.070 0.062 0.014 0.056 0.027 0.053 0.010 0.056 
 138   (0.120) 0.120 0.133 0.124 0.190 0.189 0.119 0.102 0.056 0.187 0.022 0.008 0.124 0.092 0.116 0.298 0.131 0.042 0.125 0.148 0.117 
 166   (0.030) 0.030 0.025 0.025 0.003 0.012 0.027 0.015 0.063 0.012 0.030 0.002 0.022 0.175 0.028 0.287 0.021 0.005 0.021 0.012 0.021 
 146   (0.095) 0.095 0.092 0.090 0.229 0.048 0.094 0.067 0.047 0.054 0.029 0.344 0.087 0.091 0.093 0.071 0.088 0.022 0.084 0.165 0.090 
 164   (0.015) 0.015 0.014 0.013 0.001 0.006 0.014 0.007 0.003 0.006 0.002 0.001 0.012 0.006 0.014 0.037 0.012 0.002 0.011 0.002 0.011 
 142   (0.018) 0.017 0.014 0.014 0.002 0.019 0.016 0.064 0.172 0.012 0.002 0.006 0.012 0.007 0.017 0.003 0.012 0.002 0.013 0.002 0.012 
 144   (0.158) 0.158 0.168 0.161 0.306 0.161 0.160 0.150 0.114 0.155 0.070 0.224 0.164 0.233 0.159 0.053 0.173 0.408 0.175 0.028 0.165 
 140   (0.086) 0.086 0.085 0.091 0.010 0.164 0.090 0.069 0.020 0.163 0.191 0.007 0.091 0.040 0.088 0.018 0.090 0.250 0.102 0.018 0.092 
 158   (0.046) 0.046 0.050 0.052 0.005 0.030 0.046 0.061 0.019 0.029 0.009 0.003 0.053 0.033 0.046 0.035 0.055 0.009 0.053 0.084 0.051 
 162   (0.028) 0.028 0.024 0.025 0.003 0.013 0.027 0.021 0.015 0.015 0.003 0.002 0.026 0.012 0.027 0.005 0.024 0.005 0.031 0.132 0.024 
 152   (0.092) 0.092 0.100 0.098 0.023 0.061 0.096 0.105 0.029 0.071 0.458 0.015 0.112 0.051 0.097 0.019 0.105 0.015 0.100 0.012 0.121 
 134   (0.016) 0.016 0.015 0.016 0.002 0.009 0.017 0.009 0.016 0.008 0.002 0.001 0.020 0.031 0.017 0.003 0.014 0.002 0.014 0.002 0.013 
 156   (0.020) 0.020 0.018 0.017 0.002 0.009 0.019 0.012 0.005 0.010 0.002 0.001 0.016 0.009 0.019 0.019 0.017 0.003 0.017 0.012 0.017 

Locus 6 : 
12 alleles
0.0% missing data
 225   (0.042) 0.042 0.038 0.038 0.006 0.029 0.041 0.029 0.023 0.025 0.009 0.295 0.037 0.016 0.041 0.007 0.037 0.005 0.033 0.123 0.036 
 239   (0.102) 0.102 0.124 0.111 0.228 0.053 0.103 0.084 0.046 0.055 0.014 0.431 0.107 0.057 0.103 0.219 0.121 0.086 0.094 0.027 0.101 
 229   (0.016) 0.016 0.013 0.013 0.002 0.006 0.014 0.008 0.004 0.006 0.002 0.001 0.011 0.005 0.015 0.003 0.012 0.002 0.014 0.307 0.011 
 235   (0.304) 0.304 0.303 0.308 0.312 0.405 0.308 0.378 0.450 0.434 0.263 0.222 0.308 0.174 0.305 0.083 0.301 0.436 0.338 0.375 0.311 
 237   (0.213) 0.214 0.211 0.212 0.269 0.180 0.219 0.201 0.144 0.193 0.191 0.024 0.225 0.180 0.219 0.067 0.218 0.282 0.215 0.036 0.228 
 233   (0.101) 0.100 0.101 0.108 0.158 0.046 0.096 0.101 0.080 0.053 0.484 0.011 0.100 0.095 0.099 0.264 0.104 0.158 0.095 0.056 0.103 
 227   (0.031) 0.030 0.025 0.025 0.003 0.012 0.028 0.021 0.135 0.013 0.003 0.002 0.025 0.343 0.030 0.304 0.022 0.003 0.022 0.003 0.021 
 245   (0.067) 0.068 0.070 0.072 0.008 0.127 0.068 0.074 0.024 0.097 0.019 0.005 0.077 0.033 0.067 0.021 0.073 0.012 0.077 0.008 0.073 
 241   (0.037) 0.037 0.033 0.034 0.007 0.025 0.036 0.031 0.028 0.029 0.006 0.003 0.032 0.031 0.036 0.013 0.033 0.005 0.033 0.054 0.031 
 231   (0.049) 0.050 0.048 0.046 0.005 0.053 0.051 0.048 0.043 0.049 0.005 0.003 0.046 0.031 0.049 0.014 0.048 0.005 0.047 0.006 0.054 
 243   (0.027) 0.027 0.026 0.026 0.003 0.057 0.026 0.020 0.019 0.040 0.003 0.002 0.024 0.031 0.026 0.005 0.024 0.004 0.025 0.003 0.022 
 251   (0.010) 0.011 0.008 0.008 0.001 0.004 0.010 0.005 0.003 0.005 0.001 0.001 0.008 0.003 0.010 0.002 0.007 0.001 0.007 0.001 0.008 

Locus 7 : 
5 alleles
0.0% missing data
 118   (0.924) 0.924 0.932 0.931 0.992 0.967 0.930 0.843 0.655 0.965 0.925 0.994 0.937 0.973 0.925 0.652 0.940 0.941 0.939 0.990 0.931 
 124   (0.037) 0.037 0.034 0.036 0.004 0.016 0.034 0.029 0.009 0.017 0.071 0.002 0.033 0.013 0.036 0.341 0.031 0.055 0.030 0.005 0.038 
 116   (0.012) 0.012 0.010 0.009 0.001 0.005 0.010 0.111 0.329 0.004 0.001 0.002 0.008 0.004 0.013 0.002 0.008 0.001 0.008 0.002 0.007 
 114   (0.016) 0.016 0.015 0.015 0.002 0.008 0.015 0.013 0.004 0.009 0.002 0.001 0.014 0.006 0.015 0.003 0.013 0.002 0.014 0.002 0.016 
 122   (0.011) 0.011 0.010 0.009 0.001 0.005 0.010 0.005 0.003 0.005 0.001 0.001 0.008 0.004 0.010 0.002 0.008 0.001 0.008 0.001 0.008 

Locus 8 : 
5 alleles
0.0% missing data
 135   (0.053) 0.053 0.060 0.066 0.006 0.039 0.052 0.074 0.014 0.038 0.012 0.010 0.066 0.027 0.056 0.010 0.069 0.026 0.060 0.022 0.080 
 139   (0.759) 0.759 0.770 0.767 0.957 0.690 0.765 0.712 0.548 0.746 0.938 0.928 0.762 0.692 0.757 0.949 0.775 0.923 0.771 0.818 0.766 
 137   (0.141) 0.141 0.130 0.128 0.031 0.217 0.138 0.188 0.424 0.167 0.044 0.059 0.135 0.265 0.141 0.033 0.122 0.045 0.131 0.155 0.117 
 143   (0.032) 0.033 0.028 0.027 0.004 0.036 0.031 0.019 0.011 0.028 0.003 0.002 0.026 0.012 0.032 0.006 0.025 0.004 0.027 0.004 0.028 
 141   (0.014) 0.014 0.012 0.011 0.001 0.018 0.013 0.006 0.003 0.021 0.002 0.001 0.010 0.004 0.013 0.002 0.010 0.002 0.011 0.002 0.010 

Locus 9 : 
11 alleles
0.0% missing data
 116   (0.299) 0.300 0.331 0.326 0.168 0.312 0.299 0.328 0.170 0.303 0.520 0.361 0.330 0.165 0.305 0.105 0.339 0.257 0.311 0.423 0.345 
 112   (0.085) 0.085 0.083 0.083 0.386 0.138 0.086 0.067 0.025 0.136 0.032 0.012 0.080 0.036 0.084 0.016 0.077 0.081 0.093 0.057 0.081 
 122   (0.063) 0.063 0.055 0.054 0.304 0.028 0.058 0.074 0.180 0.030 0.009 0.442 0.050 0.233 0.060 0.290 0.050 0.008 0.048 0.007 0.048 
 114   (0.221) 0.222 0.224 0.223 0.043 0.274 0.227 0.173 0.112 0.270 0.364 0.021 0.226 0.236 0.221 0.051 0.219 0.353 0.228 0.078 0.224 
 120   (0.040) 0.040 0.034 0.034 0.021 0.024 0.038 0.021 0.011 0.025 0.005 0.003 0.031 0.015 0.039 0.218 0.030 0.160 0.031 0.005 0.030 
 130   (0.035) 0.035 0.036 0.039 0.004 0.015 0.033 0.039 0.027 0.016 0.006 0.002 0.040 0.066 0.033 0.183 0.043 0.030 0.033 0.005 0.036 
 118   (0.126) 0.126 0.120 0.123 0.017 0.128 0.129 0.104 0.047 0.143 0.036 0.018 0.122 0.069 0.124 0.112 0.129 0.081 0.142 0.409 0.123 
 124   (0.061) 0.061 0.053 0.053 0.049 0.046 0.058 0.086 0.177 0.040 0.007 0.136 0.051 0.068 0.059 0.011 0.049 0.007 0.051 0.007 0.049 
 126   (0.037) 0.037 0.033 0.032 0.004 0.018 0.036 0.085 0.242 0.018 0.007 0.003 0.038 0.100 0.038 0.009 0.031 0.018 0.031 0.006 0.030 
 108   (0.013) 0.013 0.012 0.015 0.001 0.006 0.016 0.009 0.003 0.008 0.001 0.001 0.012 0.004 0.017 0.002 0.014 0.001 0.013 0.001 0.014 
 128   (0.020) 0.020 0.019 0.019 0.002 0.010 0.020 0.014 0.005 0.012 0.013 0.002 0.020 0.008 0.020 0.004 0.018 0.002 0.020 0.002 0.020 

Locus 10 : 
4 alleles
0.0% missing data
 232   (0.901) 0.901 0.905 0.907 0.989 0.921 0.900 0.936 0.888 0.926 0.988 0.993 0.907 0.731 0.898 0.974 0.912 0.951 0.915 0.988 0.914 
 238   (0.074) 0.074 0.073 0.068 0.008 0.068 0.073 0.050 0.107 0.061 0.009 0.005 0.072 0.260 0.074 0.023 0.065 0.047 0.063 0.009 0.063 
 234   (0.014) 0.014 0.013 0.015 0.001 0.006 0.016 0.009 0.003 0.008 0.001 0.001 0.013 0.005 0.017 0.002 0.015 0.001 0.013 0.001 0.015 
 244   (0.011) 0.011 0.010 0.009 0.001 0.005 0.011 0.006 0.003 0.005 0.001 0.001 0.008 0.004 0.011 0.002 0.008 0.001 0.009 0.001 0.009 

Locus 11 : 
7 alleles
0.0% missing data
 165   (0.774) 0.774 0.792 0.789 0.799 0.875 0.775 0.744 0.617 0.853 0.929 0.768 0.795 0.875 0.773 0.935 0.799 0.766 0.799 0.922 0.794 
 167   (0.073) 0.072 0.064 0.064 0.185 0.042 0.068 0.130 0.299 0.044 0.009 0.222 0.057 0.027 0.070 0.020 0.056 0.011 0.056 0.055 0.056 
 161   (0.108) 0.108 0.105 0.108 0.012 0.051 0.113 0.105 0.073 0.063 0.057 0.007 0.112 0.083 0.111 0.037 0.112 0.218 0.109 0.018 0.115 
 155   (0.011) 0.011 0.009 0.009 0.001 0.004 0.010 0.005 0.003 0.005 0.001 0.001 0.008 0.004 0.011 0.002 0.008 0.001 0.008 0.001 0.008 
 173   (0.011) 0.011 0.010 0.011 0.001 0.005 0.012 0.006 0.002 0.005 0.001 0.001 0.009 0.004 0.012 0.002 0.009 0.001 0.009 0.001 0.010 
 163   (0.012) 0.012 0.010 0.010 0.001 0.018 0.011 0.005 0.003 0.025 0.001 0.001 0.009 0.004 0.011 0.002 0.008 0.001 0.011 0.001 0.008 
 171   (0.012) 0.012 0.010 0.010 0.001 0.005 0.011 0.005 0.003 0.005 0.001 0.001 0.009 0.004 0.011 0.002 0.009 0.001 0.008 0.001 0.008 

Locus 12 : 
8 alleles
0.0% missing data
 137   (0.526) 0.526 0.508 0.520 0.417 0.711 0.532 0.592 0.694 0.691 0.316 0.448 0.524 0.550 0.530 0.852 0.513 0.225 0.546 0.394 0.537 
 140   (0.157) 0.157 0.187 0.179 0.048 0.094 0.156 0.158 0.061 0.099 0.614 0.015 0.182 0.092 0.157 0.032 0.197 0.513 0.162 0.212 0.167 
 134   (0.244) 0.244 0.238 0.236 0.528 0.149 0.242 0.208 0.214 0.154 0.054 0.532 0.232 0.304 0.242 0.103 0.231 0.254 0.227 0.385 0.234 
 149   (0.012) 0.012 0.010 0.009 0.001 0.004 0.011 0.005 0.003 0.005 0.001 0.001 0.009 0.004 0.011 0.002 0.008 0.001 0.007 0.002 0.008 
 143   (0.015) 0.014 0.012 0.012 0.002 0.007 0.014 0.008 0.014 0.006 0.002 0.002 0.014 0.029 0.014 0.004 0.011 0.002 0.012 0.002 0.011 
 128   (0.011) 0.011 0.009 0.009 0.001 0.005 0.010 0.005 0.004 0.004 0.001 0.001 0.008 0.006 0.010 0.002 0.008 0.001 0.008 0.001 0.008 
 125   (0.018) 0.018 0.015 0.015 0.002 0.019 0.017 0.009 0.006 0.028 0.011 0.001 0.013 0.006 0.017 0.003 0.013 0.003 0.017 0.002 0.013 
 146   (0.019) 0.019 0.020 0.020 0.002 0.011 0.019 0.016 0.004 0.013 0.002 0.001 0.018 0.009 0.018 0.003 0.019 0.002 0.021 0.002 0.023 

Locus 13 : 
19 alleles
0.5% missing data
 206   (0.130) 0.130 0.125 0.128 0.028 0.121 0.126 0.108 0.101 0.141 0.267 0.045 0.118 0.075 0.127 0.215 0.122 0.178 0.120 0.427 0.113 
 210   (0.100) 0.100 0.107 0.106 0.039 0.051 0.098 0.098 0.040 0.062 0.177 0.419 0.105 0.044 0.099 0.019 0.113 0.149 0.102 0.287 0.099 
 190   (0.074) 0.075 0.075 0.071 0.011 0.110 0.075 0.065 0.029 0.087 0.077 0.005 0.073 0.033 0.075 0.028 0.071 0.009 0.071 0.009 0.079 
 202   (0.089) 0.089 0.095 0.095 0.013 0.048 0.088 0.156 0.230 0.056 0.031 0.008 0.103 0.221 0.092 0.542 0.101 0.012 0.092 0.015 0.107 
 214   (0.043) 0.043 0.038 0.039 0.148 0.021 0.042 0.026 0.013 0.020 0.056 0.251 0.041 0.019 0.042 0.008 0.036 0.019 0.035 0.005 0.035 
 212   (0.033) 0.033 0.030 0.030 0.004 0.282 0.034 0.022 0.016 0.235 0.004 0.188 0.029 0.012 0.031 0.006 0.025 0.004 0.057 0.004 0.027 
 192   (0.111) 0.111 0.123 0.117 0.013 0.070 0.114 0.119 0.045 0.072 0.086 0.008 0.126 0.055 0.110 0.060 0.136 0.281 0.127 0.040 0.127 
 204   (0.037) 0.037 0.037 0.034 0.054 0.024 0.038 0.030 0.014 0.024 0.018 0.014 0.037 0.019 0.037 0.014 0.036 0.010 0.036 0.005 0.034 
 184   (0.053) 0.054 0.049 0.054 0.006 0.069 0.053 0.040 0.015 0.089 0.016 0.004 0.053 0.019 0.055 0.009 0.047 0.020 0.056 0.092 0.052 
 216   (0.022) 0.022 0.034 0.032 0.002 0.010 0.021 0.021 0.006 0.010 0.015 0.001 0.023 0.009 0.021 0.004 0.031 0.272 0.020 0.003 0.023 
 208   (0.045) 0.045 0.045 0.047 0.005 0.044 0.043 0.045 0.013 0.041 0.207 0.014 0.047 0.018 0.045 0.010 0.045 0.015 0.045 0.005 0.052 
 198   (0.038) 0.039 0.040 0.040 0.004 0.021 0.041 0.039 0.010 0.026 0.004 0.002 0.041 0.019 0.040 0.018 0.043 0.004 0.042 0.004 0.054 
 194   (0.064) 0.063 0.055 0.057 0.608 0.031 0.061 0.113 0.305 0.033 0.019 0.007 0.053 0.171 0.062 0.018 0.052 0.007 0.053 0.028 0.053 
 186   (0.017) 0.017 0.014 0.014 0.047 0.007 0.016 0.008 0.008 0.008 0.002 0.012 0.012 0.006 0.016 0.003 0.012 0.002 0.011 0.003 0.012 
 188   (0.018) 0.019 0.016 0.017 0.002 0.009 0.018 0.010 0.012 0.009 0.004 0.001 0.017 0.024 0.019 0.003 0.014 0.004 0.014 0.002 0.015 
 200   (0.064) 0.064 0.060 0.059 0.010 0.045 0.066 0.053 0.122 0.046 0.010 0.016 0.064 0.231 0.065 0.031 0.058 0.007 0.060 0.064 0.057 
 196   (0.037) 0.038 0.037 0.036 0.004 0.027 0.039 0.030 0.015 0.031 0.004 0.002 0.037 0.017 0.038 0.006 0.035 0.004 0.037 0.005 0.041 
 220   (0.011) 0.011 0.009 0.009 0.001 0.004 0.010 0.006 0.003 0.004 0.001 0.001 0.009 0.004 0.010 0.005 0.008 0.001 0.008 0.001 0.008 
 180   (0.012) 0.012 0.012 0.015 0.001 0.006 0.016 0.009 0.003 0.007 0.001 0.001 0.012 0.004 0.016 0.002 0.014 0.001 0.013 0.001 0.014 

Locus 14 : 
8 alleles
1.1% missing data
 139   (0.071) 0.071 0.065 0.064 0.165 0.031 0.067 0.075 0.096 0.033 0.009 0.190 0.059 0.056 0.068 0.038 0.062 0.269 0.063 0.091 0.057 
 145   (0.065) 0.065 0.060 0.061 0.010 0.110 0.067 0.047 0.027 0.134 0.010 0.008 0.057 0.040 0.064 0.013 0.054 0.022 0.075 0.139 0.055 
 151   (0.304) 0.304 0.303 0.304 0.558 0.374 0.300 0.284 0.204 0.344 0.680 0.334 0.309 0.286 0.300 0.357 0.309 0.164 0.312 0.477 0.296 
 157   (0.363) 0.363 0.393 0.394 0.154 0.308 0.368 0.439 0.436 0.327 0.263 0.144 0.404 0.320 0.370 0.471 0.409 0.478 0.379 0.212 0.420 
 154   (0.099) 0.099 0.092 0.094 0.102 0.124 0.103 0.086 0.097 0.099 0.026 0.318 0.090 0.045 0.102 0.018 0.087 0.055 0.091 0.014 0.092 
 163   (0.040) 0.040 0.037 0.034 0.005 0.018 0.039 0.032 0.040 0.018 0.005 0.003 0.033 0.016 0.039 0.094 0.033 0.005 0.033 0.059 0.033 
 160   (0.030) 0.030 0.025 0.025 0.003 0.012 0.028 0.015 0.078 0.013 0.003 0.002 0.023 0.219 0.029 0.005 0.022 0.003 0.021 0.004 0.023 
 142   (0.028) 0.028 0.025 0.025 0.003 0.023 0.029 0.021 0.022 0.030 0.003 0.002 0.024 0.019 0.028 0.005 0.023 0.004 0.027 0.004 0.024 

Locus 15 : 
13 alleles
1.6% missing data
 256   (0.146) 0.147 0.141 0.136 0.122 0.142 0.143 0.137 0.214 0.119 0.177 0.066 0.131 0.144 0.142 0.120 0.131 0.150 0.122 0.163 0.120 
 262   (0.022) 0.021 0.018 0.018 0.002 0.008 0.019 0.052 0.134 0.009 0.002 0.001 0.015 0.010 0.020 0.003 0.015 0.002 0.015 0.284 0.014 
 246   (0.121) 0.121 0.146 0.138 0.013 0.075 0.121 0.141 0.100 0.072 0.085 0.008 0.138 0.108 0.123 0.024 0.149 0.111 0.124 0.179 0.143 
 258   (0.187) 0.188 0.199 0.198 0.024 0.174 0.189 0.250 0.179 0.180 0.236 0.014 0.210 0.171 0.190 0.549 0.217 0.310 0.214 0.025 0.225 
 254   (0.105) 0.105 0.097 0.101 0.342 0.078 0.107 0.078 0.071 0.087 0.164 0.155 0.108 0.072 0.108 0.182 0.093 0.026 0.096 0.013 0.096 
 250   (0.033) 0.033 0.029 0.029 0.082 0.023 0.031 0.020 0.014 0.021 0.004 0.658 0.027 0.013 0.032 0.008 0.025 0.004 0.026 0.004 0.025 
 242   (0.102) 0.101 0.099 0.099 0.150 0.146 0.106 0.092 0.061 0.164 0.012 0.073 0.101 0.076 0.101 0.022 0.098 0.012 0.123 0.187 0.108 
 252   (0.065) 0.065 0.065 0.067 0.038 0.046 0.066 0.063 0.040 0.050 0.025 0.007 0.065 0.030 0.067 0.013 0.068 0.026 0.062 0.104 0.065 
 248   (0.126) 0.126 0.123 0.126 0.217 0.229 0.127 0.107 0.157 0.225 0.037 0.011 0.117 0.333 0.126 0.063 0.125 0.340 0.140 0.021 0.115 
 260   (0.040) 0.040 0.037 0.041 0.004 0.019 0.039 0.028 0.014 0.022 0.253 0.003 0.043 0.024 0.041 0.007 0.036 0.013 0.035 0.005 0.041 
 264   (0.015) 0.015 0.014 0.015 0.001 0.007 0.015 0.012 0.004 0.009 0.001 0.001 0.013 0.007 0.014 0.002 0.014 0.001 0.013 0.002 0.017 
 244   (0.026) 0.026 0.024 0.023 0.003 0.048 0.026 0.016 0.010 0.035 0.003 0.002 0.024 0.010 0.026 0.005 0.021 0.003 0.022 0.013 0.022 
 276   (0.011) 0.011 0.009 0.009 0.001 0.004 0.010 0.005 0.003 0.005 0.001 0.001 0.008 0.003 0.011 0.002 0.008 0.001 0.008 0.001 0.008 

Values of parameters used in structure:
DATAFILE=G:\Shared drives\Emily_Schumacher\QUAC_analyses\QUAC_structure_wild_relate\QUAC_allpop_relate_red_12_15_21\project_data,	OUTFILE=G:\Shared drives\Emily_Schumacher\QUAC_analyses\QUAC_structure_wild_relate\QUAC_allpop_relate_red_12_15_21\50-100\Results\50-100_run_97,	NUMINDS=188,	NUMLOCI=15,	MISSING=-9,	LABEL=1,	POPDATA=1,	POPFLAG=0,	PHENOTYPE=0,	EXTRACOLS=0,	MAXPOPS=20,	BURNIN=50000,	NUMREPS=100000,	USEPOPINFO=0,	INFERALPHA=1,	INFERLAMBDA=0,	POPSPECIFICLAMBDA=0,	POPALPHAS=0,	COMPUTEPROB=1,	NOADMIX=0,	ADMBURNIN=2500,	UPDATEFREQ=1,	PRINTLIKES=0,	INTERMEDSAVE=0,	PRINTKLD=0,	PRINTNET=0,	PRINTLAMBDA=0,	ANCESTDIST=0,	NUMBOXES=1000,	ANCESTPINT=0.90000,	GENSBACK=2,	MIGRPRIOR=0.05000,	PRINTQHAT=0,	PRINTQSUM=0,	ALPHA=1.0000,	FREQSCORR=1,	FPRIORMEAN=0.0100,	FPRIORSD=0.0500,	ONEFST=0,	LAMBDA=1.0000,	UNIFPRIORALPHA=1,	ALPHAMAX=10.0000,	ALPHAPRIORA=1.0000,	ALPHAPRIORB=2.0000,	ALPHAPROPSD=0.0250,	STARTATPOPINFO=0,	RANDOMIZE=1,	LINKAGE=0,	METROFREQ=10,	REPORTHITRATE=0,	MARKOVPHASE=-1,	PHASED=0,	PLOIDY=2,	PHASEINFO=0	LOCPRIOR=0, 	LOCPRIORINIT=1.000000, 	LOCDATA=0, 	LOCISPOP=0, 	LOCPRIORSTEP=0.100000, 	MAXLOCPRIOR=20.000000, 	SEED=1639616262,	
[STRAT parameters]:    NUMSIMSTATS=1000,	PHENOTYPECOL=-9,	POOLFREQ=10,	LOCUSxONLY=0,	EMERROR=0.00100,	MISSINGPHENO=-9,	