

----------------------------------------------------
STRUCTURE by Pritchard, Stephens and Donnelly (2000)
     and Falush, Stephens and Pritchard (2003)
       Code by Pritchard, Falush and Hubisz
             Version 2.3.4 (Jul 2012)
----------------------------------------------------



Command line arguments:   bin\structure -m G:\Shared drives\Emily_Schumacher\QUAC_analyses\QUAC_structure_wild_relate\QUAC_allpop_relate_red_12_15_21\50-100\mainparams -e G:\Shared drives\Emily_Schumacher\QUAC_analyses\QUAC_structure_wild_relate\QUAC_allpop_relate_red_12_15_21\50-100\extraparams 
Input File:    G:\Shared drives\Emily_Schumacher\QUAC_analyses\QUAC_structure_wild_relate\QUAC_allpop_relate_red_12_15_21\project_data

Run parameters:
   188 individuals
   15 loci
   18 populations assumed
   50000 Burn-in period
   100000 Reps


--------------------------------------------
Proportion of membership of each pre-defined
 population in each of the 18 clusters

Given    Inferred Clusters                                                                                                                Number of
 Pop       1      2      3      4      5      6      7      8      9     10     11     12     13     14     15     16     17     18      Individuals

  1:     0.008  0.011  0.004  0.007  0.011  0.009  0.009  0.014  0.858  0.008  0.008  0.004  0.006  0.004  0.014  0.009  0.009  0.005        2
  2:     0.024  0.034  0.038  0.065  0.040  0.027  0.026  0.274  0.037  0.023  0.029  0.007  0.017  0.018  0.100  0.031  0.026  0.184       17
  3:     0.029  0.046  0.012  0.084  0.046  0.040  0.039  0.157  0.054  0.035  0.041  0.085  0.011  0.028  0.198  0.042  0.040  0.014       19
  4:     0.038  0.057  0.018  0.014  0.060  0.052  0.044  0.010  0.105  0.045  0.051  0.013  0.016  0.065  0.308  0.048  0.043  0.012       10
  5:     0.013  0.014  0.010  0.222  0.015  0.013  0.013  0.582  0.009  0.013  0.013  0.006  0.007  0.026  0.013  0.013  0.013  0.004        2
  6:     0.032  0.036  0.016  0.016  0.028  0.031  0.028  0.008  0.008  0.028  0.029  0.109  0.010  0.006  0.415  0.033  0.029  0.139        2
  7:     0.051  0.039  0.120  0.207  0.041  0.052  0.054  0.167  0.009  0.058  0.047  0.017  0.011  0.007  0.005  0.050  0.054  0.011        1
  8:     0.008  0.007  0.010  0.025  0.007  0.007  0.007  0.862  0.007  0.007  0.007  0.005  0.009  0.008  0.008  0.006  0.007  0.005        1
  9:     0.107  0.092  0.012  0.053  0.079  0.084  0.121  0.006  0.005  0.088  0.088  0.012  0.050  0.005  0.008  0.104  0.082  0.005        1
 10:     0.043  0.040  0.011  0.013  0.030  0.061  0.057  0.012  0.006  0.060  0.057  0.349  0.011  0.010  0.007  0.048  0.049  0.136        6
 11:     0.042  0.046  0.025  0.102  0.043  0.047  0.050  0.052  0.013  0.052  0.050  0.138  0.019  0.040  0.103  0.046  0.048  0.084       16
 12:     0.183  0.096  0.008  0.011  0.026  0.048  0.041  0.021  0.014  0.046  0.046  0.008  0.322  0.018  0.013  0.048  0.048  0.003        1
 13:     0.032  0.046  0.013  0.016  0.053  0.035  0.037  0.013  0.024  0.035  0.040  0.017  0.017  0.388  0.149  0.040  0.034  0.012       33
 14:     0.019  0.019  0.124  0.308  0.022  0.020  0.019  0.105  0.010  0.020  0.022  0.151  0.015  0.010  0.015  0.018  0.019  0.084       21
 15:     0.017  0.018  0.045  0.014  0.018  0.019  0.020  0.009  0.687  0.019  0.019  0.010  0.010  0.013  0.018  0.019  0.019  0.026       14
 16:     0.106  0.064  0.012  0.019  0.045  0.026  0.025  0.012  0.012  0.026  0.026  0.010  0.519  0.015  0.016  0.029  0.028  0.009       35
 17:     0.076  0.091  0.014  0.018  0.085  0.102  0.115  0.012  0.010  0.097  0.102  0.009  0.021  0.009  0.017  0.119  0.096  0.007        7
--------------------------------------------

Allele-freq. divergence among pops (Net nucleotide distance),
computed using point estimates of P.

      1       2       3       4       5       6       7       8       9      10      11      12      13      14      15      16      17      18      
 1      -    0.0017  0.0473  0.0447  0.0028  0.0017  0.0018  0.0788  0.0476  0.0016  0.0018  0.0337  0.0171  0.0527  0.0397  0.0024  0.0018  0.0579  
 2   0.0017     -    0.0491  0.0468  0.0006  0.0008  0.0008  0.0785  0.0463  0.0009  0.0006  0.0349  0.0258  0.0473  0.0322  0.0005  0.0007  0.0580  
 3   0.0473  0.0491     -    0.0810  0.0511  0.0450  0.0456  0.1220  0.0953  0.0453  0.0463  0.0661  0.0730  0.1178  0.0912  0.0477  0.0460  0.0913  
 4   0.0447  0.0468  0.0810     -    0.0459  0.0431  0.0429  0.0763  0.0825  0.0422  0.0430  0.0706  0.0624  0.0994  0.0840  0.0459  0.0440  0.0937  
 5   0.0028  0.0006  0.0511  0.0459     -    0.0015  0.0015  0.0766  0.0469  0.0016  0.0010  0.0372  0.0268  0.0449  0.0297  0.0012  0.0014  0.0584  
 6   0.0017  0.0008  0.0450  0.0431  0.0015     -    0.0001  0.0761  0.0435  0.0001  0.0001  0.0325  0.0271  0.0491  0.0344  0.0004  0.0001  0.0551  
 7   0.0018  0.0008  0.0456  0.0429  0.0015  0.0001     -    0.0761  0.0437  0.0000  0.0001  0.0329  0.0274  0.0492  0.0336  0.0004  0.0001  0.0562  
 8   0.0788  0.0785  0.1220  0.0763  0.0766  0.0761  0.0761     -    0.1083  0.0753  0.0751  0.1109  0.1084  0.1296  0.0999  0.0789  0.0773  0.1380  
 9   0.0476  0.0463  0.0953  0.0825  0.0469  0.0435  0.0437  0.1083     -    0.0435  0.0441  0.0893  0.0748  0.0939  0.0840  0.0454  0.0441  0.1062  
10   0.0016  0.0009  0.0453  0.0422  0.0016  0.0001  0.0000  0.0753  0.0435     -    0.0001  0.0325  0.0266  0.0491  0.0339  0.0005  0.0001  0.0558  
11   0.0018  0.0006  0.0463  0.0430  0.0010  0.0001  0.0001  0.0751  0.0441  0.0001     -    0.0328  0.0276  0.0474  0.0321  0.0005  0.0002  0.0561  
12   0.0337  0.0349  0.0661  0.0706  0.0372  0.0325  0.0329  0.1109  0.0893  0.0325  0.0328     -    0.0625  0.0965  0.0706  0.0345  0.0335  0.0716  
13   0.0171  0.0258  0.0730  0.0624  0.0268  0.0271  0.0274  0.1084  0.0748  0.0266  0.0276  0.0625     -    0.0871  0.0706  0.0288  0.0272  0.0824  
14   0.0527  0.0473  0.1178  0.0994  0.0449  0.0491  0.0492  0.1296  0.0939  0.0491  0.0474  0.0965  0.0871     -    0.0622  0.0490  0.0492  0.1057  
15   0.0397  0.0322  0.0912  0.0840  0.0297  0.0344  0.0336  0.0999  0.0840  0.0339  0.0321  0.0706  0.0706  0.0622     -    0.0341  0.0345  0.1025  
16   0.0024  0.0005  0.0477  0.0459  0.0012  0.0004  0.0004  0.0789  0.0454  0.0005  0.0005  0.0345  0.0288  0.0490  0.0341     -    0.0002  0.0576  
17   0.0018  0.0007  0.0460  0.0440  0.0014  0.0001  0.0001  0.0773  0.0441  0.0001  0.0002  0.0335  0.0272  0.0492  0.0345  0.0002     -    0.0560  
18   0.0579  0.0580  0.0913  0.0937  0.0584  0.0551  0.0562  0.1380  0.1062  0.0558  0.0561  0.0716  0.0824  0.1057  0.1025  0.0576  0.0560     -    

Average distances (expected heterozygosity) between individuals in same cluster:
cluster  1  : 0.6254 
cluster  2  : 0.6193 
cluster  3  : 0.6114 
cluster  4  : 0.5335 
cluster  5  : 0.6112 
cluster  6  : 0.6396 
cluster  7  : 0.6395 
cluster  8  : 0.4410 
cluster  9  : 0.5314 
cluster 10  : 0.6396 
cluster 11  : 0.6360 
cluster 12  : 0.5979 
cluster 13  : 0.5349 
cluster 14  : 0.5093 
cluster 15  : 0.5155 
cluster 16  : 0.6305 
cluster 17  : 0.6364 
cluster 18  : 0.5196 

--------------------------------------------
Estimated Ln Prob of Data   = -8221.9
Mean value of ln likelihood = -6973.9
Variance of ln likelihood   = 2496.0
Mean value of alpha         = 0.0400

Mean value of Fst_1         = 0.0779
Mean value of Fst_2         = 0.1035
Mean value of Fst_3         = 0.2451
Mean value of Fst_4         = 0.2306
Mean value of Fst_5         = 0.1160
Mean value of Fst_6         = 0.0262
Mean value of Fst_7         = 0.0266
Mean value of Fst_8         = 0.3909
Mean value of Fst_9         = 0.2095
Mean value of Fst_10         = 0.0349
Mean value of Fst_11         = 0.0388
Mean value of Fst_12         = 0.1640
Mean value of Fst_13         = 0.1658
Mean value of Fst_14         = 0.2400
Mean value of Fst_15         = 0.2157
Mean value of Fst_16         = 0.0714
Mean value of Fst_17         = 0.0493
Mean value of Fst_18         = 0.2668


Inferred ancestry of individuals:
        Label (%Miss) Pop:  Inferred clusters
  1 QAc-G-0029    (0)    1 :  0.011 0.017 0.006 0.006 0.017 0.014 0.012 0.024 0.799 0.012 0.011 0.005 0.005 0.005 0.023 0.014 0.013 0.006 
  2 QAc-G-0030    (0)    1 :  0.006 0.005 0.003 0.007 0.005 0.005 0.005 0.004 0.918 0.005 0.005 0.004 0.006 0.004 0.004 0.005 0.005 0.004 
  3 QAc-G-0062    (0)    2 :  0.029 0.021 0.061 0.222 0.024 0.026 0.023 0.043 0.005 0.026 0.025 0.008 0.025 0.005 0.006 0.027 0.026 0.396 
  4 QAc-G-0063    (0)    2 :  0.023 0.028 0.018 0.039 0.033 0.033 0.030 0.600 0.006 0.027 0.029 0.010 0.018 0.018 0.021 0.028 0.030 0.009 
  5 QAc-G-0064    (0)    2 :  0.006 0.008 0.005 0.021 0.006 0.006 0.006 0.007 0.005 0.006 0.006 0.006 0.007 0.005 0.007 0.006 0.006 0.881 
  6 QAc-G-0065    (0)    2 :  0.005 0.005 0.004 0.003 0.005 0.005 0.005 0.003 0.007 0.005 0.005 0.009 0.003 0.005 0.004 0.005 0.005 0.919 
  7 QAc-G-0066    (0)    2 :  0.004 0.004 0.004 0.005 0.004 0.004 0.004 0.933 0.005 0.004 0.004 0.003 0.004 0.004 0.004 0.004 0.004 0.003 
  8 QAc-G-0067    (0)    2 :  0.012 0.012 0.007 0.006 0.014 0.018 0.015 0.005 0.017 0.016 0.018 0.011 0.007 0.007 0.013 0.014 0.017 0.792 
  9 QAc-G-0068    (0)    2 :  0.008 0.009 0.475 0.006 0.004 0.005 0.005 0.433 0.005 0.005 0.005 0.010 0.007 0.004 0.003 0.005 0.004 0.007 
 10 QAc-G-0070    (0)    2 :  0.034 0.022 0.017 0.095 0.034 0.024 0.023 0.512 0.011 0.023 0.023 0.005 0.092 0.006 0.010 0.025 0.025 0.020 
 11 QAc-G-0071   (13)    2 :  0.005 0.006 0.005 0.030 0.007 0.006 0.006 0.878 0.008 0.006 0.005 0.004 0.006 0.003 0.009 0.006 0.006 0.003 
 12 QAc-G-0072    (0)    2 :  0.005 0.005 0.005 0.005 0.005 0.006 0.005 0.912 0.005 0.005 0.005 0.004 0.007 0.004 0.006 0.005 0.005 0.004 
 13 QAc-G-0073    (0)    2 :  0.026 0.080 0.006 0.005 0.104 0.031 0.034 0.004 0.012 0.023 0.048 0.004 0.014 0.014 0.509 0.053 0.030 0.004 
 14 QAc-G-0074    (0)    2 :  0.042 0.041 0.007 0.036 0.059 0.035 0.037 0.182 0.005 0.030 0.042 0.006 0.017 0.019 0.361 0.039 0.036 0.005 
 15 QAc-G-0075    (0)    2 :  0.020 0.024 0.008 0.015 0.026 0.024 0.030 0.012 0.017 0.024 0.026 0.008 0.008 0.035 0.658 0.026 0.028 0.009 
 16 QAc-G-0076    (0)    2 :  0.063 0.143 0.005 0.008 0.195 0.054 0.057 0.009 0.009 0.051 0.106 0.005 0.007 0.078 0.046 0.081 0.056 0.028 
 17 QAc-G-0080    (0)    2 :  0.035 0.033 0.013 0.025 0.039 0.045 0.053 0.010 0.498 0.056 0.050 0.006 0.009 0.004 0.014 0.037 0.047 0.026 
 18 QAc-G-0081    (0)    2 :  0.074 0.107 0.008 0.023 0.087 0.114 0.087 0.005 0.008 0.073 0.074 0.009 0.057 0.012 0.004 0.149 0.103 0.006 
 19 QAc-G-0083    (0)    2 :  0.019 0.025 0.005 0.555 0.027 0.018 0.019 0.107 0.015 0.018 0.023 0.005 0.010 0.090 0.020 0.016 0.017 0.011 
 20 QAc-G-0285    (0)    3 :  0.007 0.007 0.008 0.713 0.006 0.007 0.007 0.179 0.010 0.007 0.007 0.011 0.006 0.005 0.005 0.007 0.007 0.004 
 21 QAc-G-0287    (0)    3 :  0.003 0.003 0.003 0.005 0.003 0.003 0.003 0.942 0.004 0.003 0.003 0.003 0.004 0.003 0.005 0.003 0.003 0.003 
 22 QAc-G-0288    (6)    3 :  0.008 0.007 0.009 0.005 0.007 0.007 0.007 0.869 0.016 0.007 0.007 0.006 0.009 0.008 0.007 0.007 0.007 0.005 
 23 QAc-G-0292    (0)    3 :  0.013 0.012 0.014 0.588 0.012 0.013 0.011 0.247 0.005 0.012 0.012 0.008 0.013 0.005 0.005 0.011 0.012 0.006 
 24 QAc-G-0294    (0)    3 :  0.044 0.145 0.022 0.008 0.175 0.087 0.055 0.005 0.016 0.050 0.082 0.008 0.008 0.046 0.035 0.118 0.080 0.017 
 25 QAc-G-0295    (0)    3 :  0.034 0.115 0.006 0.019 0.087 0.022 0.039 0.016 0.019 0.027 0.046 0.007 0.006 0.031 0.412 0.052 0.043 0.019 
 26 QAc-G-0296    (0)    3 :  0.033 0.067 0.006 0.013 0.106 0.029 0.037 0.009 0.005 0.034 0.069 0.007 0.008 0.053 0.417 0.032 0.033 0.041 
 27 QAc-G-0297    (0)    3 :  0.059 0.060 0.009 0.010 0.046 0.101 0.097 0.003 0.006 0.093 0.090 0.018 0.008 0.031 0.229 0.064 0.071 0.003 
 28 QAc-G-0298    (6)    3 :  0.012 0.029 0.006 0.017 0.025 0.015 0.015 0.004 0.016 0.018 0.020 0.006 0.005 0.010 0.753 0.022 0.019 0.008 
 29 QAc-G-0299    (0)    3 :  0.011 0.020 0.010 0.006 0.033 0.012 0.014 0.010 0.005 0.013 0.021 0.009 0.004 0.133 0.668 0.012 0.013 0.005 
 30 QAc-G-0300    (0)    3 :  0.033 0.081 0.008 0.009 0.093 0.036 0.038 0.005 0.005 0.032 0.066 0.011 0.020 0.099 0.332 0.050 0.043 0.038 
 31 QAc-G-0301    (0)    3 :  0.010 0.010 0.005 0.009 0.011 0.010 0.011 0.012 0.008 0.010 0.011 0.006 0.005 0.018 0.807 0.010 0.010 0.038 
 32 QAc-G-0302    (0)    3 :  0.017 0.026 0.019 0.007 0.017 0.020 0.019 0.005 0.005 0.019 0.020 0.737 0.005 0.024 0.012 0.023 0.021 0.004 
 33 QAc-G-0303    (0)    3 :  0.021 0.019 0.042 0.015 0.016 0.018 0.019 0.005 0.007 0.020 0.021 0.721 0.022 0.004 0.004 0.016 0.020 0.012 
 34 QAc-G-0305    (0)    3 :  0.019 0.019 0.036 0.071 0.018 0.018 0.020 0.647 0.020 0.019 0.019 0.023 0.014 0.004 0.006 0.020 0.020 0.006 
 35 QAc-G-0307    (0)    3 :  0.012 0.012 0.007 0.010 0.010 0.012 0.010 0.004 0.838 0.011 0.011 0.007 0.019 0.006 0.006 0.011 0.010 0.006 
 36 QAc-G-0313    (0)    3 :  0.075 0.072 0.013 0.066 0.051 0.128 0.118 0.012 0.010 0.107 0.090 0.005 0.013 0.008 0.008 0.098 0.108 0.018 
 37 QAc-G-0314    (0)    3 :  0.074 0.086 0.006 0.016 0.058 0.126 0.119 0.004 0.011 0.090 0.095 0.010 0.011 0.026 0.045 0.107 0.106 0.010 
 38 QAc-G-0316    (0)    3 :  0.064 0.084 0.006 0.013 0.092 0.102 0.095 0.009 0.022 0.091 0.084 0.005 0.024 0.014 0.007 0.142 0.133 0.014 
 39 QAc-G-0033    (0)    4 :  0.009 0.018 0.005 0.005 0.020 0.008 0.014 0.005 0.007 0.009 0.013 0.007 0.008 0.191 0.651 0.010 0.009 0.012 
 40 QAc-G-0034    (0)    4 :  0.012 0.013 0.005 0.005 0.014 0.010 0.011 0.005 0.025 0.013 0.012 0.011 0.015 0.010 0.811 0.009 0.011 0.008 
 41 QAc-G-0035    (0)    4 :  0.033 0.085 0.010 0.015 0.092 0.057 0.045 0.015 0.012 0.043 0.047 0.009 0.007 0.347 0.021 0.088 0.051 0.022 
 42 QAc-G-0036    (0)    4 :  0.012 0.011 0.006 0.008 0.014 0.011 0.012 0.013 0.006 0.012 0.011 0.004 0.009 0.008 0.829 0.010 0.011 0.013 
 43 QAc-G-0039    (0)    4 :  0.052 0.156 0.012 0.009 0.146 0.087 0.066 0.010 0.032 0.055 0.063 0.011 0.013 0.021 0.020 0.139 0.101 0.008 
 44 QAc-G-0040    (0)    4 :  0.086 0.129 0.007 0.045 0.138 0.064 0.058 0.019 0.011 0.062 0.094 0.012 0.057 0.035 0.044 0.074 0.056 0.008 
 45 QAc-G-0045    (0)    4 :  0.012 0.042 0.005 0.005 0.082 0.010 0.020 0.009 0.013 0.015 0.043 0.005 0.007 0.020 0.687 0.009 0.011 0.007 
 46 QAc-G-0050    (0)    4 :  0.070 0.043 0.103 0.022 0.035 0.116 0.087 0.012 0.086 0.106 0.093 0.053 0.015 0.004 0.004 0.060 0.085 0.006 
 47 QAc-G-0052    (0)    4 :  0.011 0.014 0.008 0.005 0.011 0.012 0.012 0.004 0.821 0.013 0.013 0.005 0.009 0.005 0.007 0.013 0.014 0.023 
 48 QAc-G-0056    (0)    4 :  0.086 0.058 0.016 0.023 0.047 0.143 0.118 0.007 0.039 0.127 0.125 0.017 0.024 0.006 0.008 0.063 0.085 0.008 
 49 QAc-G-0276    (0)    5 :  0.012 0.013 0.008 0.429 0.015 0.011 0.012 0.391 0.009 0.012 0.013 0.005 0.007 0.021 0.014 0.013 0.012 0.003 
 50 QAc-G-0280    (6)    5 :  0.014 0.015 0.012 0.014 0.015 0.015 0.014 0.773 0.009 0.015 0.014 0.007 0.008 0.030 0.011 0.013 0.015 0.006 
 51 QAc-G-0018    (0)    6 :  0.010 0.015 0.020 0.005 0.015 0.011 0.011 0.006 0.012 0.011 0.011 0.016 0.007 0.007 0.815 0.010 0.010 0.006 
 52 QAc-G-0017    (0)    6 :  0.053 0.057 0.011 0.028 0.041 0.051 0.046 0.010 0.004 0.044 0.046 0.203 0.014 0.004 0.015 0.055 0.047 0.271 
 53 QAc-G-0250    (0)    7 :  0.051 0.039 0.120 0.207 0.041 0.052 0.054 0.167 0.009 0.058 0.047 0.017 0.011 0.007 0.005 0.050 0.054 0.011 
 54 QAc-G-0003    (6)    8 :  0.008 0.007 0.010 0.025 0.007 0.007 0.007 0.862 0.007 0.007 0.007 0.005 0.009 0.008 0.008 0.006 0.007 0.005 
 55 QAc-G-0283    (0)    9 :  0.107 0.092 0.012 0.053 0.079 0.084 0.121 0.006 0.005 0.088 0.088 0.012 0.050 0.005 0.008 0.104 0.082 0.005 
 56 QAc-G-0255    (0)   10 :  0.037 0.073 0.025 0.010 0.035 0.038 0.035 0.005 0.004 0.046 0.033 0.479 0.006 0.026 0.009 0.082 0.049 0.008 
 57 QAc-G-0256    (0)   10 :  0.007 0.009 0.007 0.012 0.008 0.007 0.008 0.016 0.006 0.007 0.008 0.853 0.004 0.008 0.008 0.007 0.007 0.017 
 58 QAc-G-0257    (0)   10 :  0.021 0.026 0.012 0.010 0.015 0.020 0.020 0.004 0.010 0.022 0.020 0.681 0.016 0.003 0.005 0.022 0.018 0.075 
 59 QAc-G-0259    (0)   10 :  0.089 0.045 0.005 0.015 0.042 0.168 0.137 0.003 0.003 0.137 0.140 0.014 0.006 0.008 0.003 0.077 0.107 0.003 
 60 QAc-G-0260    (0)   10 :  0.067 0.051 0.008 0.021 0.041 0.092 0.096 0.042 0.008 0.098 0.096 0.053 0.026 0.010 0.008 0.055 0.069 0.160 
 61 QAc-G-0261    (0)   10 :  0.035 0.034 0.012 0.010 0.037 0.044 0.044 0.005 0.006 0.051 0.044 0.013 0.007 0.005 0.011 0.045 0.044 0.554 
 62 QAc-G-0109    (0)   11 :  0.045 0.052 0.009 0.015 0.039 0.067 0.058 0.006 0.014 0.058 0.065 0.368 0.027 0.005 0.020 0.051 0.049 0.056 
 63 QAc-G-0113    (0)   11 :  0.020 0.026 0.104 0.053 0.018 0.027 0.028 0.012 0.019 0.025 0.026 0.553 0.007 0.005 0.012 0.020 0.021 0.023 
 64 QAc-G-0114    (0)   11 :  0.024 0.041 0.018 0.009 0.021 0.037 0.030 0.011 0.007 0.033 0.030 0.536 0.006 0.107 0.021 0.035 0.028 0.005 
 65 QAc-G-0117    (0)   11 :  0.050 0.065 0.073 0.050 0.077 0.061 0.062 0.009 0.012 0.061 0.060 0.117 0.009 0.037 0.052 0.064 0.064 0.078 
 66 QAc-G-0120    (0)   11 :  0.061 0.056 0.014 0.019 0.034 0.102 0.099 0.005 0.009 0.090 0.096 0.223 0.011 0.012 0.012 0.073 0.076 0.009 
 67 QAc-G-0125    (0)   11 :  0.025 0.021 0.008 0.052 0.017 0.027 0.025 0.019 0.031 0.026 0.021 0.018 0.022 0.005 0.004 0.021 0.025 0.632 
 68 QAc-G-0141    (0)   11 :  0.077 0.082 0.056 0.021 0.092 0.074 0.088 0.020 0.022 0.080 0.097 0.066 0.019 0.013 0.032 0.074 0.066 0.022 
 69 QAc-G-0143    (0)   11 :  0.105 0.056 0.009 0.016 0.082 0.077 0.109 0.006 0.006 0.167 0.126 0.005 0.005 0.004 0.008 0.088 0.129 0.003 
 70 QAc-G-0147    (0)   11 :  0.049 0.038 0.029 0.039 0.027 0.045 0.045 0.006 0.008 0.041 0.042 0.076 0.061 0.010 0.031 0.034 0.039 0.381 
 71 QAc-G-0174    (0)   11 :  0.005 0.005 0.006 0.753 0.005 0.005 0.005 0.168 0.005 0.005 0.005 0.005 0.004 0.005 0.007 0.004 0.004 0.004 
 72 QAc-G-0182    (0)   11 :  0.007 0.006 0.004 0.546 0.006 0.007 0.007 0.358 0.003 0.006 0.007 0.006 0.005 0.004 0.005 0.006 0.007 0.011 
 73 QAc-G-0188    (0)   11 :  0.047 0.070 0.033 0.016 0.041 0.053 0.050 0.196 0.004 0.060 0.049 0.200 0.007 0.015 0.007 0.089 0.056 0.007 
 74 QAc-G-0229    (0)   11 :  0.011 0.011 0.006 0.009 0.012 0.011 0.013 0.005 0.007 0.012 0.010 0.008 0.012 0.007 0.841 0.010 0.012 0.004 
 75 QAc-G-0233    (0)   11 :  0.060 0.046 0.016 0.012 0.053 0.068 0.063 0.006 0.027 0.064 0.058 0.006 0.081 0.289 0.015 0.054 0.073 0.010 
 76 QAc-G-0237    (0)   11 :  0.023 0.054 0.006 0.010 0.046 0.020 0.032 0.009 0.019 0.023 0.026 0.021 0.012 0.030 0.559 0.026 0.030 0.052 
 77 QAc-G-0243    (0)   11 :  0.064 0.103 0.009 0.016 0.115 0.074 0.088 0.004 0.011 0.075 0.081 0.007 0.025 0.086 0.017 0.088 0.092 0.045 
 78 QAc-G-0249    (0)   12 :  0.183 0.096 0.008 0.011 0.026 0.048 0.041 0.021 0.014 0.046 0.046 0.008 0.322 0.018 0.013 0.048 0.048 0.003 
 79 QAc-W-0001    (0)   13 :  0.009 0.009 0.004 0.004 0.010 0.008 0.009 0.003 0.005 0.009 0.010 0.013 0.005 0.833 0.036 0.008 0.010 0.014 
 80 QAc-W-0002    (0)   13 :  0.027 0.044 0.009 0.010 0.060 0.028 0.031 0.030 0.007 0.028 0.045 0.025 0.011 0.017 0.567 0.032 0.024 0.004 
 81 QAc-W-0003    (0)   13 :  0.013 0.014 0.011 0.025 0.015 0.014 0.015 0.010 0.019 0.015 0.015 0.016 0.006 0.756 0.016 0.015 0.016 0.011 
 82 QAc-W-0004    (0)   13 :  0.006 0.007 0.004 0.004 0.008 0.006 0.005 0.007 0.007 0.005 0.007 0.004 0.005 0.893 0.016 0.006 0.005 0.004 
 83 QAc-W-0005    (0)   13 :  0.007 0.008 0.004 0.007 0.009 0.007 0.008 0.006 0.004 0.007 0.008 0.005 0.007 0.888 0.008 0.008 0.007 0.005 
 84 QAc-W-0007   (13)   13 :  0.008 0.009 0.004 0.006 0.008 0.007 0.008 0.005 0.005 0.009 0.008 0.006 0.007 0.873 0.016 0.008 0.008 0.006 
 85 QAc-W-0008    (6)   13 :  0.029 0.026 0.019 0.009 0.023 0.034 0.030 0.006 0.004 0.027 0.032 0.008 0.019 0.654 0.016 0.027 0.033 0.004 
 86 QAc-W-0009    (0)   13 :  0.054 0.104 0.014 0.012 0.073 0.052 0.078 0.018 0.010 0.059 0.060 0.155 0.022 0.020 0.117 0.078 0.064 0.011 
 87 QAc-W-0010    (0)   13 :  0.021 0.021 0.013 0.018 0.026 0.021 0.017 0.007 0.006 0.021 0.021 0.018 0.027 0.680 0.010 0.021 0.021 0.031 
 88 QAc-W-0011    (0)   13 :  0.041 0.078 0.011 0.015 0.092 0.041 0.047 0.034 0.014 0.042 0.047 0.011 0.009 0.365 0.055 0.050 0.039 0.011 
 89 QAc-W-0012    (0)   13 :  0.020 0.023 0.017 0.008 0.025 0.022 0.020 0.014 0.012 0.021 0.025 0.010 0.013 0.620 0.100 0.019 0.020 0.011 
 90 QAc-W-0013    (0)   13 :  0.043 0.099 0.008 0.010 0.145 0.032 0.041 0.015 0.151 0.040 0.081 0.054 0.006 0.013 0.168 0.048 0.036 0.008 
 91 QAc-W-0014    (0)   13 :  0.015 0.013 0.005 0.009 0.019 0.011 0.011 0.004 0.005 0.010 0.013 0.004 0.017 0.818 0.018 0.011 0.011 0.005 
 92 QAc-W-0015    (0)   13 :  0.040 0.063 0.005 0.121 0.106 0.027 0.033 0.030 0.016 0.032 0.065 0.013 0.021 0.012 0.358 0.028 0.026 0.004 
 93 QAc-W-0017    (0)   13 :  0.064 0.082 0.016 0.042 0.107 0.080 0.096 0.012 0.022 0.086 0.090 0.012 0.039 0.010 0.036 0.098 0.102 0.006 
 94 QAc-W-0018    (0)   13 :  0.049 0.049 0.028 0.009 0.048 0.050 0.057 0.005 0.036 0.056 0.048 0.024 0.010 0.389 0.020 0.054 0.055 0.015 
 95 QAc-W-0020    (0)   13 :  0.019 0.020 0.009 0.007 0.021 0.023 0.023 0.005 0.004 0.020 0.021 0.004 0.004 0.753 0.008 0.027 0.023 0.010 
 96 QAc-W-0021    (0)   13 :  0.047 0.043 0.014 0.008 0.045 0.059 0.053 0.010 0.113 0.060 0.049 0.019 0.010 0.336 0.015 0.055 0.056 0.008 
 97 QAc-W-0022    (0)   13 :  0.072 0.105 0.007 0.031 0.115 0.090 0.081 0.016 0.011 0.081 0.080 0.008 0.024 0.019 0.083 0.092 0.077 0.007 
 98 QAc-W-0023    (6)   13 :  0.063 0.095 0.006 0.011 0.095 0.061 0.062 0.003 0.020 0.064 0.091 0.027 0.028 0.091 0.110 0.090 0.053 0.032 
 99 QAc-W-0024    (0)   13 :  0.039 0.049 0.007 0.008 0.061 0.046 0.055 0.048 0.086 0.050 0.038 0.010 0.010 0.331 0.021 0.076 0.059 0.007 
100 QAc-W-0025    (0)   13 :  0.025 0.041 0.012 0.007 0.038 0.025 0.032 0.007 0.015 0.026 0.026 0.010 0.012 0.310 0.351 0.030 0.030 0.004 
101 QAc-W-0026    (0)   13 :  0.030 0.030 0.018 0.017 0.043 0.038 0.036 0.047 0.077 0.042 0.034 0.015 0.024 0.415 0.049 0.028 0.032 0.024 
102 QAc-W-0027    (0)   13 :  0.013 0.020 0.006 0.005 0.018 0.015 0.019 0.005 0.005 0.016 0.016 0.012 0.010 0.076 0.727 0.017 0.017 0.004 
103 QAc-W-0028    (0)   13 :  0.024 0.042 0.005 0.009 0.045 0.027 0.034 0.009 0.004 0.026 0.030 0.006 0.009 0.531 0.134 0.037 0.026 0.004 
104 QAc-W-0029    (0)   13 :  0.032 0.103 0.025 0.005 0.121 0.029 0.036 0.004 0.007 0.029 0.064 0.012 0.005 0.235 0.182 0.062 0.032 0.019 
105 QAc-W-0032    (0)   13 :  0.011 0.013 0.005 0.004 0.013 0.011 0.011 0.003 0.007 0.011 0.012 0.004 0.008 0.812 0.027 0.012 0.012 0.025 
106 QAc-W-0033    (0)   13 :  0.072 0.057 0.069 0.018 0.061 0.097 0.086 0.005 0.013 0.087 0.088 0.011 0.019 0.132 0.018 0.075 0.064 0.029 
107 QAc-W-0035    (0)   13 :  0.035 0.052 0.021 0.015 0.048 0.038 0.043 0.019 0.017 0.035 0.039 0.005 0.025 0.116 0.414 0.029 0.042 0.008 
108 QAc-W-0037    (0)   13 :  0.010 0.013 0.008 0.007 0.015 0.012 0.013 0.009 0.015 0.013 0.013 0.006 0.007 0.024 0.798 0.011 0.010 0.016 
109 QAc-W-0038    (0)   13 :  0.062 0.092 0.008 0.034 0.092 0.068 0.078 0.010 0.006 0.073 0.059 0.012 0.010 0.129 0.082 0.091 0.081 0.011 
110 QAc-W-0040    (0)   13 :  0.036 0.026 0.007 0.013 0.017 0.021 0.021 0.010 0.012 0.020 0.019 0.007 0.113 0.606 0.016 0.017 0.019 0.020 
111 QAc-W-0041    (0)   13 :  0.029 0.071 0.030 0.009 0.112 0.036 0.044 0.031 0.061 0.040 0.056 0.027 0.010 0.040 0.327 0.043 0.028 0.005 
112 QAc-W-0042    (0)   14 :  0.018 0.024 0.044 0.011 0.035 0.020 0.018 0.032 0.016 0.017 0.025 0.400 0.006 0.006 0.015 0.017 0.016 0.281 
113 QAc-W-0044    (0)   14 :  0.057 0.084 0.016 0.073 0.132 0.040 0.037 0.049 0.005 0.036 0.072 0.091 0.029 0.008 0.062 0.047 0.034 0.130 
114 QAc-W-0045    (0)   14 :  0.013 0.013 0.059 0.008 0.013 0.015 0.015 0.011 0.008 0.015 0.016 0.731 0.005 0.007 0.014 0.014 0.015 0.029 
115 QAc-W-0048    (0)   14 :  0.017 0.015 0.009 0.008 0.018 0.025 0.024 0.005 0.015 0.026 0.021 0.680 0.005 0.012 0.013 0.017 0.021 0.070 
116 QAc-W-0050    (0)   14 :  0.020 0.023 0.577 0.007 0.016 0.021 0.021 0.007 0.006 0.020 0.021 0.175 0.010 0.004 0.009 0.021 0.021 0.021 
117 QAc-W-0051    (0)   14 :  0.012 0.012 0.669 0.031 0.012 0.015 0.012 0.007 0.014 0.014 0.013 0.057 0.004 0.007 0.006 0.012 0.012 0.091 
118 QAc-W-0052    (0)   14 :  0.005 0.005 0.004 0.006 0.006 0.005 0.005 0.006 0.003 0.004 0.005 0.007 0.005 0.010 0.005 0.005 0.005 0.909 
119 QAc-W-0053    (0)   14 :  0.012 0.013 0.012 0.008 0.014 0.013 0.011 0.005 0.005 0.014 0.013 0.816 0.007 0.009 0.008 0.012 0.011 0.017 
120 QAc-W-0054    (0)   14 :  0.041 0.039 0.155 0.057 0.048 0.062 0.061 0.105 0.008 0.075 0.059 0.048 0.019 0.009 0.010 0.055 0.062 0.087 
121 QAc-W-0056    (0)   14 :  0.045 0.036 0.376 0.017 0.036 0.063 0.054 0.007 0.010 0.054 0.069 0.015 0.011 0.044 0.063 0.048 0.044 0.008 
122 QAc-W-0057    (0)   14 :  0.027 0.026 0.531 0.068 0.023 0.029 0.029 0.009 0.025 0.029 0.028 0.076 0.014 0.006 0.017 0.024 0.026 0.010 
123 QAc-W-0060    (0)   14 :  0.008 0.007 0.005 0.756 0.007 0.007 0.008 0.100 0.004 0.008 0.007 0.006 0.008 0.003 0.020 0.007 0.008 0.034 
124 QAc-W-0061    (0)   14 :  0.035 0.028 0.018 0.549 0.022 0.027 0.028 0.066 0.011 0.031 0.029 0.014 0.042 0.011 0.027 0.027 0.029 0.006 
125 QAc-W-0062    (0)   14 :  0.005 0.005 0.005 0.814 0.004 0.004 0.005 0.108 0.005 0.005 0.004 0.004 0.006 0.003 0.004 0.004 0.005 0.010 
126 QAc-W-0063    (0)   14 :  0.012 0.012 0.006 0.686 0.011 0.015 0.012 0.106 0.021 0.013 0.012 0.007 0.010 0.017 0.007 0.013 0.014 0.028 
127 QAc-W-0064    (0)   14 :  0.008 0.008 0.007 0.761 0.007 0.008 0.008 0.114 0.007 0.008 0.008 0.005 0.009 0.011 0.006 0.008 0.009 0.005 
128 QAc-W-0065    (0)   14 :  0.015 0.015 0.030 0.662 0.017 0.016 0.019 0.088 0.010 0.017 0.017 0.008 0.020 0.008 0.014 0.019 0.017 0.007 
129 QAc-W-0066    (0)   14 :  0.003 0.003 0.003 0.005 0.004 0.003 0.003 0.941 0.005 0.003 0.003 0.003 0.003 0.003 0.004 0.003 0.003 0.003 
130 QAc-W-0072    (0)   14 :  0.026 0.019 0.052 0.604 0.016 0.016 0.016 0.046 0.010 0.017 0.015 0.006 0.097 0.015 0.005 0.015 0.018 0.005 
131 QAc-W-0073    (0)   14 :  0.014 0.014 0.011 0.720 0.017 0.014 0.013 0.087 0.009 0.015 0.014 0.014 0.009 0.007 0.008 0.013 0.013 0.008 
132 QAc-W-0077    (0)   14 :  0.007 0.006 0.008 0.607 0.006 0.007 0.006 0.297 0.004 0.006 0.006 0.008 0.005 0.005 0.006 0.006 0.006 0.004 
133 QAc-W-0078    (0)   15 :  0.031 0.025 0.008 0.011 0.024 0.035 0.036 0.029 0.604 0.035 0.031 0.005 0.017 0.013 0.021 0.028 0.032 0.015 
134 QAc-W-0079    (6)   15 :  0.006 0.007 0.005 0.004 0.007 0.006 0.006 0.010 0.893 0.006 0.006 0.007 0.007 0.005 0.007 0.007 0.006 0.003 
135 QAc-W-0081    (0)   15 :  0.007 0.008 0.005 0.008 0.007 0.006 0.007 0.004 0.889 0.006 0.008 0.005 0.005 0.009 0.005 0.006 0.006 0.010 
136 QAc-W-0082    (0)   15 :  0.006 0.007 0.493 0.005 0.006 0.006 0.006 0.005 0.412 0.006 0.006 0.012 0.005 0.003 0.006 0.007 0.007 0.003 
137 QAc-W-0083    (0)   15 :  0.009 0.008 0.013 0.030 0.009 0.009 0.009 0.009 0.822 0.009 0.009 0.008 0.013 0.007 0.007 0.010 0.009 0.009 
138 QAc-W-0086    (0)   15 :  0.009 0.009 0.015 0.005 0.008 0.008 0.008 0.014 0.859 0.008 0.008 0.006 0.008 0.007 0.007 0.008 0.008 0.004 
139 QAc-W-0087    (0)   15 :  0.006 0.006 0.005 0.003 0.006 0.006 0.006 0.005 0.903 0.006 0.006 0.008 0.008 0.004 0.005 0.006 0.006 0.003 
140 QAc-W-0088    (0)   15 :  0.014 0.015 0.009 0.007 0.014 0.018 0.017 0.006 0.795 0.017 0.016 0.010 0.007 0.007 0.011 0.014 0.018 0.005 
141 QAc-W-0092    (0)   15 :  0.022 0.029 0.006 0.007 0.039 0.025 0.033 0.010 0.562 0.027 0.033 0.017 0.011 0.023 0.085 0.026 0.026 0.019 
142 QAc-W-0093    (0)   15 :  0.025 0.027 0.015 0.008 0.023 0.023 0.029 0.003 0.662 0.024 0.026 0.011 0.015 0.026 0.018 0.025 0.030 0.010 
143 QAc-W-0094    (0)   15 :  0.031 0.040 0.021 0.056 0.035 0.046 0.042 0.009 0.214 0.039 0.041 0.018 0.010 0.049 0.009 0.053 0.043 0.246 
144 QAc-W-0097    (0)   15 :  0.022 0.025 0.009 0.009 0.031 0.027 0.031 0.006 0.603 0.028 0.032 0.012 0.007 0.024 0.059 0.029 0.029 0.015 
145 QAc-W-0099    (0)   15 :  0.037 0.042 0.013 0.009 0.034 0.046 0.040 0.005 0.557 0.042 0.034 0.015 0.021 0.004 0.009 0.037 0.038 0.016 
146 QAc-W-0107    (0)   15 :  0.010 0.008 0.008 0.028 0.009 0.009 0.010 0.013 0.839 0.009 0.010 0.004 0.007 0.006 0.005 0.008 0.009 0.007 
147 QAc-W-0115    (0)   16 :  0.033 0.039 0.005 0.008 0.043 0.012 0.014 0.005 0.009 0.014 0.012 0.004 0.734 0.011 0.020 0.016 0.015 0.006 
148 QAc-W-0116    (0)   16 :  0.136 0.075 0.011 0.010 0.038 0.031 0.033 0.003 0.007 0.033 0.036 0.021 0.468 0.007 0.018 0.030 0.030 0.013 
149 QAc-W-0117    (0)   16 :  0.196 0.074 0.006 0.005 0.015 0.012 0.013 0.004 0.004 0.011 0.011 0.011 0.593 0.005 0.008 0.015 0.013 0.004 
150 QAc-W-0118    (0)   16 :  0.076 0.049 0.009 0.020 0.050 0.019 0.017 0.039 0.022 0.018 0.019 0.008 0.601 0.008 0.006 0.017 0.016 0.006 
151 QAc-W-0119    (0)   16 :  0.198 0.093 0.014 0.006 0.018 0.022 0.019 0.014 0.007 0.022 0.022 0.007 0.497 0.005 0.007 0.022 0.020 0.007 
152 QAc-W-0120    (0)   16 :  0.117 0.059 0.007 0.014 0.033 0.039 0.043 0.018 0.010 0.039 0.042 0.012 0.474 0.011 0.008 0.034 0.035 0.005 
153 QAc-W-0121    (0)   16 :  0.196 0.063 0.030 0.010 0.016 0.015 0.014 0.068 0.004 0.017 0.019 0.007 0.498 0.006 0.006 0.014 0.014 0.003 
154 QAc-W-0122    (0)   16 :  0.081 0.056 0.006 0.012 0.115 0.039 0.036 0.004 0.006 0.046 0.047 0.010 0.422 0.017 0.006 0.047 0.047 0.004 
155 QAc-W-0123    (6)   16 :  0.106 0.060 0.008 0.011 0.049 0.027 0.028 0.007 0.011 0.030 0.027 0.009 0.526 0.004 0.014 0.036 0.031 0.016 
156 QAc-W-0124    (0)   16 :  0.032 0.038 0.006 0.100 0.085 0.021 0.020 0.012 0.068 0.026 0.020 0.004 0.459 0.016 0.039 0.023 0.025 0.007 
157 QAc-W-0125    (0)   16 :  0.144 0.081 0.007 0.006 0.017 0.015 0.014 0.008 0.021 0.014 0.013 0.009 0.593 0.008 0.011 0.017 0.014 0.008 
158 QAc-W-0132    (6)   16 :  0.041 0.043 0.009 0.028 0.060 0.030 0.028 0.041 0.031 0.031 0.028 0.005 0.493 0.017 0.035 0.027 0.035 0.018 
159 QAc-W-0134    (0)   16 :  0.177 0.069 0.004 0.007 0.008 0.008 0.007 0.005 0.007 0.007 0.007 0.006 0.657 0.005 0.007 0.007 0.007 0.006 
160 QAc-W-0135    (0)   16 :  0.039 0.038 0.005 0.028 0.065 0.020 0.022 0.016 0.008 0.025 0.024 0.007 0.537 0.100 0.022 0.021 0.020 0.004 
161 QAc-W-0136    (0)   16 :  0.091 0.065 0.005 0.006 0.013 0.011 0.008 0.003 0.005 0.009 0.010 0.005 0.733 0.005 0.006 0.008 0.011 0.007 
162 QAc-W-0138    (0)   16 :  0.114 0.073 0.005 0.006 0.012 0.012 0.009 0.005 0.003 0.010 0.010 0.004 0.697 0.008 0.005 0.010 0.011 0.006 
163 QAc-W-0140    (0)   16 :  0.193 0.083 0.007 0.007 0.030 0.018 0.017 0.005 0.006 0.017 0.022 0.020 0.499 0.007 0.016 0.027 0.021 0.004 
164 QAc-W-0141    (6)   16 :  0.083 0.127 0.013 0.014 0.087 0.076 0.071 0.024 0.008 0.070 0.064 0.017 0.066 0.017 0.044 0.123 0.091 0.007 
165 QAc-W-0142    (0)   16 :  0.192 0.067 0.012 0.014 0.013 0.007 0.008 0.012 0.005 0.008 0.007 0.005 0.622 0.004 0.004 0.008 0.008 0.004 
166 QAc-W-0143    (0)   16 :  0.128 0.062 0.009 0.011 0.027 0.014 0.016 0.003 0.032 0.016 0.017 0.012 0.606 0.008 0.005 0.011 0.017 0.006 
167 QAc-W-0145    (0)   16 :  0.034 0.031 0.005 0.007 0.068 0.011 0.010 0.003 0.003 0.019 0.015 0.006 0.753 0.004 0.006 0.011 0.011 0.004 
168 QAc-W-0148    (0)   16 :  0.053 0.047 0.005 0.008 0.028 0.008 0.007 0.004 0.004 0.008 0.007 0.005 0.775 0.006 0.012 0.008 0.008 0.007 
169 QAc-W-0149    (0)   16 :  0.103 0.080 0.009 0.019 0.136 0.068 0.052 0.005 0.010 0.046 0.062 0.015 0.217 0.013 0.007 0.058 0.068 0.032 
170 QAc-W-0150    (0)   16 :  0.080 0.076 0.009 0.013 0.109 0.046 0.037 0.005 0.025 0.049 0.044 0.007 0.256 0.085 0.033 0.048 0.058 0.021 
171 QAc-W-0151    (0)   16 :  0.034 0.041 0.008 0.008 0.049 0.017 0.017 0.004 0.011 0.022 0.017 0.006 0.667 0.010 0.045 0.018 0.019 0.006 
172 QAc-W-0152    (0)   16 :  0.023 0.025 0.012 0.029 0.067 0.009 0.010 0.007 0.005 0.014 0.009 0.012 0.739 0.005 0.008 0.010 0.010 0.005 
173 QAc-W-0153    (0)   16 :  0.070 0.137 0.005 0.030 0.099 0.067 0.081 0.007 0.024 0.090 0.089 0.005 0.016 0.005 0.030 0.141 0.102 0.004 
174 QAc-W-0154    (0)   16 :  0.118 0.073 0.006 0.008 0.024 0.031 0.033 0.003 0.006 0.029 0.029 0.005 0.524 0.043 0.008 0.030 0.027 0.004 
175 QAc-W-0157    (0)   16 :  0.157 0.076 0.010 0.021 0.027 0.041 0.038 0.012 0.005 0.043 0.043 0.012 0.389 0.005 0.019 0.035 0.038 0.028 
176 QAc-W-0158    (0)   16 :  0.059 0.063 0.006 0.010 0.056 0.026 0.021 0.023 0.029 0.021 0.028 0.006 0.502 0.041 0.054 0.025 0.024 0.008 
177 QAc-W-0159    (0)   16 :  0.205 0.066 0.008 0.004 0.011 0.009 0.009 0.004 0.008 0.009 0.010 0.006 0.609 0.007 0.007 0.010 0.009 0.008 
178 QAc-W-0160    (0)   16 :  0.100 0.070 0.005 0.009 0.029 0.033 0.033 0.004 0.009 0.031 0.034 0.005 0.529 0.025 0.018 0.033 0.029 0.004 
179 QAc-W-0162    (0)   16 :  0.094 0.050 0.036 0.082 0.016 0.018 0.017 0.007 0.007 0.021 0.018 0.025 0.551 0.004 0.004 0.018 0.016 0.016 
180 QAc-W-0163    (0)   16 :  0.148 0.059 0.115 0.013 0.024 0.030 0.035 0.008 0.005 0.031 0.032 0.038 0.385 0.006 0.008 0.023 0.029 0.010 
181 QAc-W-0164    (0)   16 :  0.066 0.048 0.019 0.071 0.048 0.036 0.034 0.011 0.011 0.032 0.029 0.012 0.495 0.007 0.007 0.027 0.039 0.009 
182 QAc-W-0167    (0)   17 :  0.069 0.115 0.012 0.017 0.104 0.082 0.118 0.006 0.019 0.083 0.100 0.009 0.009 0.006 0.006 0.144 0.097 0.006 
183 QAc-W-0168    (0)   17 :  0.090 0.073 0.011 0.030 0.063 0.085 0.096 0.044 0.013 0.100 0.099 0.016 0.081 0.009 0.017 0.091 0.077 0.007 
184 QAc-W-0169    (0)   17 :  0.085 0.059 0.045 0.016 0.059 0.132 0.128 0.011 0.004 0.119 0.103 0.013 0.007 0.017 0.014 0.093 0.091 0.004 
185 QAc-W-0170    (0)   17 :  0.065 0.077 0.007 0.017 0.090 0.115 0.119 0.004 0.007 0.121 0.124 0.008 0.014 0.010 0.050 0.079 0.088 0.005 
186 QAc-W-0172    (0)   17 :  0.083 0.073 0.006 0.012 0.063 0.144 0.128 0.002 0.010 0.098 0.129 0.005 0.011 0.008 0.010 0.086 0.116 0.015 
187 QAc-W-0173    (0)   17 :  0.074 0.123 0.007 0.016 0.112 0.075 0.106 0.004 0.006 0.073 0.076 0.006 0.017 0.010 0.014 0.178 0.099 0.005 
188 QAc-W-0174    (0)   17 :  0.068 0.118 0.010 0.017 0.102 0.081 0.110 0.011 0.006 0.088 0.086 0.010 0.009 0.005 0.009 0.160 0.106 0.004 


Estimated Allele Frequencies in each cluster
First column gives estimated ancestral frequencies


Locus 1 : 
18 alleles
0.0% missing data
 210   (0.112) 0.138 0.123 0.083 0.032 0.109 0.112 0.108 0.007 0.150 0.111 0.107 0.263 0.172 0.016 0.072 0.114 0.116 0.028 
 212   (0.120) 0.098 0.120 0.091 0.028 0.137 0.126 0.123 0.182 0.274 0.129 0.119 0.033 0.103 0.046 0.414 0.126 0.127 0.024 
 202   (0.060) 0.044 0.041 0.021 0.013 0.039 0.059 0.058 0.004 0.143 0.056 0.054 0.017 0.008 0.063 0.036 0.051 0.057 0.313 
 226   (0.041) 0.029 0.025 0.036 0.121 0.023 0.036 0.036 0.242 0.013 0.037 0.035 0.022 0.005 0.004 0.004 0.030 0.034 0.224 
 216   (0.077) 0.085 0.070 0.036 0.058 0.054 0.074 0.072 0.007 0.169 0.075 0.072 0.049 0.126 0.018 0.010 0.066 0.070 0.174 
 200   (0.243) 0.255 0.309 0.142 0.135 0.359 0.263 0.263 0.491 0.088 0.257 0.287 0.195 0.153 0.527 0.368 0.294 0.268 0.117 
 224   (0.043) 0.037 0.041 0.020 0.241 0.046 0.042 0.043 0.020 0.011 0.043 0.046 0.010 0.007 0.008 0.020 0.040 0.044 0.010 
 218   (0.054) 0.072 0.051 0.045 0.023 0.044 0.052 0.050 0.004 0.106 0.051 0.048 0.013 0.144 0.083 0.011 0.046 0.052 0.010 
 228   (0.013) 0.008 0.006 0.003 0.117 0.006 0.011 0.011 0.009 0.001 0.011 0.010 0.003 0.002 0.001 0.001 0.008 0.009 0.002 
 214   (0.059) 0.046 0.043 0.457 0.195 0.043 0.056 0.057 0.024 0.007 0.056 0.055 0.178 0.024 0.006 0.007 0.051 0.054 0.038 
 208   (0.061) 0.052 0.074 0.025 0.013 0.063 0.062 0.069 0.004 0.023 0.066 0.062 0.070 0.009 0.211 0.041 0.082 0.068 0.017 
 220   (0.029) 0.027 0.025 0.010 0.006 0.022 0.028 0.032 0.002 0.003 0.031 0.030 0.007 0.008 0.003 0.006 0.028 0.029 0.005 
 196   (0.012) 0.008 0.007 0.004 0.002 0.006 0.011 0.010 0.001 0.002 0.010 0.010 0.003 0.002 0.001 0.001 0.008 0.009 0.002 
 238   (0.010) 0.008 0.007 0.003 0.002 0.007 0.010 0.011 0.001 0.001 0.010 0.010 0.002 0.002 0.001 0.001 0.009 0.009 0.002 
 206   (0.020) 0.018 0.015 0.007 0.004 0.011 0.018 0.017 0.001 0.003 0.018 0.016 0.059 0.023 0.003 0.002 0.015 0.016 0.004 
 190   (0.011) 0.007 0.006 0.003 0.002 0.006 0.010 0.010 0.001 0.001 0.009 0.009 0.002 0.001 0.001 0.001 0.008 0.009 0.002 
 222   (0.023) 0.062 0.030 0.007 0.006 0.021 0.021 0.020 0.002 0.003 0.021 0.020 0.006 0.211 0.006 0.003 0.017 0.019 0.024 
 232   (0.012) 0.007 0.006 0.005 0.002 0.006 0.011 0.010 0.001 0.001 0.011 0.010 0.066 0.001 0.001 0.001 0.008 0.009 0.003 

Locus 2 : 
15 alleles
2.1% missing data
 171   (0.210) 0.180 0.218 0.236 0.063 0.234 0.221 0.213 0.017 0.178 0.212 0.225 0.470 0.064 0.316 0.434 0.216 0.214 0.237 
 175   (0.098) 0.081 0.077 0.269 0.034 0.077 0.093 0.092 0.025 0.262 0.094 0.093 0.027 0.025 0.043 0.054 0.084 0.090 0.205 
 185   (0.052) 0.092 0.058 0.020 0.020 0.056 0.052 0.049 0.005 0.082 0.053 0.050 0.013 0.208 0.008 0.006 0.047 0.052 0.012 
 179   (0.079) 0.093 0.079 0.030 0.453 0.104 0.078 0.079 0.070 0.010 0.081 0.076 0.019 0.312 0.009 0.010 0.078 0.080 0.248 
 181   (0.094) 0.074 0.092 0.076 0.049 0.105 0.094 0.096 0.530 0.349 0.093 0.100 0.123 0.013 0.030 0.123 0.095 0.092 0.033 
 173   (0.185) 0.206 0.223 0.206 0.147 0.200 0.186 0.185 0.318 0.040 0.183 0.190 0.170 0.178 0.185 0.214 0.189 0.191 0.174 
 177   (0.034) 0.035 0.027 0.037 0.169 0.025 0.033 0.031 0.014 0.004 0.031 0.030 0.009 0.086 0.004 0.004 0.028 0.030 0.006 
 187   (0.092) 0.084 0.088 0.070 0.032 0.083 0.092 0.105 0.009 0.012 0.101 0.093 0.044 0.022 0.103 0.122 0.109 0.101 0.018 
 183   (0.062) 0.087 0.075 0.024 0.013 0.054 0.063 0.063 0.006 0.021 0.063 0.059 0.085 0.067 0.007 0.008 0.076 0.067 0.016 
 189   (0.031) 0.025 0.024 0.011 0.006 0.024 0.030 0.030 0.003 0.004 0.030 0.028 0.007 0.016 0.290 0.016 0.028 0.028 0.005 
 191   (0.020) 0.013 0.014 0.009 0.005 0.012 0.018 0.018 0.001 0.035 0.018 0.017 0.023 0.003 0.003 0.002 0.018 0.017 0.038 
 163   (0.011) 0.007 0.005 0.003 0.002 0.006 0.010 0.010 0.001 0.001 0.010 0.009 0.002 0.001 0.001 0.001 0.007 0.009 0.002 
 165   (0.010) 0.007 0.005 0.003 0.002 0.005 0.009 0.009 0.001 0.001 0.009 0.008 0.002 0.001 0.001 0.001 0.007 0.008 0.001 
 193   (0.011) 0.008 0.007 0.003 0.002 0.007 0.010 0.011 0.001 0.001 0.012 0.011 0.002 0.001 0.001 0.001 0.009 0.011 0.002 
 167   (0.012) 0.008 0.007 0.003 0.003 0.007 0.011 0.011 0.001 0.001 0.011 0.011 0.002 0.002 0.001 0.001 0.009 0.011 0.002 

Locus 3 : 
4 alleles
1.1% missing data
 206   (0.892) 0.918 0.919 0.943 0.885 0.925 0.897 0.896 0.984 0.977 0.898 0.902 0.903 0.983 0.683 0.984 0.901 0.897 0.897 
 208   (0.056) 0.042 0.038 0.041 0.052 0.038 0.053 0.054 0.006 0.007 0.053 0.050 0.066 0.009 0.312 0.009 0.049 0.053 0.011 
 204   (0.037) 0.028 0.026 0.012 0.059 0.023 0.036 0.035 0.010 0.014 0.034 0.033 0.028 0.006 0.004 0.005 0.031 0.034 0.090 
 212   (0.014) 0.013 0.018 0.004 0.003 0.014 0.014 0.015 0.001 0.002 0.015 0.015 0.003 0.002 0.001 0.002 0.019 0.016 0.002 

Locus 4 : 
15 alleles
1.1% missing data
 165   (0.079) 0.063 0.095 0.069 0.292 0.086 0.084 0.082 0.025 0.473 0.077 0.080 0.020 0.012 0.013 0.030 0.097 0.087 0.047 
 163   (0.206) 0.240 0.240 0.169 0.094 0.237 0.222 0.226 0.017 0.030 0.215 0.219 0.283 0.270 0.083 0.058 0.244 0.229 0.076 
 167   (0.133) 0.150 0.133 0.155 0.031 0.123 0.132 0.133 0.009 0.063 0.134 0.132 0.099 0.120 0.244 0.198 0.126 0.132 0.495 
 161   (0.371) 0.385 0.373 0.472 0.540 0.407 0.360 0.363 0.936 0.126 0.369 0.376 0.435 0.522 0.471 0.678 0.345 0.354 0.324 
 153   (0.014) 0.012 0.016 0.005 0.003 0.018 0.013 0.013 0.001 0.002 0.013 0.015 0.003 0.002 0.009 0.003 0.013 0.013 0.003 
 173   (0.033) 0.023 0.021 0.064 0.007 0.019 0.030 0.030 0.002 0.264 0.032 0.030 0.023 0.005 0.003 0.004 0.025 0.029 0.006 
 171   (0.036) 0.029 0.034 0.020 0.008 0.029 0.039 0.037 0.003 0.005 0.038 0.035 0.039 0.006 0.004 0.004 0.047 0.042 0.028 
 179   (0.010) 0.007 0.006 0.003 0.002 0.006 0.009 0.010 0.001 0.001 0.010 0.009 0.003 0.001 0.001 0.003 0.008 0.009 0.001 
 157   (0.019) 0.013 0.012 0.007 0.004 0.011 0.017 0.017 0.001 0.003 0.017 0.016 0.014 0.003 0.157 0.010 0.014 0.016 0.003 
 149   (0.012) 0.007 0.007 0.006 0.003 0.006 0.011 0.010 0.001 0.002 0.010 0.010 0.026 0.002 0.001 0.001 0.008 0.009 0.002 
 177   (0.020) 0.017 0.019 0.007 0.004 0.017 0.021 0.019 0.001 0.011 0.021 0.019 0.005 0.003 0.002 0.003 0.021 0.021 0.004 
 155   (0.016) 0.012 0.010 0.006 0.003 0.010 0.015 0.015 0.001 0.002 0.015 0.015 0.004 0.003 0.005 0.002 0.013 0.015 0.003 
 175   (0.009) 0.007 0.005 0.003 0.002 0.005 0.008 0.008 0.001 0.001 0.008 0.008 0.007 0.001 0.001 0.001 0.007 0.008 0.001 
 169   (0.020) 0.015 0.013 0.008 0.004 0.013 0.019 0.019 0.001 0.017 0.021 0.020 0.034 0.003 0.002 0.002 0.016 0.019 0.004 
 159   (0.021) 0.019 0.015 0.007 0.004 0.013 0.020 0.019 0.001 0.003 0.019 0.018 0.005 0.047 0.002 0.002 0.016 0.018 0.004 

Locus 5 : 
16 alleles
0.0% missing data
 148   (0.118) 0.100 0.110 0.036 0.056 0.097 0.120 0.116 0.343 0.285 0.116 0.109 0.092 0.049 0.106 0.199 0.122 0.122 0.028 
 160   (0.025) 0.017 0.015 0.006 0.005 0.016 0.022 0.022 0.002 0.059 0.022 0.022 0.026 0.004 0.003 0.004 0.018 0.020 0.062 
 154   (0.074) 0.108 0.079 0.049 0.158 0.073 0.077 0.074 0.015 0.026 0.081 0.073 0.021 0.212 0.017 0.009 0.072 0.078 0.053 
 150   (0.059) 0.047 0.052 0.417 0.015 0.056 0.059 0.057 0.012 0.009 0.058 0.058 0.073 0.009 0.060 0.027 0.056 0.056 0.013 
 138   (0.123) 0.140 0.134 0.054 0.182 0.115 0.117 0.121 0.017 0.148 0.119 0.119 0.087 0.249 0.023 0.054 0.116 0.118 0.310 
 166   (0.030) 0.019 0.017 0.010 0.006 0.017 0.027 0.027 0.002 0.013 0.026 0.025 0.215 0.004 0.032 0.005 0.020 0.023 0.269 
 146   (0.100) 0.077 0.081 0.035 0.213 0.077 0.095 0.099 0.334 0.164 0.095 0.093 0.096 0.021 0.032 0.027 0.095 0.098 0.076 
 164   (0.015) 0.010 0.009 0.004 0.003 0.009 0.015 0.013 0.001 0.002 0.014 0.013 0.004 0.002 0.002 0.002 0.012 0.013 0.038 
 142   (0.018) 0.019 0.013 0.207 0.004 0.009 0.016 0.016 0.006 0.002 0.015 0.014 0.006 0.012 0.002 0.002 0.011 0.013 0.003 
 144   (0.155) 0.164 0.178 0.077 0.285 0.190 0.156 0.160 0.237 0.028 0.161 0.169 0.245 0.148 0.067 0.393 0.166 0.155 0.055 
 140   (0.087) 0.112 0.095 0.023 0.020 0.100 0.086 0.092 0.007 0.020 0.092 0.091 0.021 0.216 0.189 0.244 0.093 0.089 0.017 
 158   (0.043) 0.047 0.056 0.015 0.009 0.070 0.045 0.043 0.003 0.088 0.043 0.055 0.029 0.018 0.008 0.010 0.044 0.043 0.029 
 162   (0.029) 0.022 0.025 0.021 0.006 0.022 0.027 0.031 0.002 0.129 0.028 0.028 0.008 0.004 0.003 0.005 0.026 0.027 0.005 
 152   (0.088) 0.089 0.105 0.032 0.031 0.123 0.103 0.092 0.016 0.012 0.095 0.096 0.033 0.047 0.452 0.015 0.112 0.108 0.018 
 134   (0.017) 0.014 0.016 0.008 0.003 0.012 0.017 0.016 0.001 0.002 0.017 0.016 0.039 0.002 0.002 0.002 0.020 0.017 0.003 
 156   (0.020) 0.015 0.015 0.006 0.004 0.015 0.020 0.020 0.001 0.013 0.020 0.020 0.005 0.003 0.002 0.003 0.017 0.019 0.021 

Locus 6 : 
12 alleles
0.0% missing data
 225   (0.043) 0.038 0.033 0.029 0.010 0.029 0.041 0.040 0.274 0.122 0.041 0.038 0.010 0.015 0.010 0.005 0.039 0.041 0.007 
 239   (0.103) 0.084 0.104 0.050 0.212 0.092 0.099 0.101 0.420 0.028 0.104 0.101 0.047 0.022 0.014 0.106 0.100 0.102 0.235 
 229   (0.015) 0.010 0.009 0.004 0.003 0.009 0.013 0.013 0.001 0.298 0.013 0.013 0.004 0.002 0.001 0.002 0.010 0.012 0.002 
 235   (0.299) 0.325 0.318 0.533 0.310 0.343 0.303 0.302 0.231 0.373 0.304 0.305 0.132 0.521 0.269 0.419 0.305 0.305 0.084 
 237   (0.214) 0.208 0.221 0.149 0.262 0.221 0.220 0.225 0.039 0.037 0.223 0.217 0.170 0.167 0.193 0.275 0.238 0.228 0.064 
 233   (0.098) 0.075 0.094 0.077 0.152 0.109 0.094 0.095 0.019 0.059 0.096 0.101 0.094 0.021 0.475 0.161 0.089 0.091 0.261 
 227   (0.030) 0.020 0.023 0.031 0.006 0.016 0.027 0.027 0.002 0.004 0.027 0.025 0.425 0.004 0.003 0.003 0.024 0.024 0.290 
 245   (0.069) 0.110 0.083 0.029 0.014 0.085 0.071 0.069 0.005 0.009 0.069 0.080 0.021 0.118 0.019 0.013 0.074 0.070 0.020 
 241   (0.039) 0.031 0.027 0.029 0.011 0.027 0.037 0.037 0.003 0.060 0.039 0.035 0.035 0.023 0.007 0.005 0.032 0.036 0.014 
 231   (0.050) 0.049 0.052 0.049 0.011 0.040 0.057 0.054 0.003 0.006 0.050 0.048 0.023 0.050 0.005 0.006 0.059 0.057 0.016 
 243   (0.029) 0.044 0.030 0.015 0.006 0.022 0.026 0.026 0.002 0.004 0.026 0.027 0.037 0.055 0.003 0.004 0.023 0.025 0.005 
 251   (0.011) 0.008 0.006 0.003 0.002 0.006 0.010 0.010 0.001 0.001 0.010 0.010 0.002 0.001 0.001 0.001 0.008 0.009 0.002 

Locus 7 : 
5 alleles
0.0% missing data
 118   (0.921) 0.945 0.940 0.591 0.984 0.940 0.924 0.925 0.994 0.990 0.928 0.928 0.980 0.989 0.920 0.941 0.933 0.930 0.663 
 124   (0.037) 0.026 0.029 0.011 0.007 0.033 0.037 0.035 0.002 0.005 0.033 0.035 0.008 0.005 0.075 0.055 0.033 0.034 0.329 
 116   (0.013) 0.008 0.008 0.389 0.002 0.006 0.011 0.011 0.002 0.002 0.011 0.010 0.006 0.002 0.001 0.001 0.008 0.009 0.002 
 114   (0.017) 0.013 0.016 0.005 0.003 0.015 0.017 0.018 0.001 0.002 0.016 0.017 0.004 0.003 0.002 0.002 0.017 0.017 0.004 
 122   (0.012) 0.008 0.007 0.004 0.002 0.007 0.011 0.011 0.001 0.001 0.011 0.010 0.003 0.002 0.001 0.001 0.009 0.010 0.002 

Locus 8 : 
5 alleles
0.0% missing data
 135   (0.053) 0.050 0.079 0.017 0.011 0.081 0.069 0.059 0.010 0.022 0.055 0.060 0.012 0.025 0.012 0.026 0.080 0.066 0.010 
 139   (0.758) 0.725 0.752 0.554 0.934 0.787 0.756 0.767 0.924 0.819 0.767 0.769 0.658 0.713 0.937 0.919 0.761 0.764 0.951 
 137   (0.142) 0.178 0.136 0.411 0.044 0.104 0.132 0.131 0.063 0.154 0.134 0.130 0.318 0.204 0.046 0.049 0.122 0.127 0.032 
 143   (0.034) 0.037 0.025 0.014 0.007 0.021 0.032 0.032 0.002 0.004 0.032 0.030 0.009 0.028 0.003 0.004 0.028 0.032 0.006 
 141   (0.014) 0.010 0.009 0.003 0.003 0.008 0.012 0.012 0.001 0.002 0.012 0.011 0.003 0.030 0.002 0.002 0.010 0.011 0.002 

Locus 9 : 
11 alleles
0.0% missing data
 116   (0.294) 0.310 0.353 0.199 0.187 0.343 0.310 0.300 0.354 0.425 0.301 0.305 0.117 0.296 0.516 0.275 0.327 0.314 0.110 
 112   (0.088) 0.109 0.083 0.031 0.349 0.098 0.086 0.084 0.035 0.057 0.090 0.085 0.021 0.180 0.034 0.077 0.080 0.087 0.016 
 122   (0.063) 0.048 0.044 0.147 0.272 0.043 0.061 0.057 0.427 0.007 0.056 0.056 0.275 0.013 0.009 0.008 0.047 0.052 0.295 
 114   (0.216) 0.241 0.231 0.077 0.065 0.216 0.217 0.226 0.021 0.079 0.220 0.222 0.229 0.296 0.364 0.348 0.232 0.222 0.052 
 120   (0.041) 0.033 0.027 0.012 0.024 0.026 0.037 0.037 0.003 0.005 0.037 0.036 0.011 0.017 0.004 0.152 0.030 0.035 0.215 
 130   (0.039) 0.030 0.041 0.011 0.008 0.047 0.036 0.037 0.003 0.005 0.035 0.044 0.079 0.006 0.006 0.037 0.033 0.035 0.173 
 118   (0.126) 0.120 0.119 0.053 0.031 0.134 0.129 0.131 0.018 0.404 0.129 0.128 0.051 0.153 0.038 0.074 0.130 0.132 0.116 
 124   (0.060) 0.053 0.046 0.222 0.050 0.042 0.056 0.058 0.133 0.008 0.056 0.055 0.072 0.029 0.006 0.007 0.050 0.053 0.010 
 126   (0.038) 0.027 0.030 0.237 0.008 0.024 0.035 0.035 0.003 0.006 0.037 0.034 0.138 0.005 0.008 0.018 0.035 0.034 0.009 
 108   (0.014) 0.013 0.010 0.004 0.003 0.011 0.013 0.014 0.001 0.002 0.018 0.016 0.003 0.002 0.001 0.002 0.013 0.016 0.002 
 128   (0.020) 0.017 0.018 0.006 0.004 0.017 0.020 0.022 0.002 0.002 0.020 0.020 0.005 0.004 0.014 0.002 0.024 0.020 0.003 

Locus 10 : 
4 alleles
0.0% missing data
 232   (0.895) 0.901 0.916 0.961 0.978 0.925 0.901 0.899 0.993 0.987 0.895 0.900 0.677 0.940 0.988 0.948 0.909 0.900 0.974 
 238   (0.079) 0.077 0.066 0.031 0.017 0.056 0.074 0.074 0.006 0.010 0.075 0.072 0.318 0.056 0.009 0.049 0.069 0.074 0.022 
 234   (0.015) 0.013 0.010 0.004 0.003 0.011 0.014 0.015 0.001 0.002 0.019 0.017 0.003 0.002 0.001 0.002 0.013 0.016 0.002 
 244   (0.012) 0.008 0.008 0.003 0.002 0.008 0.011 0.012 0.001 0.001 0.011 0.011 0.003 0.002 0.001 0.002 0.009 0.010 0.002 

Locus 11 : 
7 alleles
0.0% missing data
 165   (0.769) 0.815 0.817 0.542 0.797 0.809 0.774 0.771 0.769 0.919 0.771 0.777 0.895 0.916 0.928 0.772 0.787 0.776 0.932 
 167   (0.073) 0.057 0.046 0.369 0.170 0.045 0.067 0.065 0.220 0.056 0.067 0.063 0.020 0.027 0.009 0.012 0.055 0.065 0.022 
 161   (0.112) 0.093 0.110 0.076 0.024 0.115 0.116 0.121 0.008 0.020 0.117 0.118 0.075 0.017 0.058 0.210 0.124 0.120 0.039 
 155   (0.011) 0.008 0.006 0.003 0.002 0.006 0.010 0.010 0.001 0.001 0.010 0.010 0.003 0.002 0.001 0.001 0.008 0.009 0.002 
 173   (0.012) 0.009 0.007 0.003 0.002 0.007 0.011 0.011 0.001 0.001 0.013 0.012 0.003 0.002 0.001 0.001 0.009 0.011 0.002 
 163   (0.013) 0.010 0.008 0.004 0.003 0.012 0.011 0.011 0.001 0.001 0.011 0.011 0.003 0.036 0.001 0.001 0.008 0.009 0.002 
 171   (0.011) 0.008 0.006 0.003 0.002 0.006 0.011 0.010 0.001 0.001 0.010 0.010 0.002 0.002 0.001 0.001 0.008 0.010 0.002 

Locus 12 : 
8 alleles
0.0% missing data
 137   (0.523) 0.599 0.528 0.717 0.429 0.526 0.533 0.522 0.450 0.401 0.528 0.513 0.556 0.806 0.328 0.235 0.526 0.537 0.848 
 140   (0.153) 0.133 0.184 0.064 0.062 0.190 0.152 0.157 0.017 0.213 0.155 0.171 0.067 0.060 0.602 0.507 0.158 0.153 0.031 
 134   (0.249) 0.213 0.229 0.195 0.493 0.228 0.246 0.247 0.527 0.377 0.247 0.248 0.320 0.087 0.054 0.249 0.244 0.242 0.108 
 149   (0.012) 0.008 0.006 0.003 0.002 0.006 0.011 0.010 0.001 0.002 0.010 0.010 0.003 0.002 0.001 0.001 0.008 0.009 0.002 
 143   (0.015) 0.010 0.011 0.006 0.003 0.009 0.013 0.013 0.002 0.002 0.013 0.013 0.039 0.002 0.001 0.002 0.013 0.013 0.004 
 128   (0.011) 0.008 0.007 0.003 0.002 0.006 0.010 0.010 0.001 0.001 0.010 0.009 0.007 0.002 0.001 0.001 0.009 0.009 0.002 
 125   (0.018) 0.013 0.011 0.007 0.004 0.014 0.016 0.016 0.001 0.002 0.016 0.015 0.004 0.039 0.011 0.002 0.013 0.015 0.003 
 146   (0.020) 0.017 0.023 0.005 0.004 0.020 0.019 0.025 0.001 0.002 0.021 0.021 0.004 0.003 0.002 0.002 0.029 0.022 0.003 

Locus 13 : 
19 alleles
0.5% missing data
 206   (0.128) 0.109 0.106 0.114 0.040 0.105 0.123 0.123 0.044 0.418 0.122 0.117 0.064 0.163 0.266 0.174 0.112 0.122 0.219 
 210   (0.099) 0.082 0.102 0.046 0.045 0.125 0.099 0.097 0.388 0.284 0.102 0.107 0.026 0.031 0.172 0.149 0.096 0.094 0.018 
 190   (0.079) 0.104 0.084 0.040 0.021 0.069 0.079 0.078 0.006 0.010 0.078 0.077 0.018 0.094 0.082 0.010 0.084 0.082 0.029 
 202   (0.087) 0.078 0.102 0.203 0.022 0.106 0.099 0.088 0.008 0.016 0.093 0.091 0.269 0.016 0.031 0.012 0.106 0.096 0.533 
 214   (0.038) 0.028 0.027 0.013 0.134 0.028 0.037 0.036 0.250 0.005 0.035 0.033 0.010 0.006 0.063 0.019 0.034 0.035 0.007 
 212   (0.036) 0.129 0.064 0.020 0.008 0.040 0.033 0.032 0.173 0.004 0.034 0.032 0.008 0.394 0.004 0.004 0.027 0.030 0.006 
 192   (0.104) 0.102 0.131 0.053 0.024 0.150 0.108 0.116 0.007 0.044 0.110 0.128 0.028 0.036 0.087 0.274 0.117 0.113 0.058 
 204   (0.038) 0.039 0.032 0.015 0.055 0.035 0.037 0.036 0.020 0.005 0.036 0.036 0.014 0.016 0.017 0.010 0.034 0.037 0.016 
 184   (0.055) 0.053 0.045 0.019 0.011 0.059 0.051 0.051 0.003 0.095 0.054 0.051 0.012 0.115 0.017 0.021 0.048 0.054 0.010 
 216   (0.019) 0.015 0.024 0.006 0.004 0.022 0.018 0.021 0.001 0.002 0.017 0.019 0.004 0.003 0.015 0.276 0.016 0.018 0.003 
 208   (0.047) 0.042 0.053 0.016 0.010 0.049 0.048 0.046 0.015 0.006 0.045 0.050 0.010 0.046 0.199 0.018 0.047 0.047 0.010 
 198   (0.039) 0.034 0.048 0.013 0.009 0.044 0.047 0.049 0.003 0.005 0.044 0.043 0.008 0.006 0.004 0.004 0.062 0.051 0.018 
 194   (0.063) 0.046 0.046 0.330 0.540 0.042 0.060 0.060 0.044 0.029 0.059 0.057 0.199 0.013 0.019 0.007 0.054 0.057 0.019 
 186   (0.016) 0.011 0.009 0.009 0.043 0.008 0.015 0.015 0.017 0.002 0.015 0.014 0.004 0.002 0.002 0.002 0.011 0.013 0.003 
 188   (0.020) 0.015 0.015 0.008 0.004 0.012 0.019 0.019 0.001 0.002 0.019 0.018 0.031 0.003 0.004 0.004 0.017 0.017 0.003 
 200   (0.068) 0.059 0.060 0.069 0.018 0.055 0.066 0.066 0.016 0.064 0.067 0.064 0.278 0.032 0.011 0.008 0.067 0.066 0.035 
 196   (0.038) 0.035 0.036 0.020 0.009 0.033 0.038 0.043 0.002 0.005 0.040 0.037 0.009 0.021 0.004 0.004 0.047 0.042 0.007 
 220   (0.012) 0.008 0.007 0.003 0.003 0.007 0.011 0.011 0.001 0.001 0.011 0.010 0.004 0.002 0.001 0.001 0.009 0.010 0.005 
 180   (0.013) 0.012 0.009 0.004 0.003 0.011 0.012 0.014 0.001 0.001 0.018 0.015 0.003 0.002 0.001 0.001 0.012 0.015 0.002 

Locus 14 : 
8 alleles
1.1% missing data
 139   (0.075) 0.056 0.057 0.116 0.152 0.067 0.071 0.071 0.186 0.091 0.070 0.073 0.059 0.011 0.010 0.245 0.059 0.063 0.038 
 145   (0.064) 0.071 0.051 0.028 0.016 0.073 0.060 0.059 0.008 0.140 0.062 0.058 0.036 0.186 0.010 0.022 0.053 0.061 0.013 
 151   (0.304) 0.346 0.310 0.183 0.524 0.325 0.302 0.297 0.347 0.467 0.305 0.310 0.287 0.375 0.671 0.169 0.288 0.294 0.352 
 157   (0.356) 0.331 0.421 0.458 0.182 0.387 0.374 0.379 0.147 0.218 0.363 0.365 0.301 0.285 0.271 0.497 0.427 0.390 0.473 
 154   (0.100) 0.119 0.091 0.126 0.104 0.075 0.095 0.099 0.304 0.014 0.104 0.097 0.029 0.101 0.027 0.055 0.092 0.099 0.018 
 163   (0.041) 0.030 0.028 0.048 0.009 0.026 0.040 0.038 0.003 0.061 0.039 0.038 0.012 0.006 0.005 0.005 0.034 0.039 0.096 
 160   (0.031) 0.022 0.020 0.013 0.006 0.017 0.029 0.028 0.002 0.005 0.028 0.027 0.260 0.004 0.003 0.003 0.024 0.027 0.006 
 142   (0.030) 0.025 0.022 0.027 0.007 0.028 0.029 0.028 0.002 0.004 0.030 0.031 0.016 0.031 0.004 0.004 0.024 0.027 0.006 

Locus 15 : 
13 alleles
1.6% missing data
 256   (0.152) 0.148 0.125 0.203 0.126 0.102 0.143 0.141 0.073 0.165 0.142 0.137 0.157 0.117 0.171 0.158 0.124 0.138 0.124 
 262   (0.022) 0.014 0.011 0.174 0.005 0.011 0.020 0.019 0.001 0.275 0.019 0.018 0.008 0.003 0.002 0.002 0.014 0.017 0.003 
 246   (0.117) 0.109 0.149 0.105 0.025 0.139 0.124 0.128 0.008 0.179 0.120 0.125 0.100 0.030 0.089 0.132 0.142 0.130 0.023 
 258   (0.182) 0.195 0.223 0.191 0.043 0.259 0.200 0.188 0.014 0.025 0.192 0.211 0.163 0.163 0.236 0.286 0.204 0.201 0.537 
 254   (0.105) 0.087 0.089 0.069 0.311 0.085 0.104 0.101 0.171 0.013 0.104 0.096 0.070 0.076 0.163 0.027 0.108 0.104 0.184 
 250   (0.031) 0.028 0.021 0.016 0.071 0.018 0.029 0.028 0.619 0.004 0.030 0.027 0.010 0.016 0.003 0.003 0.024 0.026 0.008 
 242   (0.103) 0.116 0.109 0.068 0.147 0.115 0.103 0.115 0.077 0.185 0.108 0.105 0.060 0.192 0.011 0.012 0.120 0.109 0.023 
 252   (0.067) 0.058 0.063 0.054 0.046 0.067 0.066 0.066 0.008 0.109 0.070 0.065 0.021 0.037 0.027 0.026 0.067 0.066 0.014 
 248   (0.127) 0.156 0.131 0.084 0.207 0.132 0.122 0.122 0.023 0.023 0.126 0.131 0.380 0.306 0.038 0.332 0.108 0.118 0.069 
 260   (0.041) 0.031 0.034 0.017 0.009 0.036 0.040 0.040 0.003 0.005 0.039 0.038 0.019 0.006 0.254 0.015 0.039 0.040 0.007 
 264   (0.015) 0.012 0.014 0.004 0.003 0.014 0.015 0.018 0.001 0.002 0.015 0.014 0.003 0.002 0.001 0.002 0.020 0.018 0.002 
 244   (0.027) 0.038 0.025 0.012 0.005 0.016 0.025 0.024 0.002 0.014 0.024 0.024 0.007 0.048 0.003 0.003 0.021 0.023 0.005 
 276   (0.011) 0.007 0.006 0.003 0.002 0.006 0.010 0.010 0.001 0.001 0.010 0.009 0.002 0.001 0.001 0.001 0.008 0.009 0.002 

Values of parameters used in structure:
DATAFILE=G:\Shared drives\Emily_Schumacher\QUAC_analyses\QUAC_structure_wild_relate\QUAC_allpop_relate_red_12_15_21\project_data,	OUTFILE=G:\Shared drives\Emily_Schumacher\QUAC_analyses\QUAC_structure_wild_relate\QUAC_allpop_relate_red_12_15_21\50-100\Results\50-100_run_86,	NUMINDS=188,	NUMLOCI=15,	MISSING=-9,	LABEL=1,	POPDATA=1,	POPFLAG=0,	PHENOTYPE=0,	EXTRACOLS=0,	MAXPOPS=18,	BURNIN=50000,	NUMREPS=100000,	USEPOPINFO=0,	INFERALPHA=1,	INFERLAMBDA=0,	POPSPECIFICLAMBDA=0,	POPALPHAS=0,	COMPUTEPROB=1,	NOADMIX=0,	ADMBURNIN=2500,	UPDATEFREQ=1,	PRINTLIKES=0,	INTERMEDSAVE=0,	PRINTKLD=0,	PRINTNET=0,	PRINTLAMBDA=0,	ANCESTDIST=0,	NUMBOXES=1000,	ANCESTPINT=0.90000,	GENSBACK=2,	MIGRPRIOR=0.05000,	PRINTQHAT=0,	PRINTQSUM=0,	ALPHA=1.0000,	FREQSCORR=1,	FPRIORMEAN=0.0100,	FPRIORSD=0.0500,	ONEFST=0,	LAMBDA=1.0000,	UNIFPRIORALPHA=1,	ALPHAMAX=10.0000,	ALPHAPRIORA=1.0000,	ALPHAPRIORB=2.0000,	ALPHAPROPSD=0.0250,	STARTATPOPINFO=0,	RANDOMIZE=1,	LINKAGE=0,	METROFREQ=10,	REPORTHITRATE=0,	MARKOVPHASE=-1,	PHASED=0,	PLOIDY=2,	PHASEINFO=0	LOCPRIOR=0, 	LOCPRIORINIT=1.000000, 	LOCDATA=0, 	LOCISPOP=0, 	LOCPRIORSTEP=0.100000, 	MAXLOCPRIOR=20.000000, 	SEED=1639613668,	
[STRAT parameters]:    NUMSIMSTATS=1000,	PHENOTYPECOL=-9,	POOLFREQ=10,	LOCUSxONLY=0,	EMERROR=0.00100,	MISSINGPHENO=-9,	