

----------------------------------------------------
STRUCTURE by Pritchard, Stephens and Donnelly (2000)
     and Falush, Stephens and Pritchard (2003)
       Code by Pritchard, Falush and Hubisz
             Version 2.3.4 (Jul 2012)
----------------------------------------------------



Command line arguments:   bin\structure -m G:\Shared drives\Emily_Schumacher\QUAC_analyses\QUAC_structure_wild_relate\QUAC_allpop_relate_red_12_15_21\50-100\mainparams -e G:\Shared drives\Emily_Schumacher\QUAC_analyses\QUAC_structure_wild_relate\QUAC_allpop_relate_red_12_15_21\50-100\extraparams 
Input File:    G:\Shared drives\Emily_Schumacher\QUAC_analyses\QUAC_structure_wild_relate\QUAC_allpop_relate_red_12_15_21\project_data

Run parameters:
   188 individuals
   15 loci
   14 populations assumed
   50000 Burn-in period
   100000 Reps


--------------------------------------------
Proportion of membership of each pre-defined
 population in each of the 14 clusters

Given    Inferred Clusters                                                                                    Number of
 Pop       1      2      3      4      5      6      7      8      9     10     11     12     13     14      Individuals

  1:     0.005  0.009  0.888  0.007  0.007  0.014  0.005  0.010  0.005  0.016  0.005  0.004  0.016  0.008        2
  2:     0.021  0.035  0.045  0.076  0.033  0.067  0.194  0.035  0.020  0.115  0.040  0.007  0.281  0.030       17
  3:     0.030  0.053  0.057  0.092  0.059  0.084  0.014  0.060  0.011  0.220  0.013  0.095  0.158  0.052       19
  4:     0.076  0.080  0.116  0.013  0.051  0.126  0.012  0.063  0.020  0.329  0.019  0.017  0.011  0.068       10
  5:     0.028  0.014  0.009  0.260  0.014  0.018  0.005  0.014  0.007  0.014  0.010  0.006  0.589  0.013        2
  6:     0.006  0.038  0.008  0.017  0.038  0.033  0.166  0.041  0.013  0.437  0.022  0.137  0.008  0.036        2
  7:     0.010  0.060  0.011  0.265  0.048  0.063  0.012  0.066  0.010  0.006  0.189  0.021  0.176  0.064        1
  8:     0.008  0.007  0.006  0.037  0.006  0.006  0.005  0.007  0.009  0.008  0.011  0.005  0.878  0.006        1
  9:     0.005  0.133  0.005  0.068  0.260  0.115  0.006  0.145  0.081  0.009  0.014  0.014  0.006  0.140        1
 10:     0.011  0.096  0.007  0.009  0.072  0.029  0.153  0.073  0.013  0.008  0.010  0.418  0.012  0.088        6
 11:     0.050  0.067  0.016  0.109  0.064  0.064  0.098  0.066  0.022  0.113  0.029  0.183  0.050  0.070       16
 12:     0.024  0.077  0.016  0.010  0.053  0.029  0.004  0.057  0.595  0.016  0.011  0.013  0.025  0.070        1
 13:     0.435  0.045  0.028  0.017  0.046  0.084  0.013  0.045  0.019  0.171  0.016  0.025  0.015  0.042       33
 14:     0.011  0.023  0.010  0.328  0.021  0.029  0.092  0.022  0.018  0.019  0.149  0.152  0.105  0.022       21
 15:     0.016  0.020  0.743  0.013  0.020  0.021  0.029  0.020  0.010  0.021  0.046  0.012  0.010  0.020       14
 16:     0.018  0.029  0.014  0.031  0.035  0.034  0.009  0.034  0.712  0.018  0.014  0.011  0.013  0.028       35
 17:     0.011  0.150  0.010  0.027  0.255  0.111  0.008  0.166  0.028  0.020  0.021  0.011  0.014  0.167        7
--------------------------------------------

Allele-freq. divergence among pops (Net nucleotide distance),
computed using point estimates of P.

      1       2       3       4       5       6       7       8       9      10      11      12      13      14      
 1      -    0.0413  0.0841  0.0910  0.0442  0.0370  0.0935  0.0423  0.0794  0.0534  0.0998  0.0806  0.1193  0.0425  
 2   0.0413     -    0.0407  0.0419  0.0007  0.0042  0.0510  0.0002  0.0292  0.0303  0.0384  0.0264  0.0733  0.0001  
 3   0.0841  0.0407     -    0.0791  0.0423  0.0475  0.0969  0.0415  0.0723  0.0770  0.0847  0.0786  0.1031  0.0407  
 4   0.0910  0.0419  0.0791     -    0.0426  0.0531  0.0875  0.0430  0.0623  0.0786  0.0736  0.0657  0.0722  0.0420  
 5   0.0442  0.0007  0.0423  0.0426     -    0.0052  0.0540  0.0003  0.0303  0.0314  0.0409  0.0286  0.0770  0.0005  
 6   0.0370  0.0042  0.0475  0.0531  0.0052     -    0.0563  0.0041  0.0376  0.0270  0.0481  0.0353  0.0790  0.0051  
 7   0.0935  0.0510  0.0969  0.0875  0.0540  0.0563     -    0.0516  0.0780  0.0932  0.0783  0.0647  0.1293  0.0512  
 8   0.0423  0.0002  0.0415  0.0430  0.0003  0.0041  0.0516     -    0.0291  0.0312  0.0398  0.0277  0.0755  0.0002  
 9   0.0794  0.0292  0.0723  0.0623  0.0303  0.0376  0.0780  0.0291     -    0.0699  0.0673  0.0562  0.1069  0.0289  
10   0.0534  0.0303  0.0770  0.0786  0.0314  0.0270  0.0932  0.0312  0.0699     -    0.0801  0.0604  0.0930  0.0317  
11   0.0998  0.0384  0.0847  0.0736  0.0409  0.0481  0.0783  0.0398  0.0673  0.0801     -    0.0557  0.1115  0.0380  
12   0.0806  0.0264  0.0786  0.0657  0.0286  0.0353  0.0647  0.0277  0.0562  0.0604  0.0557     -    0.1032  0.0265  
13   0.1193  0.0733  0.1031  0.0722  0.0770  0.0790  0.1293  0.0755  0.1069  0.0930  0.1115  0.1032     -    0.0745  
14   0.0425  0.0001  0.0407  0.0420  0.0005  0.0051  0.0512  0.0002  0.0289  0.0317  0.0380  0.0265  0.0745     -    

Average distances (expected heterozygosity) between individuals in same cluster:
cluster  1  : 0.5238 
cluster  2  : 0.6452 
cluster  3  : 0.5381 
cluster  4  : 0.5315 
cluster  5  : 0.6397 
cluster  6  : 0.6026 
cluster  7  : 0.5288 
cluster  8  : 0.6388 
cluster  9  : 0.5385 
cluster 10  : 0.5238 
cluster 11  : 0.6192 
cluster 12  : 0.6114 
cluster 13  : 0.4456 
cluster 14  : 0.6479 

--------------------------------------------
Estimated Ln Prob of Data   = -8086.5
Mean value of ln likelihood = -6950.6
Variance of ln likelihood   = 2271.8
Mean value of alpha         = 0.0399

Mean value of Fst_1         = 0.2102
Mean value of Fst_2         = 0.0313
Mean value of Fst_3         = 0.1946
Mean value of Fst_4         = 0.2329
Mean value of Fst_5         = 0.0462
Mean value of Fst_6         = 0.1168
Mean value of Fst_7         = 0.2456
Mean value of Fst_8         = 0.0522
Mean value of Fst_9         = 0.1442
Mean value of Fst_10         = 0.1996
Mean value of Fst_11         = 0.2094
Mean value of Fst_12         = 0.1288
Mean value of Fst_13         = 0.3808
Mean value of Fst_14         = 0.0308


Inferred ancestry of individuals:
        Label (%Miss) Pop:  Inferred clusters
  1 QAc-G-0029    (0)    1 :  0.005 0.013 0.838 0.006 0.010 0.023 0.006 0.014 0.005 0.029 0.006 0.005 0.028 0.012 
  2 QAc-G-0030    (0)    1 :  0.004 0.005 0.938 0.008 0.005 0.005 0.004 0.006 0.006 0.004 0.003 0.004 0.005 0.005 
  3 QAc-G-0062    (0)    2 :  0.006 0.024 0.006 0.240 0.024 0.025 0.453 0.025 0.036 0.006 0.072 0.008 0.044 0.030 
  4 QAc-G-0063    (0)    2 :  0.022 0.040 0.007 0.059 0.037 0.051 0.011 0.038 0.018 0.037 0.022 0.011 0.611 0.036 
  5 QAc-G-0064    (0)    2 :  0.005 0.005 0.005 0.021 0.006 0.005 0.911 0.006 0.007 0.007 0.005 0.006 0.008 0.006 
  6 QAc-G-0065    (0)    2 :  0.005 0.005 0.006 0.003 0.004 0.005 0.939 0.005 0.003 0.004 0.004 0.009 0.003 0.005 
  7 QAc-G-0066    (0)    2 :  0.003 0.004 0.005 0.005 0.004 0.004 0.003 0.004 0.004 0.004 0.004 0.003 0.949 0.004 
  8 QAc-G-0067    (0)    2 :  0.008 0.018 0.021 0.005 0.018 0.013 0.837 0.018 0.006 0.014 0.007 0.012 0.005 0.017 
  9 QAc-G-0068    (0)    2 :  0.004 0.005 0.005 0.006 0.005 0.004 0.007 0.005 0.008 0.004 0.475 0.005 0.464 0.005 
 10 QAc-G-0070    (0)    2 :  0.007 0.029 0.016 0.130 0.022 0.021 0.024 0.022 0.112 0.012 0.020 0.005 0.555 0.025 
 11 QAc-G-0071   (13)    2 :  0.004 0.006 0.008 0.035 0.006 0.007 0.004 0.006 0.005 0.008 0.006 0.005 0.896 0.005 
 12 QAc-G-0072    (0)    2 :  0.005 0.005 0.005 0.005 0.005 0.006 0.004 0.005 0.006 0.006 0.005 0.004 0.936 0.005 
 13 QAc-G-0073    (0)    2 :  0.019 0.047 0.014 0.006 0.035 0.256 0.004 0.048 0.014 0.510 0.007 0.004 0.004 0.034 
 14 QAc-G-0074    (0)    2 :  0.029 0.043 0.005 0.051 0.043 0.056 0.006 0.046 0.018 0.480 0.007 0.006 0.173 0.036 
 15 QAc-G-0075    (0)    2 :  0.051 0.024 0.017 0.014 0.034 0.033 0.011 0.026 0.007 0.732 0.009 0.009 0.012 0.022 
 16 QAc-G-0076    (0)    2 :  0.082 0.107 0.008 0.006 0.076 0.429 0.035 0.079 0.007 0.091 0.006 0.005 0.010 0.060 
 17 QAc-G-0080    (0)    2 :  0.006 0.047 0.621 0.025 0.058 0.039 0.035 0.051 0.006 0.018 0.017 0.007 0.011 0.060 
 18 QAc-G-0081    (0)    2 :  0.014 0.164 0.009 0.028 0.162 0.162 0.008 0.196 0.080 0.005 0.008 0.012 0.006 0.148 
 19 QAc-G-0083    (0)    2 :  0.096 0.017 0.017 0.645 0.017 0.021 0.011 0.018 0.011 0.023 0.005 0.006 0.099 0.015 
 20 QAc-G-0285    (0)    3 :  0.005 0.007 0.011 0.755 0.007 0.006 0.004 0.007 0.007 0.005 0.008 0.011 0.160 0.007 
 21 QAc-G-0287    (0)    3 :  0.003 0.003 0.004 0.005 0.003 0.003 0.003 0.003 0.004 0.004 0.003 0.003 0.955 0.003 
 22 QAc-G-0288    (6)    3 :  0.009 0.007 0.018 0.005 0.007 0.006 0.006 0.008 0.011 0.008 0.009 0.007 0.894 0.007 
 23 QAc-G-0292    (0)    3 :  0.005 0.011 0.005 0.662 0.011 0.012 0.007 0.014 0.013 0.006 0.015 0.008 0.221 0.011 
 24 QAc-G-0294    (0)    3 :  0.054 0.108 0.015 0.007 0.051 0.487 0.018 0.107 0.005 0.041 0.024 0.008 0.005 0.070 
 25 QAc-G-0295    (0)    3 :  0.039 0.049 0.026 0.025 0.048 0.149 0.023 0.052 0.005 0.517 0.006 0.008 0.018 0.033 
 26 QAc-G-0296    (0)    3 :  0.043 0.054 0.004 0.014 0.038 0.209 0.037 0.047 0.008 0.500 0.005 0.006 0.008 0.028 
 27 QAc-G-0297    (0)    3 :  0.050 0.140 0.006 0.010 0.148 0.060 0.003 0.127 0.007 0.240 0.011 0.031 0.003 0.162 
 28 QAc-G-0298    (6)    3 :  0.011 0.021 0.017 0.017 0.023 0.039 0.009 0.020 0.005 0.803 0.006 0.007 0.004 0.019 
 29 QAc-G-0299    (0)    3 :  0.129 0.019 0.005 0.006 0.019 0.045 0.005 0.012 0.004 0.713 0.011 0.011 0.010 0.011 
 30 QAc-G-0300    (0)    3 :  0.105 0.060 0.006 0.005 0.035 0.217 0.034 0.051 0.021 0.403 0.010 0.010 0.005 0.038 
 31 QAc-G-0301    (0)    3 :  0.021 0.013 0.008 0.010 0.012 0.009 0.035 0.012 0.005 0.843 0.005 0.006 0.010 0.010 
 32 QAc-G-0302    (0)    3 :  0.020 0.016 0.005 0.007 0.020 0.011 0.004 0.019 0.005 0.011 0.018 0.840 0.005 0.018 
 33 QAc-G-0303    (0)    3 :  0.005 0.022 0.008 0.019 0.019 0.014 0.012 0.020 0.024 0.005 0.045 0.784 0.006 0.019 
 34 QAc-G-0305    (0)    3 :  0.005 0.020 0.026 0.088 0.028 0.017 0.007 0.024 0.014 0.007 0.040 0.027 0.673 0.024 
 35 QAc-G-0307    (0)    3 :  0.006 0.010 0.877 0.012 0.010 0.009 0.006 0.011 0.021 0.007 0.007 0.008 0.004 0.011 
 36 QAc-G-0313    (0)    3 :  0.009 0.166 0.011 0.065 0.189 0.096 0.025 0.193 0.019 0.008 0.016 0.006 0.013 0.185 
 37 QAc-G-0314    (0)    3 :  0.035 0.152 0.012 0.011 0.198 0.126 0.010 0.197 0.011 0.058 0.008 0.017 0.004 0.162 
 38 QAc-G-0316    (0)    3 :  0.017 0.127 0.028 0.027 0.250 0.092 0.015 0.207 0.028 0.008 0.007 0.007 0.010 0.176 
 39 QAc-G-0033    (0)    4 :  0.207 0.011 0.007 0.005 0.009 0.026 0.011 0.009 0.007 0.684 0.005 0.006 0.005 0.008 
 40 QAc-G-0034    (0)    4 :  0.010 0.011 0.029 0.006 0.011 0.014 0.008 0.011 0.015 0.853 0.006 0.011 0.005 0.010 
 41 QAc-G-0035    (0)    4 :  0.406 0.072 0.013 0.016 0.037 0.255 0.024 0.061 0.006 0.024 0.009 0.010 0.017 0.050 
 42 QAc-G-0036    (0)    4 :  0.010 0.010 0.006 0.009 0.011 0.012 0.013 0.010 0.007 0.878 0.006 0.004 0.014 0.010 
 43 QAc-G-0039    (0)    4 :  0.035 0.110 0.038 0.010 0.064 0.423 0.008 0.140 0.013 0.032 0.012 0.013 0.011 0.093 
 44 QAc-G-0040    (0)    4 :  0.043 0.109 0.012 0.050 0.078 0.303 0.008 0.095 0.099 0.072 0.008 0.015 0.023 0.085 
 45 QAc-G-0045    (0)    4 :  0.026 0.028 0.013 0.005 0.027 0.111 0.007 0.020 0.006 0.724 0.005 0.005 0.011 0.012 
 46 QAc-G-0050    (0)    4 :  0.005 0.186 0.103 0.016 0.109 0.041 0.007 0.125 0.013 0.005 0.114 0.075 0.011 0.192 
 47 QAc-G-0052    (0)    4 :  0.005 0.009 0.888 0.006 0.010 0.011 0.020 0.010 0.007 0.006 0.007 0.006 0.004 0.009 
 48 QAc-G-0056    (0)    4 :  0.008 0.257 0.047 0.009 0.157 0.065 0.010 0.149 0.031 0.009 0.020 0.021 0.008 0.209 
 49 QAc-G-0276    (0)    5 :  0.022 0.011 0.009 0.506 0.013 0.021 0.003 0.013 0.006 0.015 0.009 0.005 0.355 0.012 
 50 QAc-G-0280    (6)    5 :  0.033 0.016 0.008 0.014 0.014 0.016 0.006 0.016 0.009 0.012 0.012 0.007 0.823 0.013 
 51 QAc-G-0018    (0)    6 :  0.008 0.011 0.012 0.005 0.010 0.014 0.007 0.011 0.006 0.856 0.022 0.019 0.007 0.011 
 52 QAc-G-0017    (0)    6 :  0.004 0.064 0.004 0.029 0.067 0.051 0.325 0.071 0.020 0.017 0.022 0.255 0.010 0.060 
 53 QAc-G-0250    (0)    7 :  0.010 0.060 0.011 0.265 0.048 0.063 0.012 0.066 0.010 0.006 0.189 0.021 0.176 0.064 
 54 QAc-G-0003    (6)    8 :  0.008 0.007 0.006 0.037 0.006 0.006 0.005 0.007 0.009 0.008 0.011 0.005 0.878 0.006 
 55 QAc-G-0283    (0)    9 :  0.005 0.133 0.005 0.068 0.260 0.115 0.006 0.145 0.081 0.009 0.014 0.014 0.006 0.140 
 56 QAc-G-0255    (0)   10 :  0.029 0.033 0.004 0.007 0.033 0.028 0.007 0.047 0.007 0.009 0.013 0.725 0.005 0.051 
 57 QAc-G-0256    (0)   10 :  0.009 0.008 0.006 0.014 0.008 0.008 0.020 0.008 0.004 0.008 0.008 0.872 0.018 0.008 
 58 QAc-G-0257    (0)   10 :  0.004 0.016 0.011 0.006 0.015 0.013 0.074 0.014 0.016 0.006 0.009 0.799 0.004 0.016 
 59 QAc-G-0259    (0)   10 :  0.009 0.289 0.003 0.003 0.192 0.039 0.003 0.191 0.006 0.003 0.004 0.012 0.003 0.241 
 60 QAc-G-0260    (0)   10 :  0.012 0.169 0.010 0.016 0.110 0.046 0.193 0.117 0.041 0.010 0.009 0.084 0.040 0.145 
 61 QAc-G-0261    (0)   10 :  0.005 0.063 0.007 0.008 0.076 0.038 0.620 0.062 0.006 0.013 0.014 0.015 0.005 0.067 
 62 QAc-G-0109    (0)   11 :  0.005 0.084 0.014 0.015 0.085 0.047 0.074 0.080 0.026 0.020 0.013 0.443 0.006 0.089 
 63 QAc-G-0113    (0)   11 :  0.005 0.028 0.020 0.052 0.022 0.017 0.025 0.025 0.008 0.012 0.101 0.644 0.013 0.027 
 64 QAc-G-0114    (0)   11 :  0.117 0.034 0.007 0.008 0.021 0.015 0.004 0.028 0.005 0.021 0.012 0.682 0.011 0.034 
 65 QAc-G-0117    (0)   11 :  0.051 0.080 0.014 0.062 0.086 0.140 0.097 0.090 0.007 0.069 0.117 0.100 0.010 0.076 
 66 QAc-G-0120    (0)   11 :  0.016 0.141 0.011 0.012 0.106 0.052 0.008 0.096 0.009 0.015 0.011 0.397 0.005 0.123 
 67 QAc-G-0125    (0)   11 :  0.005 0.032 0.041 0.055 0.027 0.016 0.690 0.029 0.026 0.004 0.010 0.020 0.020 0.025 
 68 QAc-G-0141    (0)   11 :  0.017 0.102 0.032 0.027 0.147 0.177 0.028 0.108 0.023 0.036 0.103 0.064 0.022 0.117 
 69 QAc-G-0143    (0)   11 :  0.005 0.204 0.006 0.004 0.205 0.055 0.003 0.223 0.004 0.009 0.008 0.006 0.006 0.263 
 70 QAc-G-0147    (0)   11 :  0.012 0.043 0.009 0.038 0.042 0.029 0.484 0.045 0.066 0.034 0.035 0.107 0.006 0.050 
 71 QAc-G-0174    (0)   11 :  0.004 0.005 0.005 0.786 0.005 0.006 0.004 0.005 0.004 0.008 0.006 0.004 0.153 0.005 
 72 QAc-G-0182    (0)   11 :  0.004 0.006 0.003 0.626 0.006 0.005 0.012 0.007 0.005 0.005 0.004 0.006 0.306 0.007 
 73 QAc-G-0188    (0)   11 :  0.019 0.066 0.004 0.015 0.050 0.044 0.007 0.070 0.006 0.008 0.022 0.400 0.213 0.077 
 74 QAc-G-0229    (0)   11 :  0.007 0.010 0.007 0.010 0.012 0.010 0.005 0.011 0.012 0.886 0.006 0.008 0.005 0.010 
 75 QAc-G-0233    (0)   11 :  0.386 0.102 0.045 0.009 0.069 0.045 0.010 0.086 0.111 0.014 0.008 0.006 0.006 0.102 
 76 QAc-G-0237    (0)   11 :  0.031 0.029 0.021 0.008 0.025 0.075 0.054 0.033 0.012 0.648 0.006 0.028 0.009 0.020 
 77 QAc-G-0243    (0)   11 :  0.118 0.104 0.013 0.015 0.116 0.291 0.063 0.125 0.028 0.016 0.009 0.008 0.004 0.091 
 78 QAc-G-0249    (0)   12 :  0.024 0.077 0.016 0.010 0.053 0.029 0.004 0.057 0.595 0.016 0.011 0.013 0.025 0.070 
 79 QAc-W-0001    (0)   13 :  0.873 0.008 0.005 0.004 0.009 0.008 0.013 0.010 0.005 0.039 0.004 0.011 0.003 0.009 
 80 QAc-W-0002    (0)   13 :  0.022 0.042 0.007 0.008 0.039 0.065 0.004 0.029 0.014 0.666 0.011 0.029 0.034 0.029 
 81 QAc-W-0003    (0)   13 :  0.796 0.016 0.021 0.026 0.016 0.017 0.012 0.018 0.005 0.019 0.012 0.017 0.009 0.015 
 82 QAc-W-0004    (0)   13 :  0.914 0.006 0.007 0.004 0.005 0.010 0.004 0.005 0.005 0.015 0.004 0.004 0.008 0.008 
 83 QAc-W-0005    (0)   13 :  0.923 0.006 0.004 0.007 0.007 0.008 0.004 0.007 0.006 0.008 0.004 0.005 0.005 0.007 
 84 QAc-W-0007   (13)   13 :  0.902 0.008 0.005 0.006 0.008 0.011 0.006 0.008 0.007 0.015 0.004 0.006 0.005 0.009 
 85 QAc-W-0008    (6)   13 :  0.745 0.033 0.004 0.009 0.029 0.029 0.005 0.038 0.018 0.018 0.021 0.009 0.007 0.035 
 86 QAc-W-0009    (0)   13 :  0.022 0.071 0.010 0.009 0.057 0.128 0.012 0.064 0.024 0.160 0.012 0.352 0.022 0.057 
 87 QAc-W-0010    (0)   13 :  0.730 0.025 0.005 0.021 0.016 0.041 0.041 0.020 0.033 0.011 0.014 0.016 0.007 0.020 
 88 QAc-W-0011    (0)   13 :  0.412 0.058 0.016 0.019 0.039 0.200 0.014 0.049 0.007 0.084 0.012 0.013 0.039 0.040 
 89 QAc-W-0012    (0)   13 :  0.669 0.022 0.012 0.007 0.018 0.034 0.010 0.021 0.014 0.129 0.016 0.011 0.015 0.022 
 90 QAc-W-0013    (0)   13 :  0.013 0.082 0.148 0.007 0.059 0.301 0.008 0.062 0.007 0.206 0.008 0.040 0.014 0.045 
 91 QAc-W-0014    (0)   13 :  0.870 0.011 0.005 0.012 0.009 0.018 0.005 0.011 0.017 0.017 0.005 0.004 0.004 0.010 
 92 QAc-W-0015    (0)   13 :  0.011 0.050 0.015 0.130 0.050 0.166 0.004 0.046 0.020 0.438 0.005 0.010 0.025 0.030 
 93 QAc-W-0017    (0)   13 :  0.012 0.114 0.027 0.064 0.187 0.142 0.009 0.141 0.051 0.061 0.022 0.016 0.013 0.142 
 94 QAc-W-0018    (0)   13 :  0.474 0.062 0.048 0.011 0.056 0.068 0.016 0.063 0.012 0.025 0.051 0.036 0.005 0.072 
 95 QAc-W-0020    (0)   13 :  0.837 0.020 0.004 0.006 0.027 0.015 0.010 0.026 0.004 0.007 0.010 0.005 0.004 0.024 
 96 QAc-W-0021    (0)   13 :  0.400 0.060 0.163 0.007 0.059 0.084 0.010 0.068 0.011 0.016 0.020 0.025 0.012 0.067 
 97 QAc-W-0022    (0)   13 :  0.028 0.120 0.013 0.039 0.141 0.215 0.009 0.145 0.030 0.110 0.009 0.008 0.020 0.114 
 98 QAc-W-0023    (6)   13 :  0.138 0.081 0.025 0.009 0.090 0.226 0.049 0.085 0.035 0.133 0.007 0.040 0.004 0.079 
 99 QAc-W-0024    (0)   13 :  0.457 0.051 0.120 0.011 0.071 0.037 0.006 0.072 0.011 0.028 0.007 0.013 0.053 0.063 
100 QAc-W-0025    (0)   13 :  0.421 0.027 0.021 0.006 0.022 0.042 0.004 0.030 0.011 0.357 0.009 0.011 0.009 0.028 
101 QAc-W-0026    (0)   13 :  0.515 0.042 0.089 0.017 0.028 0.023 0.021 0.033 0.030 0.072 0.017 0.016 0.056 0.040 
102 QAc-W-0027    (0)   13 :  0.078 0.014 0.005 0.005 0.016 0.014 0.004 0.016 0.011 0.794 0.007 0.014 0.006 0.017 
103 QAc-W-0028    (0)   13 :  0.617 0.033 0.004 0.011 0.045 0.043 0.004 0.032 0.009 0.153 0.005 0.008 0.009 0.026 
104 QAc-W-0029    (0)   13 :  0.293 0.060 0.007 0.004 0.034 0.287 0.020 0.045 0.005 0.169 0.025 0.011 0.003 0.037 
105 QAc-W-0032    (0)   13 :  0.875 0.010 0.006 0.003 0.008 0.018 0.021 0.009 0.007 0.022 0.005 0.004 0.003 0.009 
106 QAc-W-0033    (0)   13 :  0.199 0.122 0.017 0.013 0.094 0.127 0.032 0.103 0.028 0.022 0.098 0.014 0.005 0.126 
107 QAc-W-0035    (0)   13 :  0.149 0.051 0.019 0.016 0.038 0.059 0.008 0.046 0.029 0.475 0.034 0.007 0.023 0.047 
108 QAc-W-0037    (0)   13 :  0.024 0.012 0.015 0.006 0.010 0.015 0.016 0.012 0.006 0.852 0.008 0.006 0.008 0.009 
109 QAc-W-0038    (0)   13 :  0.223 0.080 0.007 0.042 0.168 0.083 0.012 0.118 0.011 0.129 0.011 0.016 0.011 0.088 
110 QAc-W-0040    (0)   13 :  0.671 0.022 0.015 0.010 0.018 0.012 0.027 0.015 0.146 0.018 0.005 0.009 0.008 0.025 
111 QAc-W-0041    (0)   13 :  0.042 0.050 0.056 0.006 0.049 0.220 0.005 0.049 0.010 0.378 0.034 0.030 0.032 0.037 
112 QAc-W-0042    (0)   14 :  0.006 0.026 0.017 0.011 0.025 0.064 0.331 0.023 0.006 0.018 0.058 0.359 0.037 0.018 
113 QAc-W-0044    (0)   14 :  0.010 0.069 0.005 0.090 0.055 0.245 0.182 0.068 0.029 0.080 0.021 0.054 0.055 0.038 
114 QAc-W-0045    (0)   14 :  0.007 0.016 0.008 0.007 0.012 0.011 0.027 0.013 0.005 0.015 0.056 0.797 0.012 0.015 
115 QAc-W-0048    (0)   14 :  0.011 0.022 0.016 0.006 0.020 0.013 0.083 0.019 0.006 0.015 0.012 0.750 0.005 0.020 
116 QAc-W-0050    (0)   14 :  0.004 0.020 0.005 0.007 0.021 0.017 0.023 0.027 0.012 0.010 0.666 0.156 0.008 0.023 
117 QAc-W-0051    (0)   14 :  0.007 0.013 0.017 0.030 0.010 0.014 0.101 0.011 0.005 0.006 0.745 0.021 0.008 0.012 
118 QAc-W-0052    (0)   14 :  0.010 0.005 0.003 0.006 0.005 0.006 0.932 0.004 0.004 0.005 0.004 0.006 0.006 0.004 
119 QAc-W-0053    (0)   14 :  0.009 0.014 0.005 0.008 0.011 0.016 0.024 0.013 0.009 0.008 0.014 0.850 0.005 0.013 
120 QAc-W-0054    (0)   14 :  0.010 0.077 0.011 0.073 0.059 0.050 0.102 0.063 0.027 0.013 0.270 0.038 0.115 0.091 
121 QAc-W-0056    (0)   14 :  0.049 0.076 0.011 0.012 0.065 0.039 0.009 0.057 0.011 0.085 0.484 0.015 0.007 0.081 
122 QAc-W-0057    (0)   14 :  0.007 0.033 0.025 0.070 0.033 0.020 0.011 0.032 0.015 0.019 0.635 0.063 0.009 0.031 
123 QAc-W-0060    (0)   14 :  0.004 0.007 0.004 0.788 0.007 0.006 0.035 0.008 0.007 0.021 0.005 0.006 0.094 0.008 
124 QAc-W-0061    (0)   14 :  0.014 0.029 0.013 0.606 0.034 0.023 0.006 0.035 0.057 0.040 0.018 0.020 0.070 0.033 
125 QAc-W-0062    (0)   14 :  0.003 0.004 0.005 0.840 0.004 0.004 0.010 0.004 0.007 0.004 0.005 0.004 0.100 0.004 
126 QAc-W-0063    (0)   14 :  0.017 0.012 0.023 0.735 0.012 0.012 0.029 0.012 0.011 0.007 0.006 0.007 0.105 0.012 
127 QAc-W-0064    (0)   14 :  0.010 0.008 0.007 0.801 0.008 0.007 0.005 0.008 0.007 0.006 0.008 0.006 0.110 0.009 
128 QAc-W-0065    (0)   14 :  0.010 0.019 0.011 0.709 0.025 0.014 0.008 0.021 0.018 0.017 0.035 0.009 0.087 0.019 
129 QAc-W-0066    (0)   14 :  0.003 0.003 0.005 0.004 0.003 0.004 0.003 0.003 0.003 0.004 0.003 0.003 0.955 0.003 
130 QAc-W-0072    (0)   14 :  0.017 0.016 0.011 0.652 0.015 0.011 0.005 0.017 0.119 0.006 0.051 0.006 0.056 0.018 
131 QAc-W-0073    (0)   14 :  0.007 0.016 0.010 0.762 0.014 0.020 0.008 0.016 0.008 0.009 0.015 0.014 0.085 0.015 
132 QAc-W-0077    (0)   14 :  0.006 0.006 0.004 0.660 0.006 0.006 0.005 0.006 0.005 0.007 0.008 0.007 0.270 0.005 
133 QAc-W-0078    (0)   15 :  0.016 0.041 0.693 0.009 0.034 0.027 0.020 0.038 0.022 0.022 0.008 0.007 0.029 0.033 
134 QAc-W-0079    (6)   15 :  0.006 0.005 0.921 0.005 0.006 0.006 0.003 0.006 0.006 0.007 0.006 0.007 0.010 0.006 
135 QAc-W-0081    (0)   15 :  0.008 0.007 0.915 0.008 0.006 0.009 0.010 0.007 0.005 0.005 0.005 0.004 0.005 0.006 
136 QAc-W-0082    (0)   15 :  0.003 0.007 0.425 0.004 0.005 0.006 0.003 0.006 0.004 0.005 0.514 0.006 0.004 0.006 
137 QAc-W-0083    (0)   15 :  0.007 0.009 0.861 0.032 0.009 0.009 0.009 0.009 0.011 0.007 0.013 0.007 0.009 0.008 
138 QAc-W-0086    (0)   15 :  0.007 0.009 0.887 0.006 0.008 0.009 0.005 0.009 0.009 0.008 0.012 0.006 0.015 0.009 
139 QAc-W-0087    (0)   15 :  0.004 0.006 0.928 0.003 0.005 0.006 0.003 0.006 0.007 0.005 0.005 0.008 0.006 0.006 
140 QAc-W-0088    (0)   15 :  0.006 0.020 0.842 0.006 0.019 0.013 0.005 0.018 0.008 0.013 0.010 0.014 0.006 0.021 
141 QAc-W-0092    (0)   15 :  0.030 0.032 0.642 0.007 0.025 0.044 0.021 0.029 0.010 0.100 0.007 0.015 0.012 0.026 
142 QAc-W-0093    (0)   15 :  0.033 0.028 0.741 0.008 0.035 0.022 0.009 0.026 0.015 0.021 0.015 0.015 0.003 0.028 
143 QAc-W-0094    (0)   15 :  0.060 0.038 0.345 0.054 0.046 0.027 0.261 0.042 0.008 0.010 0.015 0.037 0.009 0.047 
144 QAc-W-0097    (0)   15 :  0.027 0.031 0.656 0.008 0.038 0.046 0.021 0.033 0.006 0.069 0.010 0.013 0.007 0.035 
145 QAc-W-0099    (0)   15 :  0.005 0.040 0.673 0.008 0.034 0.062 0.024 0.041 0.019 0.011 0.018 0.019 0.005 0.042 
146 QAc-W-0107    (0)   15 :  0.006 0.009 0.873 0.029 0.010 0.009 0.007 0.009 0.007 0.006 0.008 0.005 0.014 0.009 
147 QAc-W-0115    (0)   16 :  0.012 0.011 0.010 0.023 0.012 0.011 0.007 0.013 0.853 0.020 0.005 0.005 0.005 0.012 
148 QAc-W-0116    (0)   16 :  0.009 0.032 0.007 0.016 0.033 0.030 0.014 0.036 0.729 0.020 0.011 0.024 0.003 0.036 
149 QAc-W-0117    (0)   16 :  0.005 0.011 0.004 0.005 0.015 0.011 0.004 0.013 0.892 0.008 0.005 0.013 0.004 0.010 
150 QAc-W-0118    (0)   16 :  0.008 0.016 0.022 0.037 0.015 0.011 0.005 0.017 0.790 0.006 0.008 0.008 0.041 0.015 
151 QAc-W-0119    (0)   16 :  0.006 0.024 0.008 0.007 0.022 0.014 0.007 0.023 0.812 0.008 0.020 0.007 0.017 0.023 
152 QAc-W-0120    (0)   16 :  0.012 0.038 0.012 0.019 0.034 0.021 0.005 0.037 0.730 0.010 0.010 0.013 0.020 0.039 
153 QAc-W-0121    (0)   16 :  0.008 0.020 0.004 0.011 0.013 0.016 0.003 0.015 0.778 0.006 0.036 0.006 0.070 0.014 
154 QAc-W-0122    (0)   16 :  0.022 0.049 0.006 0.069 0.088 0.077 0.004 0.064 0.535 0.006 0.008 0.011 0.004 0.057 
155 QAc-W-0123    (6)   16 :  0.004 0.028 0.010 0.025 0.048 0.024 0.019 0.034 0.736 0.014 0.006 0.010 0.008 0.033 
156 QAc-W-0124    (0)   16 :  0.018 0.022 0.102 0.154 0.018 0.035 0.007 0.034 0.512 0.047 0.007 0.004 0.018 0.022 
157 QAc-W-0125    (0)   16 :  0.008 0.014 0.019 0.006 0.012 0.010 0.008 0.014 0.859 0.012 0.007 0.008 0.008 0.015 
158 QAc-W-0132    (6)   16 :  0.019 0.031 0.040 0.044 0.031 0.023 0.020 0.032 0.612 0.045 0.008 0.006 0.059 0.030 
159 QAc-W-0134    (0)   16 :  0.005 0.006 0.006 0.007 0.006 0.005 0.006 0.006 0.926 0.007 0.004 0.006 0.005 0.006 
160 QAc-W-0135    (0)   16 :  0.109 0.023 0.009 0.063 0.021 0.029 0.004 0.020 0.644 0.026 0.005 0.007 0.016 0.022 
161 QAc-W-0136    (0)   16 :  0.005 0.008 0.005 0.007 0.007 0.006 0.007 0.008 0.920 0.006 0.005 0.005 0.003 0.008 
162 QAc-W-0138    (0)   16 :  0.008 0.008 0.003 0.005 0.009 0.011 0.006 0.009 0.912 0.006 0.005 0.004 0.004 0.009 
163 QAc-W-0140    (0)   16 :  0.012 0.023 0.007 0.008 0.026 0.041 0.004 0.028 0.766 0.022 0.007 0.031 0.006 0.020 
164 QAc-W-0141    (6)   16 :  0.025 0.106 0.009 0.019 0.155 0.165 0.008 0.165 0.130 0.057 0.012 0.023 0.036 0.092 
165 QAc-W-0142    (0)   16 :  0.004 0.007 0.005 0.014 0.006 0.006 0.004 0.007 0.906 0.004 0.012 0.005 0.013 0.007 
166 QAc-W-0143    (0)   16 :  0.007 0.012 0.027 0.013 0.012 0.012 0.006 0.012 0.854 0.005 0.009 0.010 0.004 0.016 
167 QAc-W-0145    (0)   16 :  0.004 0.011 0.004 0.046 0.014 0.011 0.004 0.014 0.853 0.006 0.006 0.006 0.004 0.017 
168 QAc-W-0148    (0)   16 :  0.007 0.007 0.004 0.016 0.006 0.007 0.007 0.007 0.905 0.013 0.005 0.005 0.004 0.007 
169 QAc-W-0149    (0)   16 :  0.015 0.077 0.011 0.055 0.074 0.153 0.041 0.104 0.354 0.008 0.013 0.018 0.005 0.072 
170 QAc-W-0150    (0)   16 :  0.112 0.049 0.030 0.047 0.033 0.100 0.017 0.068 0.432 0.037 0.010 0.007 0.006 0.052 
171 QAc-W-0151    (0)   16 :  0.012 0.017 0.013 0.024 0.017 0.014 0.006 0.018 0.794 0.052 0.008 0.007 0.005 0.014 
172 QAc-W-0152    (0)   16 :  0.006 0.010 0.005 0.063 0.011 0.008 0.006 0.012 0.830 0.009 0.013 0.010 0.007 0.009 
173 QAc-W-0153    (0)   16 :  0.006 0.127 0.026 0.043 0.299 0.156 0.004 0.159 0.015 0.033 0.005 0.007 0.007 0.113 
174 QAc-W-0154    (0)   16 :  0.054 0.032 0.006 0.009 0.028 0.027 0.004 0.028 0.761 0.009 0.007 0.006 0.004 0.028 
175 QAc-W-0157    (0)   16 :  0.005 0.047 0.005 0.019 0.045 0.020 0.028 0.054 0.654 0.023 0.012 0.015 0.014 0.059 
176 QAc-W-0158    (0)   16 :  0.050 0.022 0.030 0.020 0.021 0.054 0.008 0.022 0.644 0.072 0.006 0.007 0.027 0.019 
177 QAc-W-0159    (0)   16 :  0.009 0.010 0.007 0.005 0.009 0.008 0.008 0.009 0.901 0.007 0.008 0.007 0.004 0.009 
178 QAc-W-0160    (0)   16 :  0.024 0.023 0.008 0.007 0.021 0.031 0.004 0.026 0.796 0.022 0.005 0.005 0.004 0.025 
179 QAc-W-0162    (0)   16 :  0.004 0.017 0.008 0.090 0.015 0.012 0.021 0.016 0.721 0.004 0.039 0.028 0.009 0.016 
180 QAc-W-0163    (0)   16 :  0.007 0.030 0.005 0.012 0.023 0.021 0.011 0.029 0.646 0.008 0.131 0.031 0.007 0.039 
181 QAc-W-0164    (0)   16 :  0.008 0.030 0.012 0.066 0.031 0.016 0.011 0.035 0.706 0.008 0.024 0.010 0.010 0.034 
182 QAc-W-0167    (0)   17 :  0.006 0.109 0.020 0.035 0.332 0.124 0.006 0.188 0.007 0.006 0.016 0.010 0.007 0.133 
183 QAc-W-0168    (0)   17 :  0.011 0.151 0.014 0.034 0.147 0.072 0.009 0.132 0.143 0.021 0.012 0.018 0.061 0.175 
184 QAc-W-0169    (0)   17 :  0.023 0.188 0.004 0.012 0.203 0.078 0.005 0.133 0.006 0.019 0.081 0.017 0.011 0.218 
185 QAc-W-0170    (0)   17 :  0.012 0.145 0.008 0.022 0.213 0.116 0.006 0.148 0.013 0.062 0.010 0.010 0.004 0.231 
186 QAc-W-0172    (0)   17 :  0.010 0.260 0.010 0.007 0.204 0.095 0.018 0.177 0.008 0.011 0.007 0.005 0.002 0.188 
187 QAc-W-0173    (0)   17 :  0.013 0.094 0.007 0.040 0.335 0.158 0.005 0.199 0.013 0.014 0.007 0.006 0.004 0.105 
188 QAc-W-0174    (0)   17 :  0.005 0.100 0.006 0.036 0.352 0.136 0.004 0.187 0.009 0.010 0.012 0.010 0.011 0.123 


Estimated Allele Frequencies in each cluster
First column gives estimated ancestral frequencies


Locus 1 : 
18 alleles
0.0% missing data
 210   (0.113) 0.019 0.113 0.148 0.041 0.110 0.095 0.031 0.112 0.186 0.075 0.089 0.257 0.008 0.112 
 212   (0.113) 0.054 0.114 0.271 0.033 0.113 0.141 0.023 0.123 0.073 0.394 0.096 0.038 0.188 0.117 
 202   (0.059) 0.070 0.055 0.136 0.009 0.052 0.036 0.290 0.055 0.006 0.038 0.024 0.019 0.004 0.056 
 226   (0.044) 0.005 0.037 0.017 0.121 0.032 0.019 0.216 0.033 0.005 0.005 0.034 0.026 0.235 0.037 
 216   (0.079) 0.021 0.073 0.167 0.058 0.064 0.051 0.183 0.066 0.134 0.010 0.037 0.055 0.007 0.074 
 200   (0.234) 0.502 0.276 0.089 0.151 0.282 0.423 0.123 0.285 0.152 0.371 0.139 0.192 0.490 0.259 
 224   (0.042) 0.010 0.044 0.013 0.234 0.044 0.053 0.010 0.046 0.005 0.026 0.025 0.011 0.019 0.044 
 218   (0.054) 0.087 0.048 0.104 0.022 0.042 0.028 0.010 0.046 0.157 0.011 0.043 0.014 0.004 0.049 
 228   (0.013) 0.001 0.010 0.002 0.109 0.009 0.005 0.002 0.008 0.001 0.001 0.004 0.003 0.008 0.010 
 214   (0.066) 0.007 0.059 0.008 0.186 0.063 0.039 0.048 0.057 0.021 0.008 0.445 0.141 0.026 0.062 
 208   (0.057) 0.204 0.058 0.028 0.011 0.077 0.049 0.017 0.068 0.006 0.045 0.021 0.099 0.004 0.062 
 220   (0.030) 0.003 0.031 0.004 0.006 0.039 0.020 0.006 0.032 0.010 0.007 0.013 0.009 0.002 0.037 
 196   (0.011) 0.001 0.011 0.002 0.001 0.009 0.005 0.002 0.009 0.001 0.001 0.004 0.003 0.001 0.011 
 238   (0.012) 0.001 0.011 0.001 0.003 0.014 0.008 0.002 0.011 0.002 0.001 0.004 0.003 0.001 0.012 
 206   (0.021) 0.003 0.017 0.003 0.003 0.015 0.009 0.004 0.015 0.028 0.002 0.007 0.062 0.001 0.017 
 190   (0.013) 0.001 0.012 0.001 0.002 0.009 0.005 0.002 0.010 0.001 0.001 0.003 0.003 0.001 0.012 
 222   (0.024) 0.008 0.020 0.004 0.009 0.017 0.010 0.028 0.017 0.211 0.003 0.008 0.007 0.002 0.020 
 232   (0.013) 0.001 0.011 0.002 0.002 0.009 0.005 0.003 0.009 0.001 0.001 0.006 0.060 0.001 0.010 

Locus 2 : 
15 alleles
2.1% missing data
 171   (0.208) 0.314 0.219 0.183 0.056 0.209 0.272 0.247 0.219 0.061 0.414 0.235 0.434 0.018 0.215 
 175   (0.096) 0.050 0.091 0.255 0.031 0.082 0.079 0.200 0.084 0.025 0.059 0.245 0.028 0.031 0.093 
 185   (0.052) 0.009 0.049 0.081 0.029 0.046 0.032 0.012 0.049 0.222 0.006 0.020 0.014 0.005 0.051 
 179   (0.073) 0.008 0.071 0.009 0.454 0.084 0.060 0.236 0.081 0.266 0.010 0.031 0.019 0.072 0.073 
 181   (0.092) 0.035 0.095 0.338 0.053 0.095 0.125 0.035 0.093 0.010 0.126 0.074 0.111 0.521 0.091 
 173   (0.183) 0.188 0.192 0.040 0.150 0.171 0.237 0.181 0.184 0.197 0.228 0.212 0.173 0.316 0.178 
 177   (0.035) 0.004 0.030 0.005 0.162 0.028 0.018 0.006 0.029 0.085 0.004 0.040 0.010 0.013 0.031 
 187   (0.097) 0.111 0.099 0.012 0.035 0.131 0.071 0.019 0.110 0.025 0.119 0.089 0.050 0.010 0.109 
 183   (0.061) 0.008 0.062 0.022 0.013 0.073 0.052 0.017 0.068 0.086 0.008 0.021 0.114 0.006 0.063 
 189   (0.033) 0.265 0.029 0.004 0.006 0.026 0.024 0.006 0.027 0.016 0.019 0.012 0.008 0.003 0.030 
 191   (0.021) 0.003 0.017 0.046 0.004 0.016 0.010 0.034 0.015 0.002 0.002 0.008 0.029 0.002 0.018 
 163   (0.012) 0.001 0.011 0.001 0.001 0.009 0.005 0.002 0.010 0.001 0.001 0.003 0.003 0.001 0.011 
 165   (0.011) 0.001 0.011 0.001 0.001 0.008 0.004 0.002 0.009 0.001 0.001 0.003 0.003 0.001 0.011 
 193   (0.013) 0.001 0.012 0.001 0.002 0.011 0.005 0.002 0.012 0.001 0.001 0.004 0.003 0.001 0.013 
 167   (0.014) 0.001 0.013 0.002 0.002 0.012 0.007 0.002 0.011 0.001 0.002 0.004 0.003 0.001 0.012 

Locus 3 : 
4 alleles
1.1% missing data
 206   (0.884) 0.702 0.893 0.973 0.887 0.888 0.933 0.887 0.895 0.986 0.983 0.933 0.897 0.984 0.889 
 208   (0.060) 0.291 0.054 0.008 0.051 0.051 0.031 0.012 0.052 0.007 0.010 0.049 0.068 0.006 0.057 
 204   (0.041) 0.005 0.037 0.017 0.058 0.034 0.020 0.099 0.035 0.005 0.005 0.014 0.031 0.009 0.038 
 212   (0.016) 0.002 0.017 0.002 0.004 0.027 0.016 0.002 0.018 0.002 0.002 0.004 0.004 0.001 0.016 

Locus 4 : 
15 alleles
1.1% missing data
 165   (0.078) 0.015 0.085 0.453 0.274 0.091 0.124 0.049 0.088 0.008 0.032 0.067 0.021 0.022 0.080 
 163   (0.195) 0.098 0.213 0.030 0.105 0.256 0.252 0.085 0.239 0.282 0.066 0.173 0.253 0.017 0.220 
 167   (0.141) 0.241 0.134 0.076 0.031 0.137 0.114 0.470 0.134 0.148 0.193 0.181 0.095 0.010 0.138 
 161   (0.345) 0.467 0.346 0.132 0.556 0.314 0.361 0.329 0.328 0.491 0.666 0.450 0.429 0.935 0.334 
 153   (0.016) 0.010 0.017 0.002 0.002 0.013 0.029 0.003 0.014 0.002 0.004 0.005 0.004 0.001 0.014 
 173   (0.033) 0.003 0.030 0.255 0.004 0.026 0.014 0.006 0.027 0.003 0.004 0.053 0.025 0.002 0.031 
 171   (0.041) 0.005 0.041 0.006 0.006 0.042 0.027 0.033 0.045 0.005 0.004 0.019 0.060 0.004 0.045 
 179   (0.013) 0.002 0.012 0.002 0.002 0.011 0.006 0.002 0.011 0.001 0.004 0.004 0.004 0.001 0.013 
 157   (0.023) 0.140 0.020 0.003 0.003 0.017 0.012 0.004 0.017 0.002 0.013 0.008 0.019 0.002 0.019 
 149   (0.014) 0.001 0.011 0.002 0.002 0.009 0.005 0.002 0.010 0.002 0.001 0.007 0.027 0.001 0.011 
 177   (0.025) 0.003 0.024 0.015 0.004 0.024 0.022 0.005 0.026 0.003 0.004 0.009 0.007 0.002 0.025 
 155   (0.018) 0.008 0.017 0.003 0.002 0.013 0.008 0.003 0.015 0.003 0.002 0.005 0.004 0.001 0.018 
 175   (0.011) 0.001 0.010 0.001 0.001 0.009 0.005 0.002 0.009 0.001 0.001 0.003 0.013 0.001 0.010 
 169   (0.026) 0.003 0.022 0.019 0.003 0.020 0.011 0.005 0.021 0.003 0.003 0.009 0.034 0.002 0.024 
 159   (0.020) 0.002 0.018 0.002 0.003 0.016 0.010 0.003 0.016 0.046 0.002 0.006 0.005 0.001 0.017 

Locus 5 : 
16 alleles
0.0% missing data
 148   (0.114) 0.112 0.110 0.282 0.053 0.107 0.092 0.027 0.117 0.052 0.195 0.033 0.100 0.344 0.113 
 160   (0.027) 0.004 0.023 0.057 0.004 0.020 0.016 0.062 0.020 0.003 0.004 0.007 0.028 0.002 0.023 
 154   (0.072) 0.019 0.069 0.027 0.167 0.072 0.048 0.056 0.074 0.227 0.009 0.059 0.020 0.016 0.078 
 150   (0.062) 0.065 0.062 0.010 0.012 0.052 0.071 0.013 0.056 0.007 0.028 0.403 0.068 0.013 0.061 
 138   (0.123) 0.026 0.118 0.150 0.174 0.119 0.107 0.310 0.113 0.245 0.062 0.060 0.104 0.017 0.117 
 166   (0.034) 0.036 0.028 0.016 0.004 0.023 0.014 0.247 0.023 0.004 0.006 0.010 0.179 0.003 0.027 
 146   (0.101) 0.038 0.095 0.166 0.215 0.106 0.062 0.081 0.098 0.018 0.032 0.038 0.089 0.324 0.099 
 164   (0.017) 0.002 0.016 0.002 0.002 0.014 0.008 0.040 0.014 0.002 0.002 0.004 0.004 0.001 0.015 
 142   (0.019) 0.002 0.015 0.002 0.002 0.013 0.007 0.003 0.013 0.017 0.002 0.191 0.006 0.007 0.015 
 144   (0.146) 0.068 0.159 0.027 0.280 0.166 0.205 0.059 0.159 0.147 0.380 0.080 0.240 0.240 0.148 
 140   (0.082) 0.189 0.085 0.021 0.021 0.100 0.074 0.016 0.088 0.214 0.240 0.022 0.022 0.007 0.085 
 158   (0.045) 0.010 0.053 0.086 0.009 0.044 0.096 0.035 0.049 0.020 0.012 0.016 0.024 0.004 0.046 
 162   (0.030) 0.003 0.029 0.125 0.005 0.036 0.020 0.006 0.030 0.003 0.005 0.024 0.009 0.002 0.031 
 152   (0.089) 0.420 0.102 0.012 0.045 0.090 0.157 0.019 0.109 0.037 0.017 0.039 0.047 0.017 0.103 
 134   (0.018) 0.002 0.016 0.002 0.002 0.016 0.009 0.003 0.015 0.002 0.002 0.007 0.054 0.001 0.018 
 156   (0.022) 0.003 0.021 0.014 0.003 0.022 0.014 0.024 0.020 0.002 0.004 0.006 0.006 0.001 0.023 

Locus 6 : 
12 alleles
0.0% missing data
 225   (0.046) 0.012 0.040 0.122 0.009 0.039 0.024 0.008 0.041 0.021 0.005 0.035 0.012 0.274 0.043 
 239   (0.106) 0.015 0.105 0.029 0.212 0.099 0.091 0.240 0.100 0.017 0.114 0.057 0.062 0.412 0.105 
 229   (0.017) 0.002 0.014 0.276 0.002 0.012 0.011 0.003 0.012 0.002 0.003 0.005 0.004 0.001 0.014 
 235   (0.295) 0.273 0.298 0.371 0.327 0.309 0.322 0.093 0.303 0.490 0.411 0.503 0.150 0.238 0.296 
 237   (0.207) 0.205 0.215 0.039 0.260 0.236 0.213 0.070 0.228 0.167 0.276 0.150 0.181 0.039 0.222 
 233   (0.102) 0.448 0.101 0.066 0.145 0.084 0.127 0.250 0.091 0.015 0.157 0.076 0.086 0.018 0.093 
 227   (0.033) 0.003 0.028 0.004 0.004 0.024 0.014 0.272 0.024 0.003 0.003 0.033 0.375 0.002 0.027 
 245   (0.066) 0.025 0.077 0.008 0.014 0.071 0.107 0.024 0.075 0.143 0.015 0.032 0.021 0.005 0.073 
 241   (0.040) 0.008 0.035 0.073 0.009 0.030 0.024 0.016 0.032 0.024 0.005 0.039 0.035 0.004 0.036 
 231   (0.051) 0.005 0.053 0.006 0.010 0.067 0.041 0.018 0.063 0.051 0.006 0.053 0.025 0.003 0.055 
 243   (0.027) 0.003 0.024 0.003 0.005 0.021 0.021 0.005 0.022 0.067 0.005 0.014 0.045 0.002 0.023 
 251   (0.012) 0.001 0.011 0.001 0.001 0.009 0.005 0.002 0.010 0.001 0.001 0.003 0.003 0.001 0.012 

Locus 7 : 
5 alleles
0.0% missing data
 118   (0.914) 0.919 0.921 0.989 0.988 0.926 0.924 0.690 0.928 0.991 0.941 0.634 0.979 0.993 0.922 
 124   (0.041) 0.076 0.039 0.005 0.005 0.030 0.046 0.301 0.034 0.004 0.054 0.012 0.010 0.003 0.037 
 116   (0.015) 0.002 0.012 0.002 0.002 0.010 0.005 0.002 0.010 0.001 0.002 0.343 0.004 0.003 0.011 
 114   (0.017) 0.003 0.017 0.002 0.003 0.023 0.018 0.004 0.019 0.002 0.002 0.005 0.004 0.001 0.017 
 122   (0.013) 0.001 0.011 0.001 0.002 0.011 0.006 0.002 0.010 0.001 0.001 0.006 0.003 0.001 0.013 

Locus 8 : 
5 alleles
0.0% missing data
 135   (0.056) 0.015 0.069 0.024 0.010 0.055 0.135 0.011 0.068 0.029 0.029 0.018 0.014 0.012 0.062 
 139   (0.749) 0.922 0.752 0.819 0.946 0.790 0.752 0.946 0.769 0.666 0.910 0.602 0.642 0.915 0.754 
 137   (0.145) 0.058 0.133 0.151 0.037 0.116 0.090 0.034 0.120 0.236 0.055 0.362 0.332 0.070 0.136 
 143   (0.036) 0.004 0.034 0.004 0.006 0.030 0.018 0.007 0.033 0.039 0.004 0.014 0.009 0.002 0.037 
 141   (0.014) 0.002 0.011 0.002 0.002 0.009 0.005 0.002 0.009 0.030 0.002 0.004 0.003 0.001 0.011 

Locus 9 : 
11 alleles
0.0% missing data
 116   (0.280) 0.507 0.301 0.426 0.189 0.275 0.410 0.114 0.301 0.314 0.277 0.202 0.126 0.366 0.295 
 112   (0.086) 0.038 0.081 0.058 0.351 0.086 0.069 0.016 0.086 0.173 0.081 0.032 0.022 0.033 0.082 
 122   (0.068) 0.011 0.061 0.008 0.264 0.050 0.042 0.300 0.053 0.010 0.009 0.144 0.234 0.411 0.056 
 114   (0.216) 0.355 0.220 0.082 0.070 0.247 0.212 0.058 0.226 0.293 0.342 0.079 0.247 0.022 0.225 
 120   (0.044) 0.005 0.038 0.005 0.023 0.033 0.022 0.202 0.035 0.020 0.141 0.013 0.013 0.004 0.039 
 130   (0.038) 0.006 0.042 0.005 0.005 0.034 0.061 0.164 0.035 0.004 0.042 0.011 0.072 0.002 0.035 
 118   (0.129) 0.044 0.129 0.397 0.036 0.142 0.108 0.119 0.137 0.141 0.078 0.055 0.060 0.022 0.133 
 124   (0.064) 0.007 0.058 0.008 0.052 0.059 0.035 0.011 0.055 0.035 0.008 0.228 0.070 0.134 0.059 
 126   (0.038) 0.009 0.033 0.006 0.006 0.029 0.019 0.010 0.030 0.004 0.019 0.225 0.147 0.003 0.035 
 108   (0.015) 0.002 0.016 0.002 0.002 0.016 0.007 0.002 0.017 0.002 0.002 0.004 0.004 0.001 0.018 
 128   (0.022) 0.017 0.022 0.003 0.005 0.029 0.016 0.004 0.024 0.003 0.003 0.007 0.006 0.002 0.023 

Locus 10 : 
4 alleles
0.0% missing data
 232   (0.889) 0.987 0.896 0.986 0.985 0.902 0.937 0.972 0.899 0.926 0.942 0.961 0.695 0.992 0.891 
 238   (0.080) 0.010 0.075 0.010 0.011 0.068 0.048 0.024 0.071 0.071 0.055 0.031 0.297 0.006 0.077 
 234   (0.017) 0.002 0.017 0.002 0.002 0.018 0.008 0.003 0.018 0.002 0.002 0.005 0.004 0.001 0.019 
 244   (0.013) 0.001 0.012 0.002 0.002 0.013 0.007 0.002 0.011 0.001 0.002 0.004 0.003 0.001 0.013 

Locus 11 : 
7 alleles
0.0% missing data
 165   (0.753) 0.918 0.759 0.914 0.805 0.754 0.816 0.923 0.764 0.927 0.774 0.549 0.892 0.774 0.751 
 167   (0.076) 0.010 0.068 0.057 0.164 0.059 0.035 0.024 0.061 0.029 0.014 0.354 0.021 0.214 0.071 
 161   (0.117) 0.067 0.125 0.023 0.021 0.144 0.126 0.045 0.132 0.012 0.207 0.083 0.075 0.008 0.129 
 155   (0.012) 0.001 0.011 0.001 0.002 0.009 0.005 0.002 0.010 0.001 0.001 0.003 0.003 0.001 0.012 
 173   (0.014) 0.001 0.012 0.002 0.002 0.012 0.006 0.002 0.012 0.001 0.001 0.004 0.003 0.001 0.013 
 163   (0.014) 0.001 0.011 0.002 0.006 0.010 0.006 0.002 0.010 0.027 0.002 0.004 0.003 0.001 0.012 
 171   (0.013) 0.001 0.013 0.002 0.002 0.011 0.006 0.002 0.011 0.001 0.001 0.004 0.003 0.001 0.012 

Locus 12 : 
8 alleles
0.0% missing data
 137   (0.512) 0.356 0.509 0.419 0.445 0.505 0.487 0.841 0.531 0.814 0.253 0.698 0.517 0.457 0.518 
 140   (0.154) 0.561 0.164 0.210 0.061 0.148 0.228 0.032 0.152 0.062 0.487 0.068 0.089 0.017 0.153 
 134   (0.252) 0.062 0.253 0.361 0.478 0.260 0.237 0.113 0.244 0.087 0.251 0.208 0.318 0.521 0.254 
 149   (0.013) 0.001 0.012 0.002 0.002 0.010 0.006 0.002 0.010 0.001 0.001 0.004 0.003 0.001 0.012 
 143   (0.017) 0.002 0.014 0.002 0.002 0.011 0.007 0.004 0.012 0.002 0.002 0.005 0.051 0.002 0.014 
 128   (0.013) 0.001 0.012 0.002 0.002 0.010 0.006 0.002 0.010 0.001 0.001 0.004 0.013 0.001 0.011 
 125   (0.020) 0.015 0.016 0.002 0.005 0.014 0.009 0.003 0.014 0.030 0.003 0.008 0.005 0.001 0.016 
 146   (0.019) 0.002 0.021 0.002 0.005 0.041 0.020 0.003 0.026 0.002 0.002 0.005 0.004 0.001 0.021 

Locus 13 : 
19 alleles
0.5% missing data
 206   (0.130) 0.254 0.116 0.404 0.038 0.108 0.079 0.216 0.112 0.149 0.174 0.115 0.071 0.052 0.119 
 210   (0.097) 0.163 0.103 0.271 0.048 0.090 0.145 0.018 0.098 0.023 0.157 0.043 0.031 0.386 0.095 
 190   (0.072) 0.091 0.076 0.009 0.018 0.083 0.077 0.031 0.079 0.116 0.009 0.037 0.018 0.005 0.076 
 202   (0.083) 0.035 0.093 0.017 0.019 0.076 0.151 0.516 0.093 0.011 0.012 0.226 0.248 0.008 0.090 
 214   (0.043) 0.073 0.038 0.006 0.131 0.037 0.021 0.008 0.036 0.005 0.026 0.014 0.014 0.242 0.039 
 212   (0.031) 0.004 0.027 0.004 0.014 0.023 0.017 0.005 0.023 0.410 0.004 0.016 0.008 0.174 0.027 
 192   (0.107) 0.091 0.124 0.053 0.024 0.139 0.163 0.064 0.124 0.038 0.271 0.061 0.030 0.008 0.118 
 204   (0.041) 0.022 0.038 0.005 0.063 0.035 0.028 0.019 0.037 0.018 0.012 0.018 0.017 0.023 0.038 
 184   (0.052) 0.021 0.049 0.104 0.021 0.040 0.039 0.009 0.048 0.097 0.022 0.017 0.013 0.003 0.051 
 216   (0.022) 0.019 0.020 0.003 0.003 0.017 0.026 0.004 0.018 0.002 0.258 0.007 0.005 0.001 0.019 
 208   (0.045) 0.177 0.048 0.005 0.007 0.040 0.071 0.010 0.044 0.047 0.022 0.015 0.011 0.018 0.044 
 198   (0.034) 0.004 0.042 0.004 0.010 0.072 0.042 0.019 0.060 0.005 0.004 0.011 0.009 0.002 0.048 
 194   (0.068) 0.021 0.061 0.034 0.522 0.060 0.037 0.022 0.057 0.011 0.008 0.296 0.194 0.040 0.061 
 186   (0.020) 0.002 0.017 0.003 0.047 0.014 0.008 0.003 0.014 0.002 0.002 0.010 0.006 0.011 0.018 
 188   (0.020) 0.004 0.019 0.002 0.003 0.017 0.010 0.003 0.017 0.002 0.004 0.006 0.043 0.001 0.019 
 200   (0.070) 0.012 0.064 0.067 0.021 0.068 0.044 0.037 0.066 0.036 0.008 0.077 0.265 0.020 0.067 
 196   (0.038) 0.004 0.039 0.005 0.008 0.056 0.030 0.007 0.046 0.023 0.004 0.022 0.011 0.002 0.043 
 220   (0.011) 0.001 0.010 0.001 0.001 0.009 0.005 0.007 0.009 0.001 0.001 0.003 0.004 0.001 0.010 
 180   (0.016) 0.002 0.016 0.002 0.002 0.017 0.008 0.002 0.018 0.002 0.002 0.005 0.004 0.001 0.018 

Locus 14 : 
8 alleles
1.1% missing data
 139   (0.079) 0.012 0.074 0.087 0.148 0.065 0.072 0.044 0.067 0.009 0.230 0.120 0.054 0.180 0.070 
 145   (0.064) 0.013 0.058 0.145 0.030 0.052 0.041 0.013 0.057 0.159 0.023 0.029 0.038 0.010 0.060 
 151   (0.297) 0.630 0.298 0.447 0.511 0.284 0.325 0.347 0.291 0.406 0.183 0.195 0.276 0.349 0.292 
 157   (0.347) 0.300 0.368 0.229 0.175 0.394 0.444 0.463 0.391 0.271 0.488 0.421 0.345 0.164 0.365 
 154   (0.105) 0.032 0.099 0.015 0.115 0.108 0.060 0.019 0.100 0.123 0.062 0.137 0.031 0.290 0.107 
 163   (0.043) 0.005 0.041 0.068 0.007 0.038 0.023 0.101 0.038 0.005 0.005 0.049 0.013 0.003 0.040 
 160   (0.034) 0.004 0.032 0.005 0.004 0.026 0.015 0.006 0.028 0.004 0.004 0.014 0.225 0.002 0.034 
 142   (0.031) 0.004 0.029 0.004 0.010 0.032 0.020 0.007 0.028 0.023 0.005 0.035 0.018 0.002 0.032 

Locus 15 : 
13 alleles
1.6% missing data
 256   (0.153) 0.161 0.138 0.164 0.116 0.124 0.089 0.130 0.129 0.139 0.160 0.187 0.163 0.082 0.142 
 262   (0.024) 0.002 0.019 0.257 0.003 0.017 0.009 0.004 0.016 0.003 0.003 0.167 0.007 0.001 0.019 
 246   (0.114) 0.102 0.127 0.177 0.021 0.141 0.170 0.023 0.134 0.030 0.139 0.101 0.115 0.008 0.121 
 258   (0.173) 0.227 0.198 0.026 0.042 0.183 0.316 0.519 0.202 0.169 0.284 0.205 0.147 0.013 0.189 
 254   (0.111) 0.162 0.103 0.014 0.303 0.098 0.065 0.176 0.103 0.068 0.030 0.063 0.099 0.181 0.108 
 250   (0.035) 0.004 0.030 0.004 0.080 0.026 0.016 0.010 0.027 0.021 0.004 0.020 0.014 0.599 0.030 
 242   (0.099) 0.011 0.101 0.190 0.169 0.148 0.088 0.023 0.116 0.171 0.012 0.064 0.062 0.077 0.105 
 252   (0.064) 0.032 0.063 0.116 0.051 0.057 0.076 0.014 0.063 0.036 0.027 0.071 0.022 0.009 0.064 
 248   (0.132) 0.041 0.129 0.025 0.202 0.118 0.111 0.086 0.120 0.294 0.321 0.088 0.334 0.023 0.126 
 260   (0.038) 0.251 0.038 0.005 0.005 0.032 0.031 0.006 0.035 0.004 0.015 0.012 0.022 0.003 0.040 
 264   (0.016) 0.002 0.016 0.002 0.004 0.027 0.012 0.003 0.021 0.002 0.002 0.005 0.004 0.001 0.018 
 244   (0.029) 0.003 0.026 0.018 0.004 0.022 0.013 0.005 0.023 0.063 0.003 0.014 0.008 0.002 0.026 
 276   (0.013) 0.001 0.012 0.001 0.002 0.009 0.005 0.002 0.010 0.001 0.001 0.003 0.003 0.001 0.012 

Values of parameters used in structure:
DATAFILE=G:\Shared drives\Emily_Schumacher\QUAC_analyses\QUAC_structure_wild_relate\QUAC_allpop_relate_red_12_15_21\project_data,	OUTFILE=G:\Shared drives\Emily_Schumacher\QUAC_analyses\QUAC_structure_wild_relate\QUAC_allpop_relate_red_12_15_21\50-100\Results\50-100_run_70,	NUMINDS=188,	NUMLOCI=15,	MISSING=-9,	LABEL=1,	POPDATA=1,	POPFLAG=0,	PHENOTYPE=0,	EXTRACOLS=0,	MAXPOPS=14,	BURNIN=50000,	NUMREPS=100000,	USEPOPINFO=0,	INFERALPHA=1,	INFERLAMBDA=0,	POPSPECIFICLAMBDA=0,	POPALPHAS=0,	COMPUTEPROB=1,	NOADMIX=0,	ADMBURNIN=2500,	UPDATEFREQ=1,	PRINTLIKES=0,	INTERMEDSAVE=0,	PRINTKLD=0,	PRINTNET=0,	PRINTLAMBDA=0,	ANCESTDIST=0,	NUMBOXES=1000,	ANCESTPINT=0.90000,	GENSBACK=2,	MIGRPRIOR=0.05000,	PRINTQHAT=0,	PRINTQSUM=0,	ALPHA=1.0000,	FREQSCORR=1,	FPRIORMEAN=0.0100,	FPRIORSD=0.0500,	ONEFST=0,	LAMBDA=1.0000,	UNIFPRIORALPHA=1,	ALPHAMAX=10.0000,	ALPHAPRIORA=1.0000,	ALPHAPRIORB=2.0000,	ALPHAPROPSD=0.0250,	STARTATPOPINFO=0,	RANDOMIZE=1,	LINKAGE=0,	METROFREQ=10,	REPORTHITRATE=0,	MARKOVPHASE=-1,	PHASED=0,	PLOIDY=2,	PHASEINFO=0	LOCPRIOR=0, 	LOCPRIORINIT=1.000000, 	LOCDATA=0, 	LOCISPOP=0, 	LOCPRIORSTEP=0.100000, 	MAXLOCPRIOR=20.000000, 	SEED=1639610447,	
[STRAT parameters]:    NUMSIMSTATS=1000,	PHENOTYPECOL=-9,	POOLFREQ=10,	LOCUSxONLY=0,	EMERROR=0.00100,	MISSINGPHENO=-9,	