

----------------------------------------------------
STRUCTURE by Pritchard, Stephens and Donnelly (2000)
     and Falush, Stephens and Pritchard (2003)
       Code by Pritchard, Falush and Hubisz
             Version 2.3.4 (Jul 2012)
----------------------------------------------------



Command line arguments:   bin\structure -m G:\Shared drives\Emily_Schumacher\QUAC_analyses\QUAC_structure_wild_relate\QUAC_allpop_relate_red_12_15_21\50-100\mainparams -e G:\Shared drives\Emily_Schumacher\QUAC_analyses\QUAC_structure_wild_relate\QUAC_allpop_relate_red_12_15_21\50-100\extraparams 
Input File:    G:\Shared drives\Emily_Schumacher\QUAC_analyses\QUAC_structure_wild_relate\QUAC_allpop_relate_red_12_15_21\project_data

Run parameters:
   188 individuals
   15 loci
   16 populations assumed
   50000 Burn-in period
   100000 Reps


--------------------------------------------
Proportion of membership of each pre-defined
 population in each of the 16 clusters

Given    Inferred Clusters                                                                                                  Number of
 Pop       1      2      3      4      5      6      7      8      9     10     11     12     13     14     15     16      Individuals

  1:     0.008  0.868  0.004  0.007  0.016  0.010  0.005  0.009  0.010  0.007  0.017  0.005  0.009  0.004  0.009  0.013        2
  2:     0.029  0.041  0.019  0.074  0.104  0.040  0.189  0.030  0.029  0.022  0.271  0.038  0.025  0.007  0.025  0.057       17
  3:     0.031  0.056  0.028  0.094  0.197  0.056  0.013  0.048  0.046  0.020  0.149  0.013  0.040  0.090  0.039  0.078       19
  4:     0.046  0.110  0.065  0.011  0.307  0.062  0.012  0.044  0.054  0.029  0.010  0.018  0.057  0.015  0.059  0.101       10
  5:     0.010  0.009  0.029  0.259  0.014  0.015  0.005  0.014  0.013  0.010  0.562  0.011  0.014  0.006  0.014  0.015        2
  6:     0.024  0.008  0.006  0.014  0.401  0.038  0.160  0.037  0.036  0.021  0.008  0.019  0.030  0.120  0.028  0.050        2
  7:     0.033  0.010  0.009  0.269  0.007  0.051  0.011  0.066  0.054  0.026  0.128  0.156  0.058  0.021  0.066  0.036        1
  8:     0.008  0.007  0.007  0.026  0.008  0.006  0.006  0.007  0.006  0.009  0.872  0.011  0.007  0.005  0.007  0.006        1
  9:     0.068  0.005  0.005  0.055  0.009  0.163  0.006  0.140  0.114  0.083  0.004  0.016  0.100  0.012  0.096  0.125        1
 10:     0.025  0.007  0.011  0.008  0.008  0.038  0.151  0.050  0.059  0.026  0.012  0.011  0.087  0.380  0.098  0.029        6
 11:     0.035  0.015  0.043  0.113  0.104  0.055  0.092  0.054  0.062  0.032  0.041  0.028  0.056  0.158  0.060  0.053       16
 12:     0.270  0.015  0.023  0.007  0.017  0.044  0.004  0.055  0.058  0.302  0.024  0.011  0.071  0.011  0.063  0.026        1
 13:     0.033  0.025  0.403  0.014  0.154  0.055  0.012  0.045  0.041  0.023  0.014  0.014  0.036  0.020  0.035  0.075       33
 14:     0.021  0.010  0.010  0.353  0.017  0.021  0.090  0.020  0.020  0.017  0.071  0.132  0.022  0.152  0.021  0.023       21
 15:     0.014  0.711  0.014  0.013  0.020  0.019  0.027  0.019  0.020  0.014  0.010  0.045  0.021  0.011  0.021  0.020       14
 16:     0.323  0.013  0.016  0.018  0.018  0.032  0.009  0.032  0.027  0.394  0.013  0.014  0.027  0.011  0.025  0.031       35
 17:     0.048  0.010  0.010  0.010  0.019  0.146  0.007  0.148  0.129  0.057  0.013  0.020  0.121  0.011  0.122  0.126        7
--------------------------------------------

Allele-freq. divergence among pops (Net nucleotide distance),
computed using point estimates of P.

      1       2       3       4       5       6       7       8       9      10      11      12      13      14      15      16      
 1      -    0.0543  0.0578  0.0609  0.0441  0.0097  0.0602  0.0089  0.0089  0.0011  0.0945  0.0501  0.0086  0.0394  0.0087  0.0125  
 2   0.0543     -    0.0904  0.0916  0.0788  0.0454  0.1021  0.0441  0.0432  0.0575  0.1122  0.0890  0.0420  0.0841  0.0419  0.0485  
 3   0.0578  0.0904     -    0.1075  0.0566  0.0445  0.1007  0.0468  0.0468  0.0659  0.1314  0.1080  0.0474  0.0894  0.0473  0.0409  
 4   0.0609  0.0916  0.1075     -    0.0910  0.0581  0.1009  0.0553  0.0545  0.0607  0.0906  0.0862  0.0522  0.0780  0.0520  0.0633  
 5   0.0441  0.0788  0.0566  0.0910     -    0.0277  0.0952  0.0301  0.0301  0.0495  0.1005  0.0813  0.0314  0.0630  0.0314  0.0234  
 6   0.0097  0.0454  0.0445  0.0581  0.0277     -    0.0563  0.0004  0.0007  0.0151  0.0841  0.0444  0.0016  0.0326  0.0017  0.0011  
 7   0.0602  0.1021  0.1007  0.1009  0.0952  0.0563     -    0.0543  0.0542  0.0652  0.1408  0.0833  0.0524  0.0675  0.0523  0.0589  
 8   0.0089  0.0441  0.0468  0.0553  0.0301  0.0004  0.0543     -    0.0001  0.0133  0.0840  0.0421  0.0006  0.0308  0.0007  0.0028  
 9   0.0089  0.0432  0.0468  0.0545  0.0301  0.0007  0.0542  0.0001     -    0.0133  0.0827  0.0407  0.0003  0.0295  0.0003  0.0032  
10   0.0011  0.0575  0.0659  0.0607  0.0495  0.0151  0.0652  0.0133  0.0133     -    0.0981  0.0533  0.0124  0.0438  0.0125  0.0192  
11   0.0945  0.1122  0.1314  0.0906  0.1005  0.0841  0.1408  0.0840  0.0827  0.0981     -    0.1228  0.0810  0.1141  0.0807  0.0848  
12   0.0501  0.0890  0.1080  0.0862  0.0813  0.0444  0.0833  0.0421  0.0407  0.0533  0.1228     -    0.0385  0.0589  0.0384  0.0497  
13   0.0086  0.0420  0.0474  0.0522  0.0314  0.0016  0.0524  0.0006  0.0003  0.0124  0.0810  0.0385     -    0.0282  0.0000  0.0046  
14   0.0394  0.0841  0.0894  0.0780  0.0630  0.0326  0.0675  0.0308  0.0295  0.0438  0.1141  0.0589  0.0282     -    0.0281  0.0367  
15   0.0087  0.0419  0.0473  0.0520  0.0314  0.0017  0.0523  0.0007  0.0003  0.0125  0.0807  0.0384  0.0000  0.0281     -    0.0047  
16   0.0125  0.0485  0.0409  0.0633  0.0234  0.0011  0.0589  0.0028  0.0032  0.0192  0.0848  0.0497  0.0046  0.0367  0.0047     -    

Average distances (expected heterozygosity) between individuals in same cluster:
cluster  1  : 0.5884 
cluster  2  : 0.5341 
cluster  3  : 0.5156 
cluster  4  : 0.5102 
cluster  5  : 0.5251 
cluster  6  : 0.6245 
cluster  7  : 0.5242 
cluster  8  : 0.6328 
cluster  9  : 0.6409 
cluster 10  : 0.5818 
cluster 11  : 0.4290 
cluster 12  : 0.6170 
cluster 13  : 0.6482 
cluster 14  : 0.6060 
cluster 15  : 0.6492 
cluster 16  : 0.6052 

--------------------------------------------
Estimated Ln Prob of Data   = -8252.5
Mean value of ln likelihood = -6956.2
Variance of ln likelihood   = 2592.6
Mean value of alpha         = 0.0400

Mean value of Fst_1         = 0.1335
Mean value of Fst_2         = 0.2056
Mean value of Fst_3         = 0.2285
Mean value of Fst_4         = 0.2530
Mean value of Fst_5         = 0.2059
Mean value of Fst_6         = 0.0902
Mean value of Fst_7         = 0.2567
Mean value of Fst_8         = 0.0687
Mean value of Fst_9         = 0.0454
Mean value of Fst_10         = 0.1223
Mean value of Fst_11         = 0.4075
Mean value of Fst_12         = 0.2265
Mean value of Fst_13         = 0.0060
Mean value of Fst_14         = 0.1454
Mean value of Fst_15         = 0.0002
Mean value of Fst_16         = 0.1219


Inferred ancestry of individuals:
        Label (%Miss) Pop:  Inferred clusters
  1 QAc-G-0029    (0)    1 :  0.011 0.810 0.005 0.006 0.028 0.015 0.006 0.013 0.015 0.007 0.029 0.006 0.012 0.005 0.013 0.021 
  2 QAc-G-0030    (0)    1 :  0.006 0.927 0.004 0.008 0.004 0.005 0.004 0.005 0.005 0.006 0.005 0.003 0.005 0.004 0.006 0.005 
  3 QAc-G-0062    (0)    2 :  0.035 0.006 0.005 0.243 0.006 0.028 0.425 0.026 0.024 0.029 0.029 0.060 0.028 0.008 0.029 0.020 
  4 QAc-G-0063    (0)    2 :  0.025 0.006 0.018 0.053 0.027 0.034 0.011 0.034 0.033 0.025 0.590 0.020 0.035 0.010 0.036 0.043 
  5 QAc-G-0064    (0)    2 :  0.006 0.005 0.005 0.023 0.007 0.005 0.896 0.005 0.006 0.007 0.006 0.005 0.006 0.006 0.006 0.006 
  6 QAc-G-0065    (0)    2 :  0.004 0.007 0.005 0.003 0.005 0.005 0.927 0.005 0.004 0.004 0.003 0.004 0.005 0.010 0.005 0.005 
  7 QAc-G-0066    (0)    2 :  0.004 0.005 0.004 0.005 0.004 0.004 0.003 0.004 0.004 0.004 0.941 0.004 0.004 0.003 0.004 0.004 
  8 QAc-G-0067    (0)    2 :  0.010 0.018 0.008 0.005 0.012 0.017 0.812 0.017 0.016 0.010 0.005 0.006 0.019 0.013 0.017 0.016 
  9 QAc-G-0068    (0)    2 :  0.007 0.005 0.004 0.005 0.003 0.004 0.007 0.004 0.005 0.007 0.463 0.453 0.004 0.018 0.005 0.004 
 10 QAc-G-0070    (0)    2 :  0.069 0.012 0.006 0.121 0.010 0.022 0.022 0.028 0.023 0.078 0.510 0.017 0.029 0.005 0.027 0.019 
 11 QAc-G-0071   (13)    2 :  0.006 0.009 0.003 0.037 0.008 0.006 0.003 0.006 0.006 0.006 0.881 0.006 0.006 0.005 0.005 0.007 
 12 QAc-G-0072    (0)    2 :  0.006 0.005 0.004 0.004 0.005 0.005 0.004 0.005 0.005 0.006 0.927 0.005 0.004 0.004 0.005 0.005 
 13 QAc-G-0073    (0)    2 :  0.048 0.011 0.014 0.004 0.483 0.100 0.004 0.035 0.037 0.018 0.005 0.007 0.019 0.004 0.015 0.197 
 14 QAc-G-0074    (0)    2 :  0.033 0.005 0.020 0.044 0.417 0.052 0.006 0.044 0.037 0.025 0.175 0.008 0.032 0.006 0.036 0.061 
 15 QAc-G-0075    (0)    2 :  0.015 0.017 0.038 0.013 0.668 0.029 0.011 0.027 0.028 0.013 0.012 0.009 0.028 0.008 0.023 0.061 
 16 QAc-G-0076    (0)    2 :  0.089 0.009 0.073 0.006 0.074 0.169 0.029 0.065 0.061 0.013 0.009 0.006 0.035 0.005 0.032 0.326 
 17 QAc-G-0080    (0)    2 :  0.020 0.552 0.004 0.021 0.014 0.041 0.025 0.051 0.059 0.027 0.010 0.020 0.055 0.007 0.062 0.032 
 18 QAc-G-0081    (0)    2 :  0.099 0.009 0.012 0.013 0.008 0.136 0.008 0.126 0.133 0.089 0.006 0.010 0.100 0.011 0.098 0.143 
 19 QAc-G-0083    (0)    2 :  0.018 0.016 0.093 0.665 0.020 0.021 0.013 0.021 0.019 0.013 0.033 0.005 0.015 0.005 0.016 0.026 
 20 QAc-G-0285    (0)    3 :  0.007 0.010 0.005 0.822 0.005 0.007 0.004 0.007 0.008 0.007 0.078 0.007 0.008 0.011 0.007 0.007 
 21 QAc-G-0287    (0)    3 :  0.003 0.003 0.003 0.004 0.004 0.003 0.003 0.003 0.003 0.003 0.950 0.003 0.003 0.003 0.003 0.003 
 22 QAc-G-0288    (6)    3 :  0.008 0.015 0.008 0.005 0.007 0.006 0.005 0.007 0.007 0.009 0.885 0.009 0.007 0.006 0.008 0.006 
 23 QAc-G-0292    (0)    3 :  0.014 0.005 0.005 0.686 0.006 0.014 0.007 0.012 0.010 0.012 0.173 0.012 0.012 0.008 0.011 0.013 
 24 QAc-G-0294    (0)    3 :  0.124 0.016 0.046 0.004 0.056 0.160 0.016 0.069 0.073 0.024 0.005 0.027 0.041 0.008 0.038 0.293 
 25 QAc-G-0295    (0)    3 :  0.046 0.020 0.030 0.022 0.403 0.070 0.018 0.073 0.067 0.012 0.017 0.007 0.021 0.008 0.020 0.169 
 26 QAc-G-0296    (0)    3 :  0.042 0.005 0.049 0.013 0.427 0.089 0.039 0.032 0.037 0.011 0.007 0.006 0.023 0.007 0.022 0.191 
 27 QAc-G-0297    (0)    3 :  0.023 0.006 0.039 0.004 0.223 0.085 0.003 0.102 0.110 0.037 0.003 0.014 0.131 0.024 0.134 0.061 
 28 QAc-G-0298    (6)    3 :  0.011 0.018 0.011 0.017 0.733 0.024 0.008 0.029 0.021 0.009 0.004 0.006 0.015 0.007 0.015 0.071 
 29 QAc-G-0299    (0)    3 :  0.010 0.005 0.125 0.006 0.659 0.037 0.005 0.013 0.016 0.007 0.011 0.010 0.013 0.010 0.011 0.062 
 30 QAc-G-0300    (0)    3 :  0.057 0.005 0.102 0.004 0.341 0.093 0.035 0.042 0.045 0.022 0.005 0.010 0.023 0.012 0.029 0.174 
 31 QAc-G-0301    (0)    3 :  0.008 0.008 0.020 0.010 0.778 0.013 0.035 0.013 0.013 0.008 0.012 0.005 0.012 0.005 0.010 0.050 
 32 QAc-G-0302    (0)    3 :  0.009 0.005 0.022 0.006 0.012 0.020 0.004 0.021 0.023 0.008 0.005 0.018 0.020 0.788 0.022 0.017 
 33 QAc-G-0303    (0)    3 :  0.021 0.007 0.004 0.016 0.005 0.013 0.010 0.017 0.019 0.022 0.005 0.041 0.025 0.761 0.022 0.011 
 34 QAc-G-0305    (0)    3 :  0.017 0.022 0.004 0.087 0.007 0.022 0.007 0.020 0.023 0.018 0.648 0.039 0.019 0.028 0.021 0.017 
 35 QAc-G-0307    (0)    3 :  0.015 0.859 0.006 0.010 0.007 0.009 0.005 0.012 0.012 0.018 0.004 0.006 0.010 0.008 0.010 0.009 
 36 QAc-G-0313    (0)    3 :  0.056 0.011 0.009 0.057 0.009 0.108 0.019 0.120 0.127 0.064 0.009 0.016 0.165 0.006 0.146 0.079 
 37 QAc-G-0314    (0)    3 :  0.064 0.011 0.027 0.003 0.054 0.137 0.010 0.139 0.127 0.044 0.004 0.011 0.125 0.013 0.125 0.107 
 38 QAc-G-0316    (0)    3 :  0.057 0.025 0.015 0.007 0.009 0.157 0.015 0.179 0.134 0.050 0.010 0.009 0.095 0.006 0.085 0.147 
 39 QAc-G-0033    (0)    4 :  0.012 0.007 0.156 0.004 0.666 0.018 0.012 0.011 0.015 0.008 0.006 0.005 0.008 0.006 0.007 0.060 
 40 QAc-G-0034    (0)    4 :  0.016 0.027 0.010 0.004 0.783 0.016 0.008 0.012 0.012 0.015 0.005 0.005 0.012 0.009 0.012 0.054 
 41 QAc-G-0035    (0)    4 :  0.071 0.013 0.373 0.011 0.032 0.089 0.021 0.050 0.056 0.028 0.016 0.010 0.035 0.010 0.038 0.146 
 42 QAc-G-0036    (0)    4 :  0.010 0.006 0.008 0.008 0.818 0.012 0.013 0.010 0.011 0.009 0.014 0.007 0.010 0.005 0.011 0.048 
 43 QAc-G-0039    (0)    4 :  0.135 0.035 0.024 0.005 0.038 0.159 0.008 0.082 0.091 0.038 0.009 0.015 0.046 0.011 0.039 0.267 
 44 QAc-G-0040    (0)    4 :  0.116 0.011 0.037 0.045 0.059 0.113 0.008 0.075 0.083 0.068 0.017 0.009 0.059 0.015 0.065 0.219 
 45 QAc-G-0045    (0)    4 :  0.015 0.013 0.023 0.004 0.657 0.082 0.007 0.014 0.016 0.007 0.010 0.005 0.007 0.005 0.007 0.128 
 46 QAc-G-0050    (0)    4 :  0.032 0.087 0.004 0.014 0.004 0.065 0.007 0.088 0.113 0.046 0.012 0.097 0.170 0.061 0.166 0.034 
 47 QAc-G-0052    (0)    4 :  0.010 0.856 0.005 0.005 0.006 0.010 0.023 0.012 0.009 0.010 0.004 0.008 0.013 0.005 0.012 0.010 
 48 QAc-G-0056    (0)    4 :  0.038 0.044 0.007 0.007 0.009 0.061 0.010 0.089 0.136 0.057 0.008 0.020 0.212 0.019 0.236 0.047 
 49 QAc-G-0276    (0)    5 :  0.010 0.009 0.023 0.503 0.015 0.016 0.003 0.015 0.013 0.010 0.330 0.009 0.012 0.005 0.012 0.015 
 50 QAc-G-0280    (6)    5 :  0.011 0.009 0.035 0.014 0.012 0.015 0.006 0.014 0.013 0.010 0.794 0.013 0.016 0.007 0.016 0.015 
 51 QAc-G-0018    (0)    6 :  0.009 0.012 0.008 0.005 0.786 0.016 0.007 0.011 0.012 0.008 0.007 0.022 0.012 0.016 0.012 0.057 
 52 QAc-G-0017    (0)    6 :  0.038 0.004 0.005 0.024 0.015 0.060 0.314 0.063 0.060 0.033 0.010 0.016 0.048 0.225 0.043 0.042 
 53 QAc-G-0250    (0)    7 :  0.033 0.010 0.009 0.269 0.007 0.051 0.011 0.066 0.054 0.026 0.128 0.156 0.058 0.021 0.066 0.036 
 54 QAc-G-0003    (6)    8 :  0.008 0.007 0.007 0.026 0.008 0.006 0.006 0.007 0.006 0.009 0.872 0.011 0.007 0.005 0.007 0.006 
 55 QAc-G-0283    (0)    9 :  0.068 0.005 0.005 0.055 0.009 0.163 0.006 0.140 0.114 0.083 0.004 0.016 0.100 0.012 0.096 0.125 
 56 QAc-G-0255    (0)   10 :  0.023 0.004 0.030 0.006 0.009 0.062 0.008 0.046 0.066 0.020 0.005 0.019 0.036 0.607 0.034 0.026 
 57 QAc-G-0256    (0)   10 :  0.006 0.006 0.009 0.013 0.008 0.007 0.024 0.007 0.007 0.006 0.018 0.008 0.007 0.857 0.007 0.009 
 58 QAc-G-0257    (0)   10 :  0.015 0.012 0.003 0.006 0.006 0.015 0.087 0.019 0.025 0.016 0.004 0.009 0.023 0.721 0.025 0.013 
 59 QAc-G-0259    (0)   10 :  0.040 0.003 0.008 0.003 0.003 0.048 0.003 0.103 0.101 0.039 0.003 0.008 0.284 0.012 0.308 0.034 
 60 QAc-G-0260    (0)   10 :  0.047 0.009 0.012 0.014 0.010 0.043 0.188 0.081 0.096 0.053 0.041 0.008 0.125 0.065 0.156 0.051 
 61 QAc-G-0261    (0)   10 :  0.021 0.006 0.005 0.006 0.011 0.051 0.595 0.044 0.060 0.022 0.004 0.013 0.048 0.015 0.057 0.041 
 62 QAc-G-0109    (0)   11 :  0.033 0.015 0.005 0.010 0.019 0.056 0.073 0.063 0.060 0.039 0.006 0.011 0.062 0.417 0.078 0.053 
 63 QAc-G-0113    (0)   11 :  0.011 0.019 0.005 0.053 0.013 0.020 0.027 0.025 0.022 0.012 0.010 0.100 0.030 0.607 0.031 0.016 
 64 QAc-G-0114    (0)   11 :  0.013 0.007 0.101 0.007 0.023 0.026 0.004 0.033 0.044 0.014 0.010 0.016 0.035 0.606 0.042 0.020 
 65 QAc-G-0117    (0)   11 :  0.053 0.012 0.040 0.057 0.061 0.090 0.091 0.073 0.062 0.026 0.007 0.097 0.065 0.106 0.063 0.097 
 66 QAc-G-0120    (0)   11 :  0.036 0.009 0.013 0.009 0.013 0.057 0.008 0.073 0.117 0.033 0.005 0.014 0.125 0.286 0.162 0.041 
 67 QAc-G-0125    (0)   11 :  0.021 0.037 0.005 0.058 0.005 0.017 0.658 0.024 0.026 0.025 0.016 0.009 0.031 0.023 0.028 0.017 
 68 QAc-G-0141    (0)   11 :  0.064 0.031 0.015 0.017 0.039 0.121 0.024 0.118 0.081 0.043 0.021 0.078 0.076 0.060 0.082 0.131 
 69 QAc-G-0143    (0)   11 :  0.028 0.006 0.004 0.004 0.010 0.143 0.003 0.143 0.227 0.067 0.006 0.030 0.140 0.006 0.146 0.037 
 70 QAc-G-0147    (0)   11 :  0.048 0.009 0.010 0.036 0.029 0.032 0.436 0.044 0.044 0.058 0.006 0.034 0.049 0.089 0.050 0.028 
 71 QAc-G-0174    (0)   11 :  0.005 0.006 0.005 0.867 0.007 0.005 0.004 0.005 0.005 0.005 0.063 0.006 0.005 0.004 0.005 0.005 
 72 QAc-G-0182    (0)   11 :  0.005 0.003 0.004 0.644 0.005 0.007 0.012 0.006 0.006 0.005 0.272 0.004 0.007 0.006 0.007 0.006 
 73 QAc-G-0188    (0)   11 :  0.028 0.004 0.018 0.013 0.009 0.068 0.007 0.064 0.084 0.023 0.204 0.022 0.078 0.275 0.065 0.037 
 74 QAc-G-0229    (0)   11 :  0.011 0.007 0.006 0.008 0.827 0.014 0.005 0.011 0.011 0.011 0.005 0.006 0.012 0.008 0.011 0.047 
 75 QAc-G-0233    (0)   11 :  0.071 0.036 0.329 0.004 0.014 0.057 0.011 0.068 0.071 0.092 0.006 0.009 0.102 0.006 0.093 0.032 
 76 QAc-G-0237    (0)   11 :  0.029 0.019 0.030 0.008 0.554 0.029 0.052 0.037 0.041 0.015 0.009 0.007 0.023 0.022 0.024 0.101 
 77 QAc-G-0243    (0)   11 :  0.111 0.013 0.094 0.008 0.031 0.137 0.056 0.083 0.087 0.048 0.004 0.012 0.065 0.008 0.067 0.177 
 78 QAc-G-0249    (0)   12 :  0.270 0.015 0.023 0.007 0.017 0.044 0.004 0.055 0.058 0.302 0.024 0.011 0.071 0.011 0.063 0.026 
 79 QAc-W-0001    (0)   13 :  0.007 0.005 0.847 0.003 0.041 0.010 0.013 0.009 0.009 0.007 0.003 0.005 0.009 0.012 0.009 0.011 
 80 QAc-W-0002    (0)   13 :  0.027 0.006 0.020 0.008 0.580 0.063 0.004 0.033 0.027 0.015 0.037 0.010 0.025 0.028 0.024 0.094 
 81 QAc-W-0003    (0)   13 :  0.011 0.021 0.769 0.026 0.019 0.020 0.012 0.017 0.016 0.009 0.007 0.011 0.014 0.017 0.014 0.017 
 82 QAc-W-0004    (0)   13 :  0.006 0.007 0.902 0.004 0.017 0.007 0.004 0.006 0.005 0.005 0.008 0.004 0.005 0.004 0.005 0.011 
 83 QAc-W-0005    (0)   13 :  0.007 0.004 0.904 0.006 0.008 0.008 0.005 0.008 0.007 0.008 0.005 0.004 0.007 0.005 0.007 0.009 
 84 QAc-W-0007   (13)   13 :  0.008 0.005 0.890 0.006 0.016 0.008 0.006 0.008 0.008 0.007 0.004 0.004 0.007 0.006 0.006 0.011 
 85 QAc-W-0008    (6)   13 :  0.021 0.004 0.696 0.007 0.018 0.029 0.004 0.031 0.032 0.026 0.006 0.018 0.033 0.008 0.038 0.030 
 86 QAc-W-0009    (0)   13 :  0.051 0.011 0.021 0.007 0.121 0.070 0.012 0.087 0.083 0.030 0.020 0.017 0.070 0.221 0.068 0.112 
 87 QAc-W-0010    (0)   13 :  0.036 0.005 0.691 0.017 0.012 0.028 0.037 0.022 0.019 0.024 0.008 0.013 0.017 0.018 0.018 0.035 
 88 QAc-W-0011    (0)   13 :  0.035 0.015 0.384 0.015 0.057 0.074 0.011 0.044 0.050 0.017 0.039 0.011 0.036 0.012 0.044 0.155 
 89 QAc-W-0012    (0)   13 :  0.020 0.012 0.641 0.007 0.115 0.021 0.011 0.018 0.022 0.017 0.015 0.016 0.021 0.010 0.023 0.031 
 90 QAc-W-0013    (0)   13 :  0.059 0.151 0.012 0.007 0.187 0.113 0.008 0.050 0.049 0.012 0.014 0.009 0.024 0.045 0.029 0.232 
 91 QAc-W-0014    (0)   13 :  0.019 0.005 0.843 0.010 0.020 0.016 0.006 0.012 0.010 0.015 0.004 0.006 0.009 0.004 0.009 0.014 
 92 QAc-W-0015    (0)   13 :  0.045 0.013 0.013 0.128 0.379 0.092 0.004 0.041 0.038 0.019 0.016 0.006 0.021 0.011 0.022 0.150 
 93 QAc-W-0017    (0)   13 :  0.052 0.024 0.012 0.044 0.039 0.157 0.007 0.135 0.114 0.058 0.010 0.020 0.095 0.013 0.100 0.120 
 94 QAc-W-0018    (0)   13 :  0.054 0.043 0.410 0.004 0.030 0.058 0.015 0.070 0.055 0.031 0.005 0.036 0.057 0.030 0.053 0.052 
 95 QAc-W-0020    (0)   13 :  0.009 0.003 0.795 0.005 0.007 0.026 0.011 0.029 0.023 0.011 0.004 0.010 0.020 0.005 0.022 0.019 
 96 QAc-W-0021    (0)   13 :  0.043 0.127 0.323 0.004 0.023 0.075 0.010 0.067 0.062 0.023 0.012 0.017 0.063 0.021 0.061 0.067 
 97 QAc-W-0022    (0)   13 :  0.099 0.011 0.022 0.029 0.104 0.136 0.009 0.121 0.078 0.055 0.014 0.010 0.083 0.008 0.070 0.151 
 98 QAc-W-0023    (6)   13 :  0.076 0.025 0.097 0.006 0.132 0.111 0.041 0.070 0.069 0.040 0.003 0.007 0.050 0.033 0.051 0.189 
 99 QAc-W-0024    (0)   13 :  0.023 0.093 0.346 0.005 0.022 0.085 0.006 0.096 0.064 0.019 0.055 0.009 0.053 0.011 0.050 0.063 
100 QAc-W-0025    (0)   13 :  0.019 0.019 0.356 0.005 0.345 0.030 0.004 0.029 0.035 0.018 0.008 0.010 0.024 0.011 0.029 0.061 
101 QAc-W-0026    (0)   13 :  0.028 0.079 0.457 0.016 0.057 0.031 0.022 0.031 0.038 0.034 0.052 0.019 0.042 0.015 0.049 0.030 
102 QAc-W-0027    (0)   13 :  0.012 0.005 0.084 0.004 0.725 0.014 0.004 0.019 0.020 0.012 0.005 0.008 0.013 0.012 0.015 0.049 
103 QAc-W-0028    (0)   13 :  0.020 0.004 0.567 0.008 0.136 0.048 0.004 0.039 0.034 0.015 0.008 0.005 0.021 0.007 0.023 0.059 
104 QAc-W-0029    (0)   13 :  0.059 0.007 0.247 0.003 0.175 0.104 0.019 0.044 0.044 0.010 0.004 0.025 0.021 0.009 0.021 0.208 
105 QAc-W-0032    (0)   13 :  0.012 0.006 0.844 0.003 0.023 0.014 0.022 0.010 0.011 0.009 0.003 0.005 0.009 0.004 0.008 0.017 
106 QAc-W-0033    (0)   13 :  0.045 0.013 0.155 0.009 0.022 0.074 0.031 0.086 0.101 0.048 0.004 0.070 0.135 0.011 0.129 0.065 
107 QAc-W-0035    (0)   13 :  0.036 0.021 0.133 0.014 0.412 0.040 0.008 0.040 0.057 0.032 0.022 0.026 0.043 0.006 0.043 0.066 
108 QAc-W-0037    (0)   13 :  0.010 0.015 0.023 0.006 0.780 0.017 0.016 0.013 0.012 0.008 0.008 0.008 0.011 0.006 0.011 0.055 
109 QAc-W-0038    (0)   13 :  0.037 0.007 0.142 0.034 0.082 0.128 0.011 0.132 0.099 0.031 0.010 0.011 0.086 0.014 0.067 0.110 
110 QAc-W-0040    (0)   13 :  0.073 0.015 0.629 0.009 0.019 0.014 0.024 0.021 0.022 0.084 0.010 0.006 0.028 0.009 0.025 0.013 
111 QAc-W-0041    (0)   13 :  0.033 0.062 0.037 0.006 0.351 0.105 0.006 0.039 0.036 0.016 0.032 0.032 0.029 0.029 0.028 0.161 
112 QAc-W-0042    (0)   14 :  0.019 0.015 0.007 0.011 0.020 0.033 0.325 0.020 0.016 0.009 0.037 0.051 0.018 0.354 0.018 0.046 
113 QAc-W-0044    (0)   14 :  0.085 0.005 0.008 0.080 0.081 0.107 0.174 0.054 0.042 0.028 0.041 0.020 0.029 0.069 0.024 0.153 
114 QAc-W-0045    (0)   14 :  0.008 0.009 0.007 0.006 0.012 0.012 0.030 0.016 0.016 0.009 0.011 0.062 0.015 0.760 0.015 0.013 
115 QAc-W-0048    (0)   14 :  0.010 0.015 0.011 0.006 0.014 0.015 0.073 0.018 0.023 0.011 0.005 0.012 0.030 0.709 0.031 0.017 
116 QAc-W-0050    (0)   14 :  0.017 0.006 0.004 0.006 0.010 0.018 0.021 0.021 0.020 0.016 0.008 0.610 0.020 0.184 0.021 0.018 
117 QAc-W-0051    (0)   14 :  0.008 0.015 0.007 0.039 0.007 0.011 0.095 0.014 0.012 0.007 0.006 0.679 0.015 0.058 0.015 0.014 
118 QAc-W-0052    (0)   14 :  0.005 0.003 0.010 0.006 0.006 0.005 0.920 0.005 0.005 0.005 0.006 0.004 0.005 0.006 0.005 0.005 
119 QAc-W-0053    (0)   14 :  0.012 0.005 0.008 0.008 0.008 0.012 0.025 0.012 0.013 0.009 0.005 0.015 0.014 0.825 0.014 0.014 
120 QAc-W-0054    (0)   14 :  0.053 0.009 0.009 0.066 0.011 0.055 0.092 0.065 0.056 0.029 0.107 0.212 0.071 0.048 0.073 0.043 
121 QAc-W-0056    (0)   14 :  0.028 0.011 0.051 0.010 0.068 0.041 0.008 0.054 0.057 0.029 0.007 0.422 0.079 0.017 0.073 0.046 
122 QAc-W-0057    (0)   14 :  0.018 0.026 0.007 0.081 0.018 0.024 0.012 0.025 0.035 0.021 0.007 0.557 0.040 0.073 0.035 0.023 
123 QAc-W-0060    (0)   14 :  0.006 0.004 0.004 0.866 0.019 0.006 0.033 0.007 0.007 0.006 0.009 0.005 0.007 0.006 0.008 0.007 
124 QAc-W-0061    (0)   14 :  0.038 0.011 0.013 0.637 0.034 0.026 0.005 0.026 0.032 0.041 0.014 0.016 0.036 0.017 0.034 0.020 
125 QAc-W-0062    (0)   14 :  0.005 0.005 0.003 0.930 0.004 0.004 0.009 0.004 0.004 0.005 0.006 0.004 0.004 0.004 0.004 0.004 
126 QAc-W-0063    (0)   14 :  0.012 0.022 0.017 0.789 0.007 0.012 0.028 0.012 0.013 0.011 0.022 0.006 0.015 0.007 0.013 0.013 
127 QAc-W-0064    (0)   14 :  0.008 0.007 0.010 0.876 0.006 0.008 0.005 0.008 0.007 0.008 0.020 0.008 0.008 0.005 0.009 0.007 
128 QAc-W-0065    (0)   14 :  0.016 0.011 0.008 0.762 0.015 0.019 0.007 0.021 0.018 0.019 0.010 0.033 0.017 0.008 0.020 0.017 
129 QAc-W-0066    (0)   14 :  0.003 0.005 0.003 0.005 0.004 0.003 0.003 0.003 0.003 0.003 0.949 0.003 0.003 0.003 0.003 0.003 
130 QAc-W-0072    (0)   14 :  0.061 0.011 0.016 0.697 0.006 0.014 0.004 0.015 0.015 0.071 0.006 0.036 0.016 0.006 0.016 0.010 
131 QAc-W-0073    (0)   14 :  0.014 0.008 0.006 0.828 0.009 0.016 0.008 0.016 0.013 0.010 0.007 0.012 0.013 0.013 0.012 0.014 
132 QAc-W-0077    (0)   14 :  0.006 0.004 0.006 0.701 0.007 0.006 0.005 0.006 0.006 0.006 0.212 0.009 0.006 0.008 0.006 0.007 
133 QAc-W-0078    (0)   15 :  0.024 0.637 0.013 0.008 0.022 0.028 0.015 0.027 0.037 0.028 0.033 0.010 0.041 0.006 0.048 0.024 
134 QAc-W-0079    (6)   15 :  0.007 0.905 0.005 0.004 0.007 0.006 0.003 0.006 0.007 0.007 0.012 0.005 0.006 0.007 0.006 0.006 
135 QAc-W-0081    (0)   15 :  0.006 0.904 0.009 0.008 0.005 0.006 0.010 0.006 0.006 0.005 0.004 0.005 0.006 0.004 0.006 0.008 
136 QAc-W-0082    (0)   15 :  0.005 0.418 0.003 0.005 0.006 0.007 0.003 0.007 0.008 0.006 0.005 0.489 0.006 0.018 0.007 0.006 
137 QAc-W-0083    (0)   15 :  0.009 0.841 0.008 0.035 0.007 0.008 0.009 0.009 0.009 0.010 0.007 0.014 0.009 0.008 0.009 0.010 
138 QAc-W-0086    (0)   15 :  0.010 0.862 0.008 0.005 0.008 0.009 0.005 0.009 0.015 0.010 0.016 0.014 0.008 0.006 0.008 0.009 
139 QAc-W-0087    (0)   15 :  0.007 0.915 0.004 0.003 0.005 0.006 0.003 0.006 0.006 0.007 0.005 0.005 0.006 0.009 0.006 0.005 
140 QAc-W-0088    (0)   15 :  0.011 0.815 0.006 0.006 0.012 0.015 0.004 0.018 0.022 0.011 0.007 0.010 0.020 0.013 0.019 0.013 
141 QAc-W-0092    (0)   15 :  0.017 0.591 0.025 0.006 0.099 0.034 0.020 0.019 0.025 0.014 0.011 0.007 0.027 0.016 0.030 0.058 
142 QAc-W-0093    (0)   15 :  0.018 0.707 0.027 0.005 0.018 0.028 0.010 0.031 0.032 0.019 0.003 0.015 0.026 0.012 0.025 0.023 
143 QAc-W-0094    (0)   15 :  0.022 0.276 0.053 0.055 0.009 0.040 0.255 0.046 0.040 0.030 0.006 0.016 0.053 0.023 0.045 0.032 
144 QAc-W-0097    (0)   15 :  0.019 0.624 0.027 0.007 0.064 0.033 0.017 0.031 0.034 0.012 0.006 0.011 0.033 0.013 0.032 0.037 
145 QAc-W-0099    (0)   15 :  0.035 0.607 0.005 0.004 0.011 0.043 0.020 0.045 0.036 0.030 0.005 0.019 0.044 0.015 0.042 0.038 
146 QAc-W-0107    (0)   15 :  0.008 0.853 0.006 0.029 0.006 0.010 0.007 0.011 0.009 0.007 0.014 0.008 0.009 0.005 0.010 0.009 
147 QAc-W-0115    (0)   16 :  0.345 0.010 0.012 0.008 0.020 0.011 0.006 0.013 0.012 0.511 0.005 0.005 0.013 0.005 0.014 0.011 
148 QAc-W-0116    (0)   16 :  0.347 0.007 0.008 0.005 0.019 0.034 0.014 0.032 0.033 0.362 0.003 0.013 0.037 0.021 0.032 0.034 
149 QAc-W-0117    (0)   16 :  0.416 0.004 0.005 0.004 0.009 0.014 0.004 0.015 0.012 0.461 0.004 0.007 0.010 0.013 0.010 0.012 
150 QAc-W-0118    (0)   16 :  0.349 0.022 0.007 0.020 0.007 0.017 0.006 0.017 0.017 0.437 0.039 0.009 0.017 0.009 0.015 0.013 
151 QAc-W-0119    (0)   16 :  0.377 0.008 0.006 0.004 0.008 0.022 0.007 0.025 0.025 0.413 0.017 0.017 0.023 0.007 0.025 0.017 
152 QAc-W-0120    (0)   16 :  0.315 0.010 0.010 0.009 0.010 0.028 0.005 0.036 0.035 0.388 0.020 0.008 0.048 0.014 0.045 0.021 
153 QAc-W-0121    (0)   16 :  0.383 0.004 0.007 0.010 0.006 0.016 0.003 0.014 0.012 0.393 0.075 0.029 0.013 0.007 0.014 0.014 
154 QAc-W-0122    (0)   16 :  0.284 0.006 0.019 0.008 0.007 0.060 0.004 0.074 0.047 0.329 0.004 0.008 0.035 0.013 0.031 0.070 
155 QAc-W-0123    (6)   16 :  0.327 0.010 0.004 0.009 0.013 0.033 0.017 0.042 0.031 0.402 0.008 0.007 0.029 0.009 0.030 0.029 
156 QAc-W-0124    (0)   16 :  0.237 0.077 0.017 0.110 0.042 0.027 0.007 0.021 0.018 0.344 0.011 0.007 0.024 0.004 0.026 0.027 
157 QAc-W-0125    (0)   16 :  0.385 0.019 0.008 0.005 0.011 0.014 0.009 0.014 0.014 0.456 0.008 0.007 0.014 0.009 0.015 0.012 
158 QAc-W-0132    (6)   16 :  0.252 0.033 0.018 0.030 0.037 0.028 0.019 0.031 0.030 0.366 0.057 0.009 0.029 0.006 0.030 0.026 
159 QAc-W-0134    (0)   16 :  0.428 0.006 0.005 0.007 0.008 0.007 0.006 0.007 0.007 0.487 0.005 0.004 0.006 0.005 0.007 0.006 
160 QAc-W-0135    (0)   16 :  0.276 0.010 0.108 0.029 0.025 0.020 0.004 0.021 0.022 0.390 0.016 0.006 0.019 0.007 0.019 0.029 
161 QAc-W-0136    (0)   16 :  0.388 0.004 0.005 0.006 0.006 0.009 0.007 0.008 0.008 0.524 0.003 0.005 0.007 0.005 0.007 0.008 
162 QAc-W-0138    (0)   16 :  0.401 0.003 0.008 0.005 0.006 0.011 0.006 0.009 0.009 0.500 0.004 0.005 0.008 0.004 0.008 0.013 
163 QAc-W-0140    (0)   16 :  0.377 0.006 0.009 0.005 0.020 0.027 0.005 0.026 0.021 0.395 0.006 0.010 0.015 0.027 0.020 0.031 
164 QAc-W-0141    (6)   16 :  0.123 0.008 0.018 0.009 0.052 0.136 0.008 0.127 0.087 0.104 0.033 0.013 0.063 0.022 0.068 0.129 
165 QAc-W-0142    (0)   16 :  0.422 0.005 0.004 0.014 0.004 0.007 0.004 0.007 0.007 0.475 0.013 0.010 0.007 0.005 0.008 0.007 
166 QAc-W-0143    (0)   16 :  0.367 0.032 0.008 0.006 0.005 0.012 0.006 0.019 0.014 0.462 0.004 0.010 0.016 0.012 0.015 0.013 
167 QAc-W-0145    (0)   16 :  0.372 0.004 0.004 0.006 0.006 0.012 0.004 0.018 0.012 0.512 0.003 0.005 0.012 0.007 0.012 0.011 
168 QAc-W-0148    (0)   16 :  0.369 0.004 0.007 0.008 0.012 0.007 0.008 0.008 0.007 0.535 0.004 0.005 0.007 0.005 0.007 0.007 
169 QAc-W-0149    (0)   16 :  0.227 0.011 0.012 0.016 0.012 0.088 0.038 0.087 0.061 0.199 0.005 0.013 0.066 0.016 0.055 0.094 
170 QAc-W-0150    (0)   16 :  0.241 0.029 0.087 0.008 0.039 0.069 0.017 0.053 0.054 0.221 0.005 0.011 0.050 0.007 0.040 0.068 
171 QAc-W-0151    (0)   16 :  0.318 0.010 0.010 0.006 0.050 0.016 0.006 0.016 0.017 0.477 0.004 0.008 0.018 0.007 0.017 0.019 
172 QAc-W-0152    (0)   16 :  0.351 0.005 0.005 0.033 0.009 0.009 0.006 0.011 0.010 0.501 0.006 0.013 0.013 0.011 0.009 0.009 
173 QAc-W-0153    (0)   16 :  0.048 0.025 0.006 0.023 0.037 0.188 0.004 0.159 0.118 0.049 0.006 0.012 0.084 0.007 0.077 0.158 
174 QAc-W-0154    (0)   16 :  0.315 0.006 0.055 0.004 0.009 0.027 0.004 0.025 0.029 0.422 0.003 0.007 0.034 0.006 0.031 0.021 
175 QAc-W-0157    (0)   16 :  0.308 0.005 0.005 0.019 0.024 0.028 0.026 0.046 0.044 0.337 0.013 0.011 0.047 0.014 0.052 0.022 
176 QAc-W-0158    (0)   16 :  0.279 0.029 0.045 0.008 0.062 0.033 0.008 0.023 0.022 0.366 0.026 0.007 0.020 0.006 0.020 0.044 
177 QAc-W-0159    (0)   16 :  0.429 0.007 0.008 0.004 0.007 0.009 0.008 0.010 0.009 0.461 0.004 0.008 0.010 0.007 0.010 0.009 
178 QAc-W-0160    (0)   16 :  0.316 0.009 0.025 0.006 0.017 0.029 0.004 0.020 0.036 0.420 0.004 0.005 0.035 0.005 0.034 0.036 
179 QAc-W-0162    (0)   16 :  0.325 0.006 0.004 0.091 0.005 0.015 0.019 0.015 0.018 0.388 0.006 0.033 0.021 0.026 0.018 0.010 
180 QAc-W-0163    (0)   16 :  0.310 0.005 0.006 0.009 0.008 0.019 0.010 0.029 0.028 0.315 0.007 0.128 0.038 0.037 0.034 0.018 
181 QAc-W-0164    (0)   16 :  0.285 0.012 0.008 0.076 0.009 0.027 0.010 0.031 0.029 0.375 0.009 0.019 0.042 0.011 0.037 0.020 
182 QAc-W-0167    (0)   17 :  0.034 0.021 0.006 0.009 0.007 0.205 0.006 0.200 0.123 0.046 0.006 0.015 0.070 0.011 0.071 0.171 
183 QAc-W-0168    (0)   17 :  0.104 0.014 0.010 0.024 0.018 0.095 0.008 0.103 0.103 0.108 0.056 0.014 0.122 0.019 0.126 0.077 
184 QAc-W-0169    (0)   17 :  0.036 0.004 0.021 0.011 0.016 0.093 0.004 0.100 0.140 0.050 0.011 0.068 0.182 0.014 0.192 0.058 
185 QAc-W-0170    (0)   17 :  0.043 0.007 0.011 0.005 0.060 0.122 0.005 0.119 0.137 0.048 0.004 0.015 0.142 0.010 0.159 0.114 
186 QAc-W-0172    (0)   17 :  0.049 0.011 0.008 0.003 0.012 0.090 0.014 0.105 0.154 0.049 0.002 0.007 0.216 0.005 0.200 0.075 
187 QAc-W-0173    (0)   17 :  0.034 0.006 0.011 0.011 0.016 0.225 0.005 0.210 0.123 0.054 0.004 0.008 0.049 0.005 0.043 0.196 
188 QAc-W-0174    (0)   17 :  0.035 0.006 0.005 0.011 0.008 0.194 0.004 0.203 0.126 0.046 0.011 0.017 0.070 0.010 0.065 0.190 


Estimated Allele Frequencies in each cluster
First column gives estimated ancestral frequencies


Locus 1 : 
18 alleles
0.0% missing data
 210   (0.113) 0.159 0.150 0.017 0.023 0.074 0.104 0.030 0.114 0.114 0.158 0.007 0.085 0.114 0.259 0.113 0.092 
 212   (0.119) 0.103 0.272 0.051 0.016 0.394 0.127 0.024 0.117 0.124 0.107 0.195 0.099 0.118 0.036 0.119 0.144 
 202   (0.056) 0.025 0.140 0.067 0.007 0.037 0.044 0.301 0.050 0.051 0.023 0.003 0.022 0.056 0.017 0.056 0.036 
 226   (0.042) 0.015 0.015 0.005 0.132 0.005 0.025 0.219 0.031 0.035 0.016 0.243 0.034 0.041 0.024 0.042 0.019 
 216   (0.073) 0.095 0.169 0.018 0.057 0.012 0.055 0.179 0.061 0.066 0.107 0.005 0.036 0.073 0.052 0.073 0.048 
 200   (0.235) 0.246 0.086 0.512 0.125 0.374 0.338 0.121 0.284 0.264 0.185 0.514 0.140 0.237 0.192 0.235 0.406 
 224   (0.045) 0.023 0.012 0.009 0.262 0.022 0.048 0.010 0.048 0.046 0.019 0.004 0.023 0.046 0.011 0.045 0.048 
 218   (0.054) 0.099 0.105 0.087 0.018 0.012 0.040 0.010 0.045 0.048 0.117 0.004 0.042 0.054 0.014 0.054 0.031 
 228   (0.012) 0.003 0.001 0.001 0.127 0.001 0.006 0.002 0.007 0.008 0.004 0.001 0.003 0.011 0.003 0.012 0.004 
 214   (0.063) 0.033 0.008 0.007 0.210 0.009 0.050 0.044 0.058 0.057 0.033 0.013 0.446 0.063 0.161 0.063 0.040 
 208   (0.063) 0.028 0.026 0.208 0.008 0.041 0.077 0.017 0.084 0.077 0.028 0.004 0.024 0.063 0.084 0.063 0.063 
 220   (0.032) 0.016 0.004 0.003 0.004 0.007 0.032 0.006 0.032 0.034 0.017 0.002 0.013 0.033 0.008 0.032 0.024 
 196   (0.011) 0.003 0.001 0.001 0.001 0.001 0.007 0.002 0.008 0.009 0.004 0.001 0.004 0.011 0.003 0.011 0.005 
 238   (0.012) 0.005 0.001 0.001 0.002 0.001 0.011 0.002 0.010 0.011 0.005 0.001 0.004 0.012 0.003 0.012 0.008 
 206   (0.022) 0.019 0.003 0.003 0.002 0.003 0.013 0.004 0.016 0.018 0.023 0.001 0.008 0.021 0.060 0.022 0.010 
 190   (0.011) 0.004 0.001 0.001 0.001 0.001 0.006 0.002 0.008 0.009 0.003 0.001 0.003 0.011 0.002 0.011 0.004 
 222   (0.024) 0.120 0.003 0.007 0.003 0.003 0.014 0.025 0.018 0.019 0.146 0.001 0.008 0.024 0.007 0.024 0.011 
 232   (0.013) 0.004 0.002 0.001 0.001 0.002 0.006 0.003 0.008 0.010 0.004 0.001 0.006 0.013 0.064 0.013 0.006 

Locus 2 : 
15 alleles
2.1% missing data
 171   (0.213) 0.151 0.180 0.308 0.044 0.422 0.239 0.245 0.218 0.218 0.109 0.017 0.238 0.215 0.454 0.213 0.264 
 175   (0.102) 0.054 0.259 0.046 0.029 0.059 0.083 0.202 0.086 0.092 0.047 0.030 0.255 0.102 0.030 0.102 0.079 
 185   (0.050) 0.144 0.083 0.008 0.015 0.006 0.040 0.012 0.047 0.048 0.158 0.004 0.019 0.050 0.013 0.050 0.033 
 179   (0.073) 0.178 0.009 0.008 0.493 0.011 0.073 0.242 0.082 0.072 0.226 0.035 0.031 0.074 0.018 0.073 0.063 
 181   (0.090) 0.048 0.345 0.030 0.045 0.125 0.106 0.034 0.091 0.090 0.039 0.560 0.074 0.090 0.114 0.090 0.118 
 173   (0.186) 0.206 0.039 0.188 0.147 0.216 0.193 0.175 0.192 0.191 0.184 0.329 0.210 0.183 0.173 0.186 0.228 
 177   (0.034) 0.052 0.004 0.004 0.183 0.004 0.023 0.006 0.026 0.030 0.068 0.003 0.035 0.034 0.010 0.034 0.018 
 187   (0.093) 0.047 0.011 0.109 0.026 0.121 0.108 0.018 0.112 0.105 0.051 0.008 0.081 0.094 0.046 0.093 0.090 
 183   (0.060) 0.079 0.021 0.007 0.007 0.010 0.067 0.016 0.069 0.069 0.072 0.006 0.024 0.060 0.098 0.060 0.052 
 189   (0.031) 0.018 0.004 0.286 0.003 0.017 0.023 0.005 0.024 0.027 0.021 0.002 0.012 0.030 0.007 0.031 0.022 
 191   (0.021) 0.009 0.041 0.003 0.003 0.003 0.014 0.038 0.017 0.017 0.009 0.002 0.008 0.021 0.025 0.021 0.010 
 163   (0.012) 0.004 0.001 0.001 0.001 0.001 0.007 0.002 0.008 0.009 0.004 0.001 0.003 0.012 0.003 0.012 0.005 
 165   (0.012) 0.004 0.001 0.001 0.001 0.001 0.007 0.002 0.009 0.009 0.004 0.001 0.003 0.012 0.003 0.012 0.005 
 193   (0.011) 0.004 0.001 0.001 0.001 0.001 0.009 0.002 0.010 0.013 0.004 0.001 0.004 0.011 0.003 0.011 0.005 
 167   (0.012) 0.004 0.001 0.001 0.001 0.001 0.008 0.002 0.009 0.010 0.005 0.001 0.003 0.012 0.003 0.012 0.006 

Locus 3 : 
4 alleles
1.1% missing data
 206   (0.889) 0.955 0.975 0.690 0.883 0.982 0.909 0.892 0.898 0.897 0.956 0.989 0.939 0.889 0.900 0.889 0.928 
 208   (0.059) 0.024 0.008 0.305 0.053 0.011 0.044 0.011 0.053 0.052 0.023 0.004 0.043 0.059 0.067 0.059 0.035 
 204   (0.038) 0.015 0.015 0.004 0.063 0.005 0.027 0.095 0.031 0.034 0.015 0.006 0.013 0.038 0.030 0.038 0.021 
 212   (0.014) 0.007 0.002 0.001 0.002 0.003 0.020 0.002 0.019 0.017 0.006 0.001 0.005 0.014 0.003 0.014 0.016 

Locus 4 : 
15 alleles
1.1% missing data
 165   (0.077) 0.053 0.466 0.014 0.311 0.034 0.095 0.045 0.086 0.085 0.035 0.005 0.067 0.076 0.021 0.077 0.106 
 163   (0.198) 0.268 0.029 0.085 0.078 0.070 0.251 0.082 0.241 0.222 0.255 0.015 0.170 0.201 0.269 0.198 0.249 
 167   (0.142) 0.145 0.070 0.244 0.019 0.189 0.131 0.480 0.143 0.137 0.135 0.009 0.167 0.142 0.097 0.142 0.124 
 161   (0.358) 0.422 0.126 0.474 0.568 0.663 0.345 0.329 0.340 0.346 0.458 0.956 0.462 0.357 0.430 0.358 0.376 
 153   (0.016) 0.009 0.002 0.010 0.002 0.004 0.018 0.003 0.013 0.015 0.005 0.001 0.005 0.015 0.004 0.016 0.025 
 173   (0.033) 0.011 0.259 0.003 0.004 0.004 0.023 0.006 0.026 0.031 0.012 0.002 0.058 0.033 0.025 0.033 0.015 
 171   (0.038) 0.019 0.005 0.005 0.004 0.005 0.039 0.031 0.040 0.043 0.016 0.003 0.018 0.039 0.049 0.038 0.030 
 179   (0.012) 0.004 0.001 0.002 0.001 0.004 0.008 0.002 0.010 0.011 0.004 0.001 0.004 0.012 0.003 0.012 0.005 
 157   (0.023) 0.008 0.003 0.147 0.002 0.013 0.015 0.004 0.017 0.018 0.008 0.001 0.009 0.022 0.017 0.023 0.013 
 149   (0.012) 0.004 0.001 0.001 0.001 0.001 0.006 0.002 0.007 0.009 0.004 0.001 0.006 0.011 0.027 0.012 0.005 
 177   (0.021) 0.013 0.012 0.003 0.002 0.004 0.021 0.004 0.023 0.020 0.010 0.001 0.008 0.021 0.006 0.021 0.018 
 155   (0.017) 0.006 0.002 0.006 0.002 0.002 0.011 0.003 0.014 0.014 0.007 0.001 0.005 0.017 0.004 0.017 0.008 
 175   (0.012) 0.004 0.001 0.001 0.001 0.001 0.007 0.002 0.008 0.010 0.004 0.001 0.004 0.012 0.010 0.012 0.005 
 169   (0.024) 0.008 0.018 0.003 0.003 0.003 0.017 0.004 0.019 0.023 0.008 0.001 0.010 0.023 0.035 0.024 0.011 
 159   (0.019) 0.026 0.002 0.002 0.002 0.002 0.012 0.003 0.013 0.016 0.038 0.001 0.006 0.018 0.004 0.019 0.009 

Locus 5 : 
16 alleles
0.0% missing data
 148   (0.118) 0.080 0.282 0.104 0.049 0.196 0.112 0.028 0.118 0.118 0.074 0.360 0.036 0.117 0.097 0.118 0.103 
 160   (0.026) 0.009 0.059 0.004 0.003 0.005 0.017 0.061 0.019 0.020 0.009 0.002 0.007 0.025 0.027 0.026 0.016 
 154   (0.076) 0.155 0.027 0.018 0.169 0.010 0.070 0.053 0.076 0.073 0.170 0.010 0.053 0.076 0.022 0.076 0.055 
 150   (0.062) 0.029 0.010 0.063 0.011 0.030 0.058 0.013 0.056 0.057 0.025 0.012 0.405 0.062 0.074 0.062 0.060 
 138   (0.118) 0.177 0.150 0.024 0.185 0.057 0.104 0.311 0.120 0.117 0.202 0.008 0.057 0.118 0.091 0.118 0.110 
 166   (0.033) 0.011 0.014 0.035 0.003 0.006 0.019 0.257 0.022 0.026 0.011 0.002 0.011 0.032 0.196 0.033 0.015 
 146   (0.099) 0.044 0.165 0.034 0.230 0.028 0.087 0.076 0.100 0.096 0.045 0.335 0.038 0.099 0.092 0.099 0.075 
 164   (0.017) 0.006 0.002 0.002 0.002 0.002 0.011 0.038 0.013 0.014 0.006 0.001 0.004 0.017 0.004 0.017 0.009 
 142   (0.018) 0.016 0.002 0.002 0.002 0.002 0.010 0.003 0.012 0.014 0.014 0.009 0.193 0.018 0.008 0.018 0.007 
 144   (0.153) 0.160 0.028 0.070 0.299 0.377 0.184 0.060 0.164 0.159 0.153 0.232 0.081 0.153 0.241 0.153 0.208 
 140   (0.080) 0.143 0.019 0.189 0.010 0.237 0.097 0.016 0.089 0.088 0.172 0.007 0.024 0.081 0.021 0.080 0.091 
 158   (0.041) 0.043 0.088 0.009 0.005 0.015 0.056 0.034 0.044 0.042 0.024 0.003 0.016 0.042 0.025 0.041 0.081 
 162   (0.028) 0.011 0.127 0.003 0.003 0.005 0.028 0.005 0.030 0.030 0.011 0.002 0.022 0.028 0.008 0.028 0.022 
 152   (0.092) 0.103 0.013 0.440 0.026 0.024 0.114 0.019 0.104 0.105 0.068 0.016 0.038 0.094 0.040 0.092 0.124 
 134   (0.017) 0.006 0.002 0.002 0.002 0.002 0.016 0.003 0.015 0.018 0.007 0.001 0.008 0.017 0.048 0.017 0.009 
 156   (0.022) 0.008 0.013 0.003 0.002 0.004 0.018 0.022 0.018 0.021 0.008 0.001 0.007 0.022 0.006 0.022 0.015 

Locus 6 : 
12 alleles
0.0% missing data
 225   (0.044) 0.026 0.120 0.010 0.007 0.006 0.035 0.007 0.041 0.040 0.025 0.290 0.032 0.044 0.011 0.044 0.027 
 239   (0.101) 0.051 0.028 0.014 0.228 0.104 0.094 0.239 0.103 0.108 0.043 0.430 0.054 0.100 0.053 0.101 0.093 
 229   (0.015) 0.005 0.289 0.002 0.001 0.003 0.009 0.002 0.010 0.012 0.005 0.001 0.005 0.015 0.004 0.015 0.009 
 235   (0.297) 0.411 0.375 0.271 0.313 0.413 0.314 0.089 0.306 0.298 0.449 0.229 0.515 0.299 0.144 0.297 0.314 
 237   (0.215) 0.193 0.039 0.196 0.266 0.275 0.238 0.069 0.235 0.231 0.187 0.025 0.152 0.217 0.175 0.215 0.229 
 233   (0.102) 0.056 0.062 0.468 0.158 0.159 0.098 0.253 0.087 0.093 0.045 0.010 0.076 0.100 0.090 0.102 0.122 
 227   (0.030) 0.010 0.003 0.003 0.003 0.004 0.018 0.281 0.022 0.026 0.010 0.002 0.031 0.029 0.400 0.030 0.013 
 245   (0.066) 0.120 0.008 0.021 0.008 0.018 0.082 0.022 0.073 0.069 0.106 0.005 0.030 0.067 0.021 0.066 0.095 
 241   (0.039) 0.027 0.066 0.007 0.007 0.006 0.028 0.014 0.032 0.033 0.027 0.003 0.034 0.038 0.035 0.039 0.023 
 231   (0.052) 0.049 0.006 0.005 0.006 0.007 0.056 0.017 0.059 0.057 0.052 0.003 0.052 0.052 0.024 0.052 0.049 
 243   (0.029) 0.048 0.004 0.003 0.003 0.005 0.020 0.005 0.024 0.025 0.047 0.002 0.016 0.028 0.040 0.029 0.021 
 251   (0.010) 0.003 0.001 0.001 0.001 0.001 0.006 0.002 0.007 0.008 0.004 0.001 0.003 0.010 0.002 0.010 0.004 

Locus 7 : 
5 alleles
0.0% missing data
 118   (0.919) 0.963 0.989 0.920 0.992 0.939 0.933 0.679 0.934 0.928 0.969 0.993 0.615 0.921 0.976 0.919 0.934 
 124   (0.039) 0.020 0.005 0.075 0.004 0.056 0.033 0.313 0.029 0.034 0.015 0.003 0.012 0.038 0.009 0.039 0.038 
 116   (0.013) 0.004 0.002 0.001 0.001 0.001 0.006 0.002 0.008 0.009 0.004 0.003 0.363 0.012 0.008 0.013 0.005 
 114   (0.016) 0.008 0.002 0.003 0.002 0.002 0.019 0.004 0.019 0.017 0.007 0.001 0.005 0.016 0.004 0.016 0.017 
 122   (0.013) 0.004 0.002 0.001 0.001 0.002 0.009 0.002 0.009 0.011 0.005 0.001 0.005 0.013 0.003 0.013 0.006 

Locus 8 : 
5 alleles
0.0% missing data
 135   (0.053) 0.059 0.022 0.013 0.006 0.031 0.081 0.010 0.058 0.064 0.039 0.011 0.018 0.053 0.013 0.053 0.110 
 139   (0.746) 0.710 0.819 0.929 0.955 0.907 0.771 0.946 0.780 0.757 0.719 0.916 0.581 0.747 0.650 0.746 0.775 
 137   (0.150) 0.180 0.153 0.052 0.034 0.056 0.115 0.035 0.123 0.137 0.187 0.070 0.382 0.149 0.324 0.150 0.091 
 143   (0.037) 0.033 0.004 0.004 0.004 0.004 0.025 0.007 0.031 0.032 0.032 0.002 0.015 0.037 0.010 0.037 0.018 
 141   (0.014) 0.017 0.002 0.002 0.001 0.002 0.008 0.002 0.009 0.011 0.024 0.001 0.004 0.014 0.003 0.014 0.006 

Locus 9 : 
11 alleles
0.0% missing data
 116   (0.285) 0.341 0.426 0.511 0.178 0.278 0.329 0.110 0.303 0.301 0.300 0.374 0.200 0.285 0.120 0.285 0.378 
 112   (0.089) 0.140 0.057 0.036 0.377 0.081 0.081 0.016 0.085 0.081 0.149 0.012 0.034 0.088 0.022 0.088 0.068 
 122   (0.064) 0.027 0.007 0.010 0.296 0.009 0.043 0.304 0.047 0.054 0.025 0.427 0.135 0.063 0.252 0.064 0.039 
 114   (0.215) 0.250 0.080 0.361 0.046 0.344 0.227 0.054 0.230 0.227 0.273 0.020 0.082 0.217 0.239 0.215 0.224 
 120   (0.044) 0.024 0.005 0.005 0.023 0.141 0.028 0.205 0.034 0.036 0.025 0.003 0.014 0.043 0.012 0.044 0.030 
 130   (0.038) 0.022 0.005 0.006 0.004 0.040 0.040 0.168 0.034 0.036 0.013 0.002 0.012 0.037 0.074 0.038 0.059 
 118   (0.125) 0.126 0.400 0.039 0.019 0.075 0.136 0.116 0.139 0.131 0.143 0.020 0.056 0.129 0.055 0.125 0.117 
 124   (0.065) 0.040 0.008 0.007 0.051 0.009 0.049 0.011 0.057 0.058 0.040 0.136 0.226 0.064 0.074 0.065 0.039 
 126   (0.039) 0.017 0.006 0.009 0.005 0.019 0.029 0.009 0.032 0.035 0.015 0.003 0.229 0.038 0.144 0.039 0.021 
 108   (0.015) 0.005 0.002 0.001 0.001 0.002 0.015 0.002 0.015 0.020 0.007 0.001 0.006 0.015 0.003 0.015 0.007 
 128   (0.021) 0.009 0.003 0.016 0.002 0.003 0.023 0.004 0.025 0.022 0.010 0.002 0.007 0.021 0.005 0.021 0.019 

Locus 10 : 
4 alleles
0.0% missing data
 232   (0.892) 0.926 0.987 0.987 0.988 0.943 0.915 0.971 0.905 0.896 0.924 0.993 0.958 0.893 0.686 0.892 0.934 
 238   (0.079) 0.065 0.010 0.010 0.009 0.053 0.060 0.025 0.069 0.072 0.064 0.005 0.033 0.078 0.307 0.079 0.051 
 234   (0.016) 0.005 0.002 0.002 0.002 0.002 0.016 0.002 0.016 0.021 0.007 0.001 0.006 0.016 0.004 0.016 0.008 
 244   (0.013) 0.004 0.001 0.001 0.001 0.002 0.010 0.002 0.010 0.011 0.005 0.001 0.004 0.012 0.003 0.013 0.007 

Locus 11 : 
7 alleles
0.0% missing data
 165   (0.758) 0.870 0.916 0.923 0.799 0.774 0.783 0.927 0.771 0.766 0.871 0.770 0.549 0.758 0.890 0.758 0.810 
 167   (0.078) 0.039 0.057 0.010 0.183 0.014 0.050 0.023 0.060 0.066 0.040 0.219 0.353 0.077 0.023 0.078 0.038 
 161   (0.113) 0.059 0.021 0.062 0.013 0.207 0.135 0.042 0.130 0.125 0.049 0.008 0.083 0.115 0.076 0.113 0.130 
 155   (0.013) 0.004 0.001 0.001 0.001 0.001 0.007 0.002 0.009 0.010 0.004 0.001 0.003 0.013 0.003 0.013 0.005 
 173   (0.012) 0.004 0.001 0.001 0.001 0.001 0.010 0.002 0.010 0.013 0.005 0.001 0.004 0.012 0.003 0.012 0.006 
 163   (0.014) 0.019 0.002 0.001 0.001 0.002 0.008 0.002 0.010 0.011 0.027 0.001 0.004 0.014 0.003 0.014 0.006 
 171   (0.012) 0.004 0.001 0.001 0.001 0.001 0.008 0.002 0.009 0.010 0.004 0.001 0.003 0.012 0.003 0.012 0.006 

Locus 12 : 
8 alleles
0.0% missing data
 137   (0.529) 0.700 0.408 0.338 0.418 0.257 0.514 0.847 0.533 0.525 0.724 0.456 0.710 0.532 0.540 0.529 0.474 
 140   (0.150) 0.108 0.212 0.586 0.053 0.485 0.178 0.031 0.157 0.160 0.088 0.015 0.066 0.148 0.076 0.150 0.235 
 134   (0.244) 0.150 0.371 0.058 0.521 0.249 0.242 0.109 0.240 0.243 0.135 0.524 0.197 0.243 0.318 0.244 0.237 
 149   (0.012) 0.004 0.002 0.001 0.001 0.001 0.007 0.002 0.008 0.010 0.004 0.001 0.004 0.012 0.003 0.012 0.005 
 143   (0.016) 0.006 0.002 0.002 0.002 0.002 0.010 0.004 0.011 0.014 0.006 0.002 0.006 0.016 0.044 0.016 0.008 
 128   (0.012) 0.004 0.001 0.001 0.001 0.001 0.007 0.002 0.009 0.011 0.004 0.001 0.004 0.012 0.009 0.012 0.005 
 125   (0.018) 0.021 0.002 0.012 0.002 0.003 0.011 0.003 0.013 0.015 0.029 0.001 0.007 0.017 0.005 0.018 0.008 
 146   (0.019) 0.008 0.002 0.002 0.002 0.002 0.030 0.003 0.029 0.024 0.009 0.001 0.006 0.019 0.004 0.019 0.026 

Locus 13 : 
19 alleles
0.5% missing data
 206   (0.130) 0.121 0.413 0.259 0.029 0.171 0.102 0.217 0.117 0.119 0.145 0.049 0.114 0.129 0.069 0.130 0.094 
 210   (0.097) 0.065 0.279 0.169 0.040 0.153 0.111 0.017 0.092 0.094 0.050 0.411 0.045 0.096 0.027 0.097 0.135 
 190   (0.072) 0.103 0.009 0.089 0.012 0.012 0.078 0.030 0.078 0.075 0.094 0.005 0.037 0.073 0.018 0.072 0.066 
 202   (0.087) 0.075 0.017 0.033 0.014 0.019 0.103 0.527 0.094 0.091 0.039 0.008 0.216 0.088 0.254 0.087 0.121 
 214   (0.043) 0.015 0.005 0.065 0.145 0.023 0.032 0.008 0.037 0.039 0.016 0.251 0.014 0.042 0.012 0.042 0.025 
 212   (0.032) 0.233 0.004 0.004 0.004 0.004 0.020 0.005 0.024 0.026 0.276 0.184 0.017 0.031 0.007 0.032 0.017 
 192   (0.113) 0.084 0.048 0.090 0.014 0.266 0.148 0.061 0.132 0.127 0.063 0.008 0.063 0.115 0.031 0.113 0.173 
 204   (0.040) 0.032 0.005 0.020 0.061 0.012 0.033 0.018 0.039 0.037 0.026 0.019 0.017 0.041 0.015 0.040 0.026 
 184   (0.056) 0.075 0.100 0.019 0.006 0.023 0.043 0.009 0.048 0.049 0.094 0.004 0.019 0.055 0.013 0.056 0.037 
 216   (0.020) 0.010 0.002 0.014 0.002 0.259 0.018 0.003 0.020 0.023 0.007 0.001 0.007 0.019 0.004 0.020 0.038 
 208   (0.042) 0.048 0.005 0.192 0.005 0.022 0.048 0.009 0.038 0.041 0.044 0.016 0.016 0.042 0.010 0.042 0.063 
 198   (0.035) 0.022 0.004 0.004 0.004 0.005 0.060 0.018 0.058 0.049 0.020 0.002 0.012 0.037 0.008 0.035 0.054 
 194   (0.064) 0.025 0.032 0.020 0.595 0.009 0.051 0.020 0.056 0.058 0.028 0.006 0.304 0.064 0.198 0.064 0.037 
 186   (0.019) 0.006 0.003 0.002 0.048 0.002 0.011 0.003 0.013 0.015 0.007 0.013 0.010 0.019 0.005 0.019 0.008 
 188   (0.020) 0.007 0.002 0.004 0.002 0.005 0.014 0.003 0.016 0.019 0.007 0.001 0.007 0.019 0.036 0.020 0.010 
 200   (0.066) 0.046 0.065 0.010 0.013 0.009 0.058 0.036 0.064 0.065 0.044 0.018 0.074 0.065 0.274 0.066 0.045 
 196   (0.037) 0.024 0.005 0.004 0.005 0.005 0.046 0.007 0.047 0.042 0.028 0.002 0.020 0.038 0.010 0.037 0.037 
 220   (0.012) 0.004 0.001 0.001 0.001 0.001 0.007 0.006 0.009 0.010 0.005 0.001 0.004 0.012 0.004 0.012 0.006 
 180   (0.015) 0.005 0.002 0.002 0.001 0.002 0.016 0.002 0.015 0.020 0.007 0.001 0.006 0.015 0.003 0.015 0.007 

Locus 14 : 
8 alleles
1.1% missing data
 139   (0.076) 0.032 0.088 0.011 0.164 0.232 0.068 0.042 0.061 0.065 0.030 0.184 0.111 0.075 0.055 0.076 0.074 
 145   (0.066) 0.117 0.141 0.012 0.010 0.023 0.048 0.013 0.058 0.058 0.142 0.009 0.029 0.067 0.038 0.066 0.038 
 151   (0.296) 0.371 0.459 0.655 0.544 0.185 0.298 0.347 0.285 0.284 0.351 0.334 0.191 0.295 0.281 0.296 0.315 
 157   (0.355) 0.326 0.224 0.281 0.161 0.487 0.420 0.469 0.410 0.392 0.311 0.155 0.441 0.355 0.322 0.355 0.446 
 154   (0.103) 0.102 0.014 0.030 0.109 0.059 0.092 0.018 0.097 0.104 0.108 0.311 0.135 0.103 0.031 0.103 0.068 
 163   (0.042) 0.016 0.066 0.005 0.005 0.006 0.030 0.099 0.036 0.039 0.017 0.003 0.049 0.043 0.013 0.042 0.024 
 160   (0.034) 0.012 0.005 0.004 0.004 0.004 0.021 0.007 0.025 0.029 0.011 0.002 0.014 0.034 0.242 0.034 0.015 
 142   (0.029) 0.025 0.004 0.004 0.003 0.005 0.023 0.006 0.027 0.028 0.029 0.002 0.031 0.029 0.018 0.029 0.020 

Locus 15 : 
13 alleles
1.6% missing data
 256   (0.152) 0.122 0.165 0.170 0.123 0.157 0.109 0.128 0.128 0.136 0.129 0.075 0.192 0.151 0.159 0.152 0.097 
 262   (0.021) 0.006 0.268 0.002 0.002 0.003 0.011 0.003 0.014 0.016 0.008 0.001 0.170 0.021 0.008 0.021 0.009 
 246   (0.116) 0.084 0.178 0.093 0.013 0.135 0.146 0.023 0.143 0.137 0.059 0.008 0.105 0.117 0.107 0.116 0.170 
 258   (0.175) 0.227 0.024 0.229 0.023 0.289 0.235 0.529 0.194 0.182 0.171 0.013 0.197 0.177 0.154 0.175 0.284 
 254   (0.112) 0.077 0.014 0.165 0.334 0.030 0.094 0.177 0.102 0.111 0.086 0.163 0.067 0.111 0.086 0.112 0.069 
 250   (0.033) 0.022 0.004 0.003 0.081 0.004 0.021 0.009 0.024 0.027 0.021 0.642 0.017 0.032 0.011 0.033 0.015 
 242   (0.100) 0.134 0.188 0.011 0.154 0.013 0.121 0.022 0.124 0.112 0.166 0.072 0.065 0.101 0.062 0.100 0.102 
 252   (0.066) 0.052 0.112 0.029 0.046 0.028 0.067 0.014 0.065 0.062 0.047 0.007 0.063 0.066 0.022 0.066 0.064 
 248   (0.127) 0.210 0.023 0.038 0.212 0.318 0.114 0.079 0.115 0.123 0.238 0.011 0.087 0.127 0.356 0.127 0.123 
 260   (0.042) 0.018 0.005 0.255 0.004 0.017 0.037 0.007 0.039 0.041 0.018 0.003 0.014 0.042 0.022 0.042 0.031 
 264   (0.016) 0.006 0.002 0.002 0.002 0.002 0.019 0.002 0.021 0.018 0.007 0.001 0.005 0.016 0.004 0.016 0.018 
 244   (0.028) 0.039 0.015 0.003 0.003 0.004 0.019 0.005 0.022 0.025 0.046 0.002 0.013 0.028 0.008 0.028 0.013 
 276   (0.011) 0.004 0.001 0.001 0.001 0.001 0.006 0.002 0.008 0.009 0.004 0.001 0.003 0.011 0.003 0.011 0.005 

Values of parameters used in structure:
DATAFILE=G:\Shared drives\Emily_Schumacher\QUAC_analyses\QUAC_structure_wild_relate\QUAC_allpop_relate_red_12_15_21\project_data,	OUTFILE=G:\Shared drives\Emily_Schumacher\QUAC_analyses\QUAC_structure_wild_relate\QUAC_allpop_relate_red_12_15_21\50-100\Results\50-100_run_77,	NUMINDS=188,	NUMLOCI=15,	MISSING=-9,	LABEL=1,	POPDATA=1,	POPFLAG=0,	PHENOTYPE=0,	EXTRACOLS=0,	MAXPOPS=16,	BURNIN=50000,	NUMREPS=100000,	USEPOPINFO=0,	INFERALPHA=1,	INFERLAMBDA=0,	POPSPECIFICLAMBDA=0,	POPALPHAS=0,	COMPUTEPROB=1,	NOADMIX=0,	ADMBURNIN=2500,	UPDATEFREQ=1,	PRINTLIKES=0,	INTERMEDSAVE=0,	PRINTKLD=0,	PRINTNET=0,	PRINTLAMBDA=0,	ANCESTDIST=0,	NUMBOXES=1000,	ANCESTPINT=0.90000,	GENSBACK=2,	MIGRPRIOR=0.05000,	PRINTQHAT=0,	PRINTQSUM=0,	ALPHA=1.0000,	FREQSCORR=1,	FPRIORMEAN=0.0100,	FPRIORSD=0.0500,	ONEFST=0,	LAMBDA=1.0000,	UNIFPRIORALPHA=1,	ALPHAMAX=10.0000,	ALPHAPRIORA=1.0000,	ALPHAPRIORB=2.0000,	ALPHAPROPSD=0.0250,	STARTATPOPINFO=0,	RANDOMIZE=1,	LINKAGE=0,	METROFREQ=10,	REPORTHITRATE=0,	MARKOVPHASE=-1,	PHASED=0,	PLOIDY=2,	PHASEINFO=0	LOCPRIOR=0, 	LOCPRIORINIT=1.000000, 	LOCDATA=0, 	LOCISPOP=0, 	LOCPRIORSTEP=0.100000, 	MAXLOCPRIOR=20.000000, 	SEED=1639611780,	
[STRAT parameters]:    NUMSIMSTATS=1000,	PHENOTYPECOL=-9,	POOLFREQ=10,	LOCUSxONLY=0,	EMERROR=0.00100,	MISSINGPHENO=-9,	