

----------------------------------------------------
STRUCTURE by Pritchard, Stephens and Donnelly (2000)
     and Falush, Stephens and Pritchard (2003)
       Code by Pritchard, Falush and Hubisz
             Version 2.3.4 (Jul 2012)
----------------------------------------------------



Command line arguments:   bin\structure -m G:\Shared drives\Emily_Schumacher\QUAC_analyses\QUAC_structure_wild_relate\QUAC_allpop_relate_red_12_15_21\50-100\mainparams -e G:\Shared drives\Emily_Schumacher\QUAC_analyses\QUAC_structure_wild_relate\QUAC_allpop_relate_red_12_15_21\50-100\extraparams 
Input File:    G:\Shared drives\Emily_Schumacher\QUAC_analyses\QUAC_structure_wild_relate\QUAC_allpop_relate_red_12_15_21\project_data

Run parameters:
   188 individuals
   15 loci
   15 populations assumed
   50000 Burn-in period
   100000 Reps


--------------------------------------------
Proportion of membership of each pre-defined
 population in each of the 15 clusters

Given    Inferred Clusters                                                                                           Number of
 Pop       1      2      3      4      5      6      7      8      9     10     11     12     13     14     15      Individuals

  1:     0.880  0.010  0.013  0.012  0.005  0.011  0.005  0.011  0.004  0.006  0.004  0.009  0.008  0.008  0.014        2
  2:     0.044  0.032  0.302  0.063  0.043  0.042  0.192  0.038  0.020  0.019  0.007  0.060  0.027  0.034  0.076       17
  3:     0.057  0.051  0.188  0.109  0.014  0.058  0.013  0.056  0.027  0.011  0.091  0.079  0.045  0.052  0.148       19
  4:     0.116  0.075  0.011  0.155  0.018  0.075  0.011  0.081  0.065  0.018  0.015  0.039  0.050  0.054  0.216       10
  5:     0.009  0.014  0.682  0.014  0.010  0.015  0.004  0.014  0.026  0.007  0.006  0.160  0.012  0.013  0.014        2
  6:     0.008  0.027  0.010  0.173  0.020  0.035  0.163  0.055  0.006  0.012  0.123  0.021  0.034  0.043  0.270        2
  7:     0.010  0.051  0.313  0.031  0.159  0.053  0.012  0.057  0.009  0.009  0.021  0.170  0.045  0.044  0.017        1
  8:     0.007  0.006  0.892  0.006  0.010  0.007  0.005  0.006  0.007  0.008  0.005  0.020  0.006  0.006  0.007        1
  9:     0.005  0.088  0.011  0.109  0.013  0.130  0.005  0.094  0.005  0.069  0.014  0.093  0.132  0.178  0.053        1
 10:     0.007  0.088  0.012  0.036  0.010  0.043  0.153  0.072  0.011  0.013  0.397  0.019  0.065  0.053  0.021        6
 11:     0.015  0.062  0.084  0.076  0.028  0.053  0.096  0.062  0.043  0.022  0.169  0.089  0.060  0.056  0.085       16
 12:     0.017  0.059  0.021  0.033  0.010  0.048  0.003  0.061  0.023  0.523  0.012  0.020  0.082  0.063  0.025        1
 13:     0.027  0.047  0.015  0.091  0.014  0.050  0.012  0.050  0.418  0.019  0.021  0.033  0.038  0.047  0.119       33
 14:     0.010  0.023  0.212  0.021  0.147  0.022  0.088  0.023  0.010  0.019  0.154  0.208  0.021  0.023  0.019       21
 15:     0.730  0.021  0.010  0.020  0.045  0.019  0.025  0.020  0.015  0.009  0.011  0.016  0.020  0.020  0.020       14
 16:     0.014  0.025  0.014  0.026  0.014  0.044  0.009  0.028  0.016  0.672  0.011  0.024  0.043  0.037  0.023       35
 17:     0.010  0.117  0.014  0.104  0.018  0.139  0.007  0.110  0.011  0.026  0.010  0.063  0.145  0.166  0.061        7
--------------------------------------------

Allele-freq. divergence among pops (Net nucleotide distance),
computed using point estimates of P.

      1       2       3       4       5       6       7       8       9      10      11      12      13      14      15      
 1      -    0.0412  0.0915  0.0502  0.0863  0.0433  0.0984  0.0423  0.0868  0.0732  0.0809  0.0545  0.0418  0.0426  0.0575  
 2   0.0412     -    0.0599  0.0049  0.0394  0.0007  0.0510  0.0001  0.0416  0.0301  0.0281  0.0156  0.0005  0.0004  0.0115  
 3   0.0915  0.0599     -    0.0630  0.0959  0.0630  0.1134  0.0599  0.1084  0.0908  0.0891  0.0420  0.0615  0.0618  0.0687  
 4   0.0502  0.0049  0.0630     -    0.0507  0.0051  0.0626  0.0039  0.0405  0.0397  0.0359  0.0219  0.0065  0.0050  0.0016  
 5   0.0863  0.0394  0.0959  0.0507     -    0.0424  0.0798  0.0409  0.1033  0.0681  0.0563  0.0502  0.0394  0.0415  0.0597  
 6   0.0433  0.0007  0.0630  0.0051  0.0424     -    0.0529  0.0005  0.0425  0.0288  0.0312  0.0167  0.0010  0.0003  0.0121  
 7   0.0984  0.0510  0.1134  0.0626  0.0798  0.0529     -    0.0522  0.0967  0.0789  0.0652  0.0633  0.0520  0.0528  0.0713  
 8   0.0423  0.0001  0.0599  0.0039  0.0409  0.0005  0.0522     -    0.0410  0.0305  0.0289  0.0159  0.0007  0.0004  0.0100  
 9   0.0868  0.0416  0.1084  0.0405  0.1033  0.0425  0.0967  0.0410     -    0.0820  0.0846  0.0612  0.0455  0.0433  0.0429  
10   0.0732  0.0301  0.0908  0.0397  0.0681  0.0288  0.0789  0.0305  0.0820     -    0.0582  0.0407  0.0270  0.0292  0.0484  
11   0.0809  0.0281  0.0891  0.0359  0.0563  0.0312  0.0652  0.0289  0.0846  0.0582     -    0.0420  0.0283  0.0296  0.0436  
12   0.0545  0.0156  0.0420  0.0219  0.0502  0.0167  0.0633  0.0159  0.0612  0.0407  0.0420     -    0.0154  0.0156  0.0294  
13   0.0418  0.0005  0.0615  0.0065  0.0394  0.0010  0.0520  0.0007  0.0455  0.0270  0.0283  0.0154     -    0.0004  0.0137  
14   0.0426  0.0004  0.0618  0.0050  0.0415  0.0003  0.0528  0.0004  0.0433  0.0292  0.0296  0.0156  0.0004     -    0.0118  
15   0.0575  0.0115  0.0687  0.0016  0.0597  0.0121  0.0713  0.0100  0.0429  0.0484  0.0436  0.0294  0.0137  0.0118     -    

Average distances (expected heterozygosity) between individuals in same cluster:
cluster  1  : 0.5370 
cluster  2  : 0.6417 
cluster  3  : 0.4776 
cluster  4  : 0.6004 
cluster  5  : 0.6183 
cluster  6  : 0.6252 
cluster  7  : 0.5289 
cluster  8  : 0.6346 
cluster  9  : 0.5197 
cluster 10  : 0.5365 
cluster 11  : 0.6070 
cluster 12  : 0.5907 
cluster 13  : 0.6424 
cluster 14  : 0.6314 
cluster 15  : 0.5747 

--------------------------------------------
Estimated Ln Prob of Data   = -8425.2
Mean value of ln likelihood = -6975.8
Variance of ln likelihood   = 2898.8
Mean value of alpha         = 0.0393

Mean value of Fst_1         = 0.1970
Mean value of Fst_2         = 0.0316
Mean value of Fst_3         = 0.3344
Mean value of Fst_4         = 0.1265
Mean value of Fst_5         = 0.2143
Mean value of Fst_6         = 0.0756
Mean value of Fst_7         = 0.2471
Mean value of Fst_8         = 0.0613
Mean value of Fst_9         = 0.2173
Mean value of Fst_10         = 0.1494
Mean value of Fst_11         = 0.1386
Mean value of Fst_12         = 0.1772
Mean value of Fst_13         = 0.0414
Mean value of Fst_14         = 0.0689
Mean value of Fst_15         = 0.1626


Inferred ancestry of individuals:
        Label (%Miss) Pop:  Inferred clusters
  1 QAc-G-0029    (0)    1 :  0.827 0.014 0.022 0.019 0.006 0.018 0.006 0.016 0.005 0.005 0.005 0.011 0.012 0.012 0.023 
  2 QAc-G-0030    (0)    1 :  0.933 0.005 0.005 0.005 0.003 0.005 0.004 0.005 0.003 0.006 0.004 0.007 0.005 0.005 0.004 
  3 QAc-G-0062    (0)    2 :  0.006 0.026 0.084 0.018 0.093 0.024 0.454 0.027 0.005 0.036 0.008 0.144 0.029 0.030 0.016 
  4 QAc-G-0063    (0)    2 :  0.008 0.032 0.643 0.037 0.019 0.036 0.009 0.033 0.021 0.016 0.010 0.046 0.034 0.031 0.024 
  5 QAc-G-0064    (0)    2 :  0.005 0.006 0.008 0.006 0.004 0.005 0.910 0.006 0.004 0.007 0.006 0.014 0.006 0.006 0.007 
  6 QAc-G-0065    (0)    2 :  0.007 0.005 0.003 0.004 0.004 0.005 0.934 0.005 0.005 0.003 0.009 0.004 0.005 0.005 0.004 
  7 QAc-G-0066    (0)    2 :  0.006 0.004 0.942 0.005 0.004 0.004 0.003 0.004 0.004 0.005 0.003 0.005 0.004 0.004 0.004 
  8 QAc-G-0067    (0)    2 :  0.019 0.014 0.005 0.015 0.007 0.015 0.824 0.017 0.008 0.006 0.012 0.009 0.017 0.015 0.015 
  9 QAc-G-0068    (0)    2 :  0.007 0.006 0.415 0.004 0.510 0.005 0.007 0.005 0.004 0.010 0.007 0.005 0.006 0.004 0.004 
 10 QAc-G-0070    (0)    2 :  0.017 0.020 0.616 0.018 0.018 0.030 0.020 0.022 0.007 0.088 0.005 0.077 0.026 0.022 0.015 
 11 QAc-G-0071   (13)    2 :  0.008 0.005 0.903 0.007 0.005 0.005 0.004 0.005 0.004 0.005 0.004 0.027 0.005 0.006 0.006 
 12 QAc-G-0072    (0)    2 :  0.006 0.005 0.922 0.006 0.005 0.006 0.004 0.006 0.005 0.007 0.004 0.005 0.005 0.006 0.006 
 13 QAc-G-0073    (0)    2 :  0.011 0.063 0.004 0.233 0.006 0.104 0.004 0.086 0.018 0.012 0.004 0.048 0.019 0.073 0.315 
 14 QAc-G-0074    (0)    2 :  0.005 0.033 0.202 0.187 0.008 0.049 0.005 0.067 0.030 0.016 0.007 0.044 0.038 0.047 0.261 
 15 QAc-G-0075    (0)    2 :  0.016 0.026 0.013 0.270 0.008 0.026 0.010 0.052 0.043 0.007 0.008 0.023 0.026 0.028 0.444 
 16 QAc-G-0076    (0)    2 :  0.009 0.139 0.008 0.116 0.006 0.172 0.035 0.131 0.080 0.006 0.005 0.080 0.035 0.106 0.072 
 17 QAc-G-0080    (0)    2 :  0.589 0.049 0.014 0.035 0.012 0.047 0.028 0.050 0.005 0.006 0.007 0.035 0.048 0.047 0.028 
 18 QAc-G-0081    (0)    2 :  0.009 0.094 0.007 0.089 0.008 0.172 0.008 0.115 0.013 0.080 0.011 0.063 0.136 0.142 0.053 
 19 QAc-G-0083    (0)    2 :  0.017 0.019 0.337 0.020 0.005 0.017 0.013 0.019 0.087 0.012 0.005 0.396 0.013 0.015 0.024 
 20 QAc-G-0285    (0)    3 :  0.009 0.007 0.455 0.006 0.008 0.006 0.004 0.006 0.005 0.006 0.010 0.459 0.007 0.007 0.005 
 21 QAc-G-0287    (0)    3 :  0.004 0.003 0.949 0.004 0.003 0.003 0.003 0.004 0.003 0.004 0.003 0.004 0.003 0.003 0.004 
 22 QAc-G-0288    (6)    3 :  0.019 0.008 0.881 0.008 0.008 0.007 0.006 0.008 0.009 0.010 0.007 0.007 0.008 0.008 0.007 
 23 QAc-G-0292    (0)    3 :  0.005 0.012 0.452 0.009 0.022 0.012 0.007 0.010 0.005 0.018 0.008 0.402 0.014 0.014 0.009 
 24 QAc-G-0294    (0)    3 :  0.015 0.124 0.005 0.124 0.021 0.218 0.015 0.126 0.039 0.005 0.008 0.098 0.040 0.102 0.058 
 25 QAc-G-0295    (0)    3 :  0.020 0.067 0.017 0.199 0.005 0.060 0.021 0.062 0.030 0.005 0.008 0.049 0.025 0.058 0.374 
 26 QAc-G-0296    (0)    3 :  0.005 0.072 0.009 0.214 0.005 0.083 0.037 0.084 0.044 0.009 0.006 0.054 0.016 0.067 0.295 
 27 QAc-G-0297    (0)    3 :  0.005 0.117 0.004 0.152 0.009 0.082 0.003 0.112 0.041 0.007 0.029 0.040 0.125 0.104 0.171 
 28 QAc-G-0298    (6)    3 :  0.018 0.024 0.005 0.300 0.006 0.022 0.009 0.046 0.010 0.005 0.007 0.019 0.017 0.024 0.488 
 29 QAc-G-0299    (0)    3 :  0.005 0.014 0.009 0.271 0.010 0.017 0.005 0.050 0.123 0.004 0.010 0.012 0.011 0.019 0.438 
 30 QAc-G-0300    (0)    3 :  0.006 0.081 0.005 0.183 0.009 0.083 0.032 0.068 0.097 0.019 0.011 0.061 0.027 0.072 0.245 
 31 QAc-G-0301    (0)    3 :  0.007 0.010 0.012 0.305 0.005 0.011 0.039 0.045 0.019 0.005 0.005 0.010 0.011 0.010 0.504 
 32 QAc-G-0302    (0)    3 :  0.005 0.015 0.005 0.017 0.023 0.016 0.004 0.017 0.022 0.005 0.802 0.012 0.021 0.021 0.013 
 33 QAc-G-0303    (0)    3 :  0.007 0.021 0.007 0.011 0.056 0.020 0.011 0.017 0.005 0.025 0.754 0.013 0.023 0.021 0.009 
 34 QAc-G-0305    (0)    3 :  0.026 0.017 0.723 0.016 0.031 0.018 0.006 0.018 0.004 0.013 0.023 0.059 0.019 0.019 0.008 
 35 QAc-G-0307    (0)    3 :  0.872 0.011 0.004 0.009 0.007 0.010 0.006 0.010 0.006 0.020 0.007 0.009 0.011 0.010 0.008 
 36 QAc-G-0313    (0)    3 :  0.011 0.151 0.021 0.053 0.015 0.129 0.022 0.147 0.008 0.015 0.006 0.082 0.163 0.133 0.044 
 37 QAc-G-0314    (0)    3 :  0.012 0.122 0.004 0.104 0.007 0.158 0.009 0.134 0.028 0.013 0.014 0.045 0.151 0.130 0.070 
 38 QAc-G-0316    (0)    3 :  0.029 0.095 0.009 0.084 0.007 0.153 0.015 0.107 0.015 0.024 0.007 0.068 0.162 0.165 0.059 
 39 QAc-G-0033    (0)    4 :  0.007 0.014 0.005 0.239 0.005 0.016 0.010 0.040 0.166 0.007 0.006 0.015 0.008 0.011 0.451 
 40 QAc-G-0034    (0)    4 :  0.027 0.014 0.005 0.310 0.006 0.013 0.008 0.047 0.011 0.015 0.009 0.007 0.012 0.015 0.501 
 41 QAc-G-0035    (0)    4 :  0.013 0.064 0.017 0.077 0.009 0.120 0.022 0.083 0.368 0.006 0.010 0.067 0.040 0.062 0.043 
 42 QAc-G-0036    (0)    4 :  0.006 0.010 0.012 0.322 0.006 0.011 0.012 0.049 0.008 0.007 0.004 0.010 0.011 0.011 0.519 
 43 QAc-G-0039    (0)    4 :  0.036 0.120 0.008 0.107 0.013 0.229 0.008 0.112 0.023 0.011 0.011 0.096 0.065 0.098 0.064 
 44 QAc-G-0040    (0)    4 :  0.011 0.117 0.033 0.104 0.007 0.144 0.008 0.121 0.034 0.078 0.014 0.090 0.065 0.098 0.077 
 45 QAc-G-0045    (0)    4 :  0.013 0.026 0.009 0.285 0.004 0.034 0.007 0.070 0.027 0.005 0.005 0.027 0.006 0.049 0.432 
 46 QAc-G-0050    (0)    4 :  0.124 0.159 0.014 0.045 0.099 0.077 0.007 0.118 0.004 0.013 0.070 0.040 0.118 0.088 0.026 
 47 QAc-G-0052    (0)    4 :  0.872 0.010 0.004 0.008 0.007 0.010 0.017 0.011 0.006 0.008 0.005 0.007 0.011 0.012 0.012 
 48 QAc-G-0056    (0)    4 :  0.046 0.216 0.008 0.056 0.020 0.101 0.010 0.157 0.008 0.029 0.019 0.028 0.164 0.099 0.038 
 49 QAc-G-0276    (0)    5 :  0.009 0.012 0.559 0.012 0.008 0.014 0.003 0.012 0.022 0.005 0.005 0.304 0.010 0.012 0.013 
 50 QAc-G-0280    (6)    5 :  0.010 0.017 0.805 0.015 0.012 0.016 0.005 0.016 0.031 0.008 0.006 0.016 0.015 0.013 0.014 
 51 QAc-G-0018    (0)    6 :  0.012 0.011 0.006 0.306 0.023 0.011 0.006 0.050 0.008 0.006 0.017 0.009 0.010 0.014 0.512 
 52 QAc-G-0017    (0)    6 :  0.005 0.043 0.014 0.039 0.016 0.059 0.319 0.060 0.005 0.018 0.230 0.034 0.058 0.071 0.029 
 53 QAc-G-0250    (0)    7 :  0.010 0.051 0.313 0.031 0.159 0.053 0.012 0.057 0.009 0.009 0.021 0.170 0.045 0.044 0.017 
 54 QAc-G-0003    (6)    8 :  0.007 0.006 0.892 0.006 0.010 0.007 0.005 0.006 0.007 0.008 0.005 0.020 0.006 0.006 0.007 
 55 QAc-G-0283    (0)    9 :  0.005 0.088 0.011 0.109 0.013 0.130 0.005 0.094 0.005 0.069 0.014 0.093 0.132 0.178 0.053 
 56 QAc-G-0255    (0)   10 :  0.005 0.039 0.006 0.048 0.017 0.035 0.007 0.036 0.030 0.007 0.653 0.013 0.040 0.046 0.021 
 57 QAc-G-0256    (0)   10 :  0.006 0.007 0.017 0.008 0.008 0.007 0.016 0.008 0.008 0.004 0.876 0.011 0.008 0.007 0.008 
 58 QAc-G-0257    (0)   10 :  0.012 0.020 0.004 0.012 0.012 0.013 0.066 0.016 0.004 0.017 0.761 0.008 0.018 0.023 0.013 
 59 QAc-G-0259    (0)   10 :  0.003 0.274 0.003 0.045 0.004 0.085 0.003 0.205 0.008 0.006 0.012 0.030 0.178 0.115 0.030 
 60 QAc-G-0260    (0)   10 :  0.009 0.145 0.039 0.060 0.007 0.067 0.199 0.123 0.011 0.038 0.065 0.028 0.100 0.076 0.034 
 61 QAc-G-0261    (0)   10 :  0.006 0.045 0.005 0.041 0.011 0.049 0.625 0.047 0.005 0.006 0.016 0.026 0.049 0.049 0.022 
 62 QAc-G-0109    (0)   11 :  0.016 0.074 0.006 0.048 0.013 0.061 0.076 0.067 0.005 0.024 0.418 0.027 0.060 0.076 0.030 
 63 QAc-G-0113    (0)   11 :  0.025 0.030 0.020 0.018 0.108 0.020 0.024 0.021 0.005 0.007 0.621 0.035 0.026 0.023 0.016 
 64 QAc-G-0114    (0)   11 :  0.007 0.031 0.010 0.031 0.019 0.021 0.004 0.029 0.105 0.005 0.626 0.012 0.037 0.036 0.025 
 65 QAc-G-0117    (0)   11 :  0.013 0.075 0.016 0.088 0.102 0.088 0.080 0.076 0.045 0.008 0.125 0.069 0.059 0.091 0.065 
 66 QAc-G-0120    (0)   11 :  0.010 0.118 0.006 0.048 0.014 0.078 0.008 0.112 0.013 0.010 0.342 0.029 0.101 0.080 0.031 
 67 QAc-G-0125    (0)   11 :  0.040 0.027 0.030 0.012 0.007 0.018 0.688 0.027 0.005 0.030 0.018 0.039 0.022 0.024 0.011 
 68 QAc-G-0141    (0)   11 :  0.029 0.096 0.022 0.094 0.082 0.120 0.025 0.103 0.014 0.018 0.068 0.066 0.090 0.120 0.053 
 69 QAc-G-0143    (0)   11 :  0.007 0.173 0.006 0.075 0.006 0.091 0.003 0.146 0.004 0.004 0.006 0.093 0.242 0.128 0.014 
 70 QAc-G-0147    (0)   11 :  0.009 0.047 0.008 0.032 0.034 0.033 0.478 0.047 0.010 0.071 0.078 0.039 0.042 0.038 0.034 
 71 QAc-G-0174    (0)   11 :  0.005 0.005 0.457 0.005 0.007 0.005 0.004 0.005 0.004 0.005 0.005 0.480 0.005 0.004 0.006 
 72 QAc-G-0182    (0)   11 :  0.003 0.006 0.546 0.005 0.004 0.005 0.012 0.006 0.004 0.004 0.006 0.382 0.006 0.006 0.005 
 73 QAc-G-0188    (0)   11 :  0.004 0.062 0.197 0.061 0.023 0.050 0.007 0.059 0.018 0.005 0.339 0.025 0.063 0.060 0.027 
 74 QAc-G-0229    (0)   11 :  0.007 0.010 0.005 0.327 0.007 0.010 0.005 0.046 0.007 0.011 0.008 0.009 0.011 0.012 0.525 
 75 QAc-G-0233    (0)   11 :  0.037 0.097 0.006 0.033 0.006 0.053 0.011 0.098 0.326 0.102 0.007 0.028 0.097 0.059 0.038 
 76 QAc-G-0237    (0)   11 :  0.021 0.041 0.009 0.229 0.006 0.031 0.052 0.039 0.032 0.012 0.023 0.025 0.019 0.025 0.436 
 77 QAc-G-0243    (0)   11 :  0.013 0.101 0.004 0.103 0.009 0.165 0.057 0.112 0.095 0.029 0.008 0.073 0.073 0.112 0.047 
 78 QAc-G-0249    (0)   12 :  0.017 0.059 0.021 0.033 0.010 0.048 0.003 0.061 0.023 0.523 0.012 0.020 0.082 0.063 0.025 
 79 QAc-W-0001    (0)   13 :  0.005 0.008 0.003 0.020 0.004 0.008 0.012 0.010 0.863 0.004 0.012 0.006 0.009 0.009 0.028 
 80 QAc-W-0002    (0)   13 :  0.006 0.043 0.029 0.246 0.010 0.041 0.004 0.071 0.018 0.013 0.028 0.024 0.029 0.044 0.395 
 81 QAc-W-0003    (0)   13 :  0.021 0.015 0.016 0.015 0.012 0.016 0.012 0.015 0.785 0.005 0.017 0.021 0.015 0.016 0.019 
 82 QAc-W-0004    (0)   13 :  0.007 0.007 0.007 0.009 0.004 0.008 0.004 0.008 0.910 0.005 0.004 0.006 0.005 0.006 0.011 
 83 QAc-W-0005    (0)   13 :  0.004 0.006 0.005 0.007 0.004 0.008 0.004 0.007 0.915 0.006 0.005 0.006 0.007 0.007 0.008 
 84 QAc-W-0007   (13)   13 :  0.005 0.007 0.005 0.013 0.005 0.009 0.006 0.009 0.896 0.007 0.006 0.007 0.007 0.008 0.012 
 85 QAc-W-0008    (6)   13 :  0.004 0.035 0.007 0.025 0.018 0.032 0.005 0.033 0.717 0.017 0.008 0.018 0.027 0.032 0.021 
 86 QAc-W-0009    (0)   13 :  0.009 0.094 0.016 0.111 0.012 0.066 0.012 0.090 0.019 0.023 0.243 0.033 0.059 0.064 0.150 
 87 QAc-W-0010    (0)   13 :  0.006 0.022 0.009 0.019 0.016 0.025 0.036 0.023 0.715 0.031 0.017 0.024 0.020 0.022 0.016 
 88 QAc-W-0011    (0)   13 :  0.012 0.071 0.033 0.072 0.012 0.081 0.013 0.070 0.399 0.007 0.014 0.057 0.037 0.060 0.061 
 89 QAc-W-0012    (0)   13 :  0.012 0.023 0.013 0.060 0.014 0.024 0.011 0.032 0.647 0.013 0.009 0.019 0.025 0.021 0.077 
 90 QAc-W-0013    (0)   13 :  0.149 0.089 0.013 0.129 0.008 0.110 0.008 0.103 0.014 0.006 0.048 0.066 0.025 0.089 0.142 
 91 QAc-W-0014    (0)   13 :  0.005 0.014 0.005 0.014 0.005 0.014 0.005 0.015 0.853 0.016 0.004 0.012 0.011 0.013 0.015 
 92 QAc-W-0015    (0)   13 :  0.015 0.042 0.061 0.210 0.005 0.073 0.004 0.081 0.013 0.020 0.012 0.119 0.027 0.072 0.246 
 93 QAc-W-0017    (0)   13 :  0.026 0.104 0.018 0.103 0.020 0.128 0.007 0.101 0.013 0.045 0.013 0.086 0.121 0.138 0.075 
 94 QAc-W-0018    (0)   13 :  0.042 0.068 0.004 0.037 0.039 0.063 0.013 0.056 0.442 0.011 0.033 0.028 0.066 0.070 0.027 
 95 QAc-W-0020    (0)   13 :  0.004 0.018 0.004 0.017 0.010 0.018 0.010 0.018 0.813 0.004 0.004 0.015 0.024 0.025 0.014 
 96 QAc-W-0021    (0)   13 :  0.135 0.070 0.010 0.046 0.015 0.067 0.008 0.060 0.358 0.010 0.024 0.028 0.072 0.068 0.029 
 97 QAc-W-0022    (0)   13 :  0.012 0.093 0.023 0.140 0.008 0.169 0.008 0.090 0.020 0.029 0.008 0.071 0.104 0.119 0.105 
 98 QAc-W-0023    (6)   13 :  0.025 0.105 0.004 0.117 0.007 0.103 0.038 0.106 0.103 0.036 0.036 0.051 0.059 0.089 0.122 
 99 QAc-W-0024    (0)   13 :  0.111 0.044 0.038 0.042 0.007 0.051 0.006 0.047 0.416 0.011 0.010 0.041 0.065 0.071 0.040 
100 QAc-W-0025    (0)   13 :  0.017 0.033 0.007 0.138 0.008 0.030 0.004 0.035 0.375 0.011 0.011 0.022 0.027 0.024 0.258 
101 QAc-W-0026    (0)   13 :  0.087 0.039 0.051 0.039 0.016 0.026 0.021 0.040 0.496 0.026 0.014 0.027 0.038 0.031 0.047 
102 QAc-W-0027    (0)   13 :  0.005 0.016 0.005 0.280 0.006 0.014 0.004 0.029 0.091 0.011 0.013 0.011 0.015 0.014 0.486 
103 QAc-W-0028    (0)   13 :  0.004 0.027 0.009 0.083 0.005 0.035 0.004 0.040 0.593 0.008 0.007 0.018 0.029 0.036 0.103 
104 QAc-W-0029    (0)   13 :  0.007 0.081 0.004 0.119 0.023 0.097 0.021 0.080 0.268 0.004 0.012 0.060 0.022 0.053 0.150 
105 QAc-W-0032    (0)   13 :  0.006 0.016 0.003 0.016 0.005 0.013 0.021 0.011 0.854 0.008 0.004 0.009 0.010 0.010 0.017 
106 QAc-W-0033    (0)   13 :  0.014 0.126 0.005 0.060 0.086 0.085 0.033 0.106 0.168 0.022 0.012 0.043 0.102 0.091 0.047 
107 QAc-W-0035    (0)   13 :  0.019 0.053 0.021 0.185 0.030 0.036 0.008 0.051 0.132 0.029 0.006 0.035 0.041 0.036 0.319 
108 QAc-W-0037    (0)   13 :  0.015 0.015 0.008 0.309 0.008 0.013 0.018 0.038 0.027 0.007 0.006 0.009 0.012 0.014 0.502 
109 QAc-W-0038    (0)   13 :  0.007 0.079 0.015 0.101 0.009 0.088 0.012 0.071 0.184 0.010 0.014 0.071 0.098 0.112 0.128 
110 QAc-W-0040    (0)   13 :  0.015 0.019 0.009 0.017 0.005 0.016 0.025 0.019 0.640 0.152 0.008 0.012 0.024 0.017 0.021 
111 QAc-W-0041    (0)   13 :  0.063 0.066 0.025 0.197 0.032 0.078 0.005 0.089 0.044 0.010 0.032 0.041 0.023 0.074 0.221 
112 QAc-W-0042    (0)   14 :  0.016 0.024 0.030 0.030 0.053 0.030 0.293 0.029 0.006 0.006 0.402 0.020 0.016 0.030 0.015 
113 QAc-W-0044    (0)   14 :  0.005 0.069 0.079 0.097 0.022 0.110 0.167 0.079 0.009 0.030 0.069 0.087 0.027 0.085 0.067 
114 QAc-W-0045    (0)   14 :  0.008 0.014 0.011 0.015 0.060 0.014 0.025 0.013 0.007 0.005 0.777 0.009 0.015 0.015 0.012 
115 QAc-W-0048    (0)   14 :  0.016 0.026 0.005 0.017 0.012 0.018 0.069 0.024 0.012 0.005 0.726 0.011 0.025 0.019 0.017 
116 QAc-W-0050    (0)   14 :  0.006 0.020 0.008 0.015 0.646 0.021 0.023 0.021 0.004 0.011 0.159 0.012 0.021 0.021 0.013 
117 QAc-W-0051    (0)   14 :  0.016 0.012 0.008 0.010 0.738 0.012 0.089 0.013 0.007 0.004 0.035 0.024 0.011 0.012 0.008 
118 QAc-W-0052    (0)   14 :  0.003 0.005 0.006 0.005 0.004 0.005 0.926 0.005 0.009 0.004 0.007 0.006 0.005 0.005 0.005 
119 QAc-W-0053    (0)   14 :  0.005 0.014 0.005 0.011 0.017 0.011 0.018 0.012 0.008 0.008 0.848 0.010 0.012 0.011 0.010 
120 QAc-W-0054    (0)   14 :  0.010 0.070 0.126 0.040 0.252 0.052 0.086 0.071 0.010 0.021 0.043 0.061 0.072 0.050 0.037 
121 QAc-W-0056    (0)   14 :  0.011 0.068 0.008 0.065 0.458 0.046 0.008 0.059 0.048 0.011 0.015 0.025 0.065 0.056 0.059 
122 QAc-W-0057    (0)   14 :  0.025 0.029 0.017 0.023 0.623 0.026 0.011 0.028 0.007 0.016 0.064 0.054 0.029 0.028 0.019 
123 QAc-W-0060    (0)   14 :  0.004 0.009 0.375 0.014 0.006 0.008 0.041 0.008 0.004 0.009 0.006 0.485 0.009 0.007 0.015 
124 QAc-W-0061    (0)   14 :  0.013 0.035 0.249 0.031 0.021 0.030 0.006 0.031 0.015 0.056 0.020 0.380 0.035 0.035 0.041 
125 QAc-W-0062    (0)   14 :  0.006 0.005 0.406 0.005 0.005 0.005 0.011 0.005 0.003 0.008 0.005 0.519 0.005 0.005 0.007 
126 QAc-W-0063    (0)   14 :  0.021 0.013 0.360 0.009 0.007 0.013 0.038 0.013 0.015 0.012 0.008 0.454 0.014 0.012 0.009 
127 QAc-W-0064    (0)   14 :  0.007 0.009 0.405 0.007 0.009 0.008 0.005 0.008 0.011 0.009 0.006 0.492 0.008 0.008 0.007 
128 QAc-W-0065    (0)   14 :  0.011 0.018 0.345 0.021 0.029 0.019 0.007 0.019 0.010 0.021 0.009 0.433 0.021 0.020 0.019 
129 QAc-W-0066    (0)   14 :  0.006 0.004 0.948 0.004 0.003 0.004 0.003 0.003 0.004 0.003 0.003 0.005 0.004 0.003 0.004 
130 QAc-W-0072    (0)   14 :  0.011 0.020 0.183 0.010 0.096 0.016 0.005 0.017 0.016 0.148 0.007 0.411 0.020 0.025 0.016 
131 QAc-W-0073    (0)   14 :  0.010 0.016 0.339 0.014 0.016 0.018 0.009 0.021 0.007 0.009 0.016 0.473 0.017 0.022 0.013 
132 QAc-W-0077    (0)   14 :  0.004 0.006 0.528 0.006 0.008 0.005 0.005 0.006 0.005 0.005 0.006 0.399 0.005 0.005 0.006 
133 QAc-W-0078    (0)   15 :  0.663 0.044 0.026 0.024 0.008 0.029 0.017 0.037 0.015 0.021 0.006 0.015 0.036 0.033 0.027 
134 QAc-W-0079    (6)   15 :  0.914 0.006 0.009 0.007 0.005 0.006 0.003 0.006 0.005 0.007 0.007 0.005 0.007 0.006 0.007 
135 QAc-W-0081    (0)   15 :  0.913 0.007 0.005 0.006 0.005 0.006 0.009 0.007 0.008 0.004 0.004 0.007 0.006 0.007 0.006 
136 QAc-W-0082    (0)   15 :  0.438 0.005 0.004 0.006 0.497 0.005 0.003 0.005 0.003 0.004 0.006 0.005 0.007 0.005 0.006 
137 QAc-W-0083    (0)   15 :  0.853 0.009 0.014 0.008 0.015 0.009 0.010 0.008 0.008 0.011 0.008 0.022 0.009 0.009 0.008 
138 QAc-W-0086    (0)   15 :  0.880 0.008 0.012 0.009 0.013 0.008 0.005 0.009 0.007 0.009 0.006 0.007 0.012 0.008 0.008 
139 QAc-W-0087    (0)   15 :  0.924 0.006 0.004 0.005 0.005 0.006 0.003 0.006 0.004 0.007 0.008 0.004 0.006 0.006 0.005 
140 QAc-W-0088    (0)   15 :  0.829 0.017 0.006 0.016 0.009 0.014 0.005 0.017 0.006 0.007 0.011 0.010 0.020 0.017 0.017 
141 QAc-W-0092    (0)   15 :  0.601 0.035 0.010 0.061 0.006 0.030 0.019 0.039 0.026 0.010 0.015 0.027 0.025 0.032 0.066 
142 QAc-W-0093    (0)   15 :  0.729 0.025 0.004 0.025 0.015 0.024 0.009 0.023 0.028 0.014 0.013 0.015 0.026 0.026 0.025 
143 QAc-W-0094    (0)   15 :  0.318 0.049 0.014 0.027 0.016 0.042 0.221 0.048 0.054 0.008 0.031 0.044 0.046 0.050 0.030 
144 QAc-W-0097    (0)   15 :  0.648 0.030 0.007 0.047 0.009 0.030 0.019 0.032 0.028 0.006 0.014 0.019 0.029 0.034 0.048 
145 QAc-W-0099    (0)   15 :  0.641 0.042 0.005 0.033 0.018 0.045 0.018 0.037 0.005 0.018 0.016 0.021 0.039 0.038 0.025 
146 QAc-W-0107    (0)   15 :  0.870 0.009 0.018 0.008 0.008 0.009 0.007 0.009 0.006 0.006 0.004 0.020 0.010 0.010 0.007 
147 QAc-W-0115    (0)   16 :  0.009 0.010 0.006 0.017 0.005 0.029 0.006 0.012 0.012 0.826 0.005 0.009 0.017 0.019 0.017 
148 QAc-W-0116    (0)   16 :  0.007 0.031 0.003 0.031 0.012 0.047 0.014 0.029 0.009 0.662 0.022 0.018 0.051 0.037 0.028 
149 QAc-W-0117    (0)   16 :  0.003 0.011 0.004 0.012 0.005 0.022 0.004 0.011 0.005 0.834 0.012 0.008 0.044 0.017 0.009 
150 QAc-W-0118    (0)   16 :  0.022 0.012 0.042 0.011 0.009 0.037 0.006 0.017 0.007 0.751 0.008 0.018 0.029 0.022 0.010 
151 QAc-W-0119    (0)   16 :  0.008 0.023 0.015 0.015 0.022 0.030 0.007 0.024 0.006 0.732 0.007 0.012 0.052 0.032 0.016 
152 QAc-W-0120    (0)   16 :  0.010 0.034 0.017 0.023 0.007 0.037 0.005 0.040 0.010 0.677 0.013 0.016 0.054 0.040 0.017 
153 QAc-W-0121    (0)   16 :  0.004 0.020 0.056 0.015 0.035 0.031 0.003 0.016 0.007 0.723 0.007 0.013 0.042 0.018 0.010 
154 QAc-W-0122    (0)   16 :  0.006 0.036 0.005 0.027 0.006 0.126 0.004 0.049 0.020 0.518 0.011 0.032 0.052 0.083 0.026 
155 QAc-W-0123    (6)   16 :  0.011 0.023 0.008 0.026 0.006 0.044 0.020 0.029 0.004 0.691 0.010 0.017 0.052 0.037 0.024 
156 QAc-W-0124    (0)   16 :  0.083 0.022 0.043 0.029 0.006 0.052 0.007 0.030 0.019 0.523 0.004 0.083 0.023 0.042 0.036 
157 QAc-W-0125    (0)   16 :  0.019 0.011 0.007 0.011 0.007 0.016 0.008 0.015 0.008 0.815 0.009 0.008 0.038 0.015 0.013 
158 QAc-W-0132    (6)   16 :  0.042 0.031 0.049 0.033 0.009 0.031 0.022 0.035 0.018 0.577 0.006 0.029 0.038 0.038 0.041 
159 QAc-W-0134    (0)   16 :  0.006 0.007 0.005 0.006 0.004 0.010 0.006 0.008 0.004 0.881 0.006 0.007 0.036 0.007 0.007 
160 QAc-W-0135    (0)   16 :  0.009 0.020 0.023 0.024 0.005 0.054 0.004 0.027 0.100 0.626 0.007 0.030 0.021 0.025 0.024 
161 QAc-W-0136    (0)   16 :  0.005 0.008 0.003 0.007 0.005 0.010 0.007 0.008 0.005 0.882 0.005 0.006 0.034 0.008 0.007 
162 QAc-W-0138    (0)   16 :  0.004 0.008 0.005 0.009 0.005 0.011 0.007 0.008 0.007 0.874 0.004 0.006 0.037 0.009 0.007 
163 QAc-W-0140    (0)   16 :  0.007 0.024 0.005 0.030 0.008 0.033 0.004 0.024 0.010 0.715 0.024 0.015 0.048 0.024 0.028 
164 QAc-W-0141    (6)   16 :  0.008 0.077 0.025 0.116 0.013 0.130 0.008 0.088 0.021 0.118 0.021 0.058 0.120 0.115 0.082 
165 QAc-W-0142    (0)   16 :  0.005 0.007 0.013 0.005 0.012 0.018 0.004 0.007 0.004 0.865 0.005 0.010 0.032 0.007 0.005 
166 QAc-W-0143    (0)   16 :  0.030 0.014 0.004 0.009 0.010 0.014 0.005 0.017 0.007 0.799 0.012 0.008 0.034 0.026 0.010 
167 QAc-W-0145    (0)   16 :  0.004 0.011 0.004 0.008 0.005 0.059 0.004 0.014 0.004 0.824 0.006 0.010 0.014 0.023 0.010 
168 QAc-W-0148    (0)   16 :  0.004 0.007 0.004 0.009 0.005 0.009 0.007 0.007 0.007 0.890 0.005 0.007 0.017 0.013 0.010 
169 QAc-W-0149    (0)   16 :  0.011 0.067 0.007 0.056 0.009 0.147 0.036 0.086 0.013 0.316 0.016 0.048 0.063 0.091 0.032 
170 QAc-W-0150    (0)   16 :  0.035 0.052 0.006 0.040 0.010 0.101 0.019 0.064 0.092 0.360 0.007 0.046 0.051 0.069 0.048 
171 QAc-W-0151    (0)   16 :  0.012 0.016 0.005 0.033 0.008 0.040 0.006 0.021 0.011 0.751 0.007 0.011 0.021 0.023 0.037 
172 QAc-W-0152    (0)   16 :  0.005 0.010 0.013 0.011 0.014 0.044 0.005 0.010 0.005 0.811 0.011 0.024 0.011 0.016 0.009 
173 QAc-W-0153    (0)   16 :  0.022 0.076 0.009 0.133 0.005 0.138 0.004 0.090 0.005 0.015 0.007 0.087 0.122 0.196 0.091 
174 QAc-W-0154    (0)   16 :  0.006 0.028 0.004 0.017 0.007 0.028 0.004 0.025 0.051 0.719 0.006 0.015 0.045 0.031 0.014 
175 QAc-W-0157    (0)   16 :  0.005 0.048 0.017 0.030 0.010 0.033 0.028 0.046 0.005 0.598 0.014 0.025 0.081 0.035 0.025 
176 QAc-W-0158    (0)   16 :  0.031 0.025 0.022 0.047 0.006 0.038 0.009 0.026 0.042 0.618 0.006 0.020 0.030 0.035 0.047 
177 QAc-W-0159    (0)   16 :  0.007 0.009 0.004 0.009 0.009 0.024 0.009 0.009 0.009 0.846 0.006 0.006 0.035 0.010 0.008 
178 QAc-W-0160    (0)   16 :  0.008 0.026 0.004 0.020 0.005 0.023 0.004 0.022 0.024 0.755 0.005 0.016 0.039 0.029 0.019 
179 QAc-W-0162    (0)   16 :  0.007 0.015 0.019 0.011 0.047 0.020 0.018 0.015 0.004 0.692 0.029 0.055 0.032 0.026 0.010 
180 QAc-W-0163    (0)   16 :  0.006 0.035 0.008 0.019 0.139 0.032 0.009 0.029 0.007 0.577 0.037 0.014 0.051 0.023 0.014 
181 QAc-W-0164    (0)   16 :  0.013 0.031 0.017 0.020 0.021 0.028 0.010 0.028 0.007 0.665 0.011 0.052 0.039 0.041 0.018 
182 QAc-W-0167    (0)   17 :  0.019 0.067 0.007 0.118 0.013 0.168 0.006 0.070 0.007 0.007 0.010 0.088 0.145 0.210 0.064 
183 QAc-W-0168    (0)   17 :  0.014 0.130 0.054 0.064 0.011 0.099 0.008 0.102 0.010 0.129 0.019 0.047 0.141 0.122 0.050 
184 QAc-W-0169    (0)   17 :  0.005 0.178 0.011 0.104 0.067 0.116 0.005 0.132 0.020 0.006 0.015 0.052 0.136 0.118 0.035 
185 QAc-W-0170    (0)   17 :  0.007 0.160 0.004 0.114 0.010 0.125 0.005 0.135 0.012 0.011 0.008 0.043 0.129 0.141 0.095 
186 QAc-W-0172    (0)   17 :  0.010 0.175 0.002 0.074 0.007 0.138 0.016 0.171 0.008 0.007 0.005 0.022 0.173 0.144 0.048 
187 QAc-W-0173    (0)   17 :  0.007 0.046 0.006 0.133 0.006 0.163 0.005 0.075 0.012 0.013 0.005 0.101 0.139 0.217 0.071 
188 QAc-W-0174    (0)   17 :  0.006 0.067 0.011 0.119 0.013 0.166 0.004 0.086 0.005 0.009 0.009 0.084 0.151 0.208 0.063 


Estimated Allele Frequencies in each cluster
First column gives estimated ancestral frequencies


Locus 1 : 
18 alleles
0.0% missing data
 210   (0.110) 0.149 0.109 0.008 0.093 0.087 0.115 0.030 0.107 0.018 0.182 0.255 0.059 0.117 0.110 0.091 
 212   (0.118) 0.269 0.124 0.153 0.230 0.095 0.131 0.024 0.134 0.053 0.076 0.037 0.073 0.119 0.119 0.293 
 202   (0.061) 0.137 0.056 0.004 0.042 0.023 0.048 0.295 0.053 0.068 0.007 0.018 0.022 0.058 0.051 0.040 
 226   (0.043) 0.017 0.037 0.223 0.020 0.037 0.027 0.218 0.033 0.005 0.005 0.025 0.084 0.034 0.031 0.014 
 216   (0.074) 0.169 0.068 0.013 0.041 0.035 0.057 0.186 0.066 0.019 0.135 0.051 0.057 0.070 0.060 0.029 
 200   (0.249) 0.091 0.286 0.423 0.347 0.146 0.332 0.123 0.307 0.507 0.152 0.200 0.224 0.261 0.309 0.344 
 224   (0.042) 0.012 0.045 0.068 0.037 0.023 0.044 0.010 0.044 0.010 0.005 0.011 0.167 0.041 0.044 0.031 
 218   (0.051) 0.104 0.046 0.004 0.028 0.043 0.041 0.010 0.044 0.086 0.154 0.013 0.027 0.052 0.046 0.025 
 228   (0.013) 0.001 0.010 0.034 0.005 0.003 0.007 0.002 0.009 0.001 0.001 0.003 0.069 0.009 0.008 0.003 
 214   (0.060) 0.008 0.055 0.060 0.033 0.443 0.049 0.042 0.049 0.007 0.021 0.154 0.135 0.056 0.052 0.023 
 208   (0.061) 0.027 0.060 0.004 0.061 0.022 0.057 0.017 0.059 0.208 0.006 0.088 0.037 0.068 0.071 0.061 
 220   (0.031) 0.004 0.029 0.002 0.023 0.012 0.027 0.006 0.029 0.004 0.010 0.008 0.016 0.033 0.032 0.015 
 196   (0.011) 0.001 0.009 0.001 0.005 0.003 0.007 0.002 0.008 0.001 0.001 0.003 0.003 0.009 0.007 0.004 
 238   (0.011) 0.001 0.010 0.001 0.007 0.003 0.009 0.002 0.009 0.001 0.002 0.003 0.005 0.011 0.011 0.004 
 206   (0.023) 0.003 0.019 0.001 0.010 0.008 0.014 0.005 0.016 0.003 0.027 0.060 0.007 0.018 0.016 0.007 
 190   (0.011) 0.001 0.009 0.001 0.005 0.003 0.007 0.002 0.009 0.001 0.001 0.003 0.003 0.010 0.008 0.003 
 222   (0.021) 0.003 0.017 0.001 0.009 0.006 0.020 0.026 0.015 0.007 0.215 0.006 0.007 0.023 0.017 0.007 
 232   (0.013) 0.001 0.011 0.001 0.005 0.005 0.007 0.003 0.008 0.001 0.001 0.062 0.004 0.010 0.008 0.004 

Locus 2 : 
15 alleles
2.1% missing data
 171   (0.209) 0.183 0.225 0.019 0.298 0.238 0.226 0.243 0.237 0.311 0.060 0.444 0.130 0.200 0.220 0.341 
 175   (0.095) 0.256 0.093 0.028 0.071 0.247 0.079 0.203 0.086 0.048 0.023 0.027 0.052 0.086 0.079 0.067 
 185   (0.051) 0.081 0.047 0.005 0.028 0.020 0.054 0.013 0.047 0.008 0.220 0.014 0.027 0.056 0.050 0.022 
 179   (0.069) 0.009 0.063 0.170 0.048 0.029 0.090 0.244 0.061 0.008 0.277 0.017 0.295 0.078 0.082 0.032 
 181   (0.095) 0.339 0.099 0.424 0.114 0.079 0.103 0.033 0.103 0.035 0.010 0.121 0.077 0.090 0.099 0.106 
 173   (0.189) 0.041 0.205 0.284 0.214 0.210 0.196 0.182 0.203 0.185 0.193 0.170 0.175 0.186 0.186 0.229 
 177   (0.035) 0.005 0.030 0.047 0.016 0.041 0.027 0.006 0.027 0.004 0.088 0.009 0.110 0.031 0.029 0.013 
 187   (0.093) 0.012 0.087 0.011 0.110 0.081 0.090 0.018 0.090 0.110 0.023 0.047 0.063 0.108 0.109 0.112 
 183   (0.063) 0.022 0.059 0.005 0.048 0.023 0.064 0.017 0.059 0.008 0.082 0.105 0.030 0.073 0.069 0.030 
 189   (0.032) 0.004 0.031 0.003 0.023 0.012 0.026 0.006 0.029 0.275 0.016 0.008 0.016 0.029 0.025 0.021 
 191   (0.021) 0.044 0.018 0.002 0.010 0.008 0.014 0.028 0.016 0.003 0.002 0.027 0.008 0.018 0.018 0.011 
 163   (0.013) 0.001 0.012 0.001 0.005 0.003 0.008 0.002 0.010 0.001 0.001 0.003 0.004 0.011 0.009 0.004 
 165   (0.012) 0.001 0.011 0.001 0.005 0.003 0.007 0.002 0.010 0.001 0.001 0.003 0.004 0.010 0.008 0.003 
 193   (0.012) 0.001 0.011 0.001 0.005 0.003 0.008 0.002 0.010 0.001 0.001 0.003 0.006 0.012 0.009 0.003 
 167   (0.011) 0.001 0.010 0.001 0.006 0.003 0.009 0.002 0.009 0.001 0.001 0.003 0.004 0.010 0.009 0.004 

Locus 3 : 
4 alleles
1.1% missing data
 206   (0.886) 0.974 0.897 0.969 0.937 0.930 0.913 0.883 0.906 0.694 0.986 0.901 0.893 0.894 0.899 0.952 
 208   (0.059) 0.008 0.053 0.012 0.030 0.052 0.043 0.012 0.047 0.300 0.007 0.066 0.051 0.054 0.049 0.024 
 204   (0.041) 0.016 0.036 0.019 0.019 0.014 0.029 0.103 0.034 0.005 0.005 0.029 0.047 0.035 0.032 0.014 
 212   (0.014) 0.002 0.014 0.001 0.013 0.004 0.016 0.002 0.013 0.002 0.002 0.003 0.009 0.017 0.020 0.010 

Locus 4 : 
15 alleles
1.1% missing data
 165   (0.079) 0.455 0.087 0.079 0.072 0.068 0.100 0.048 0.087 0.014 0.009 0.021 0.214 0.079 0.090 0.062 
 163   (0.202) 0.030 0.210 0.023 0.173 0.178 0.254 0.086 0.215 0.092 0.280 0.260 0.154 0.233 0.248 0.128 
 167   (0.152) 0.074 0.145 0.010 0.155 0.174 0.130 0.470 0.141 0.241 0.141 0.101 0.077 0.150 0.143 0.177 
 161   (0.343) 0.128 0.353 0.874 0.473 0.459 0.341 0.329 0.368 0.474 0.500 0.429 0.466 0.329 0.340 0.542 
 153   (0.016) 0.002 0.019 0.001 0.012 0.005 0.018 0.004 0.017 0.010 0.002 0.004 0.009 0.012 0.015 0.008 
 173   (0.028) 0.261 0.025 0.002 0.012 0.047 0.019 0.005 0.023 0.003 0.003 0.023 0.012 0.028 0.020 0.009 
 171   (0.037) 0.005 0.035 0.003 0.026 0.018 0.035 0.034 0.035 0.004 0.004 0.054 0.017 0.040 0.038 0.016 
 179   (0.012) 0.001 0.011 0.001 0.007 0.004 0.008 0.002 0.009 0.002 0.001 0.004 0.005 0.011 0.009 0.005 
 157   (0.023) 0.003 0.019 0.001 0.014 0.008 0.014 0.004 0.018 0.144 0.002 0.017 0.007 0.019 0.016 0.014 
 149   (0.012) 0.001 0.010 0.001 0.005 0.007 0.007 0.002 0.008 0.001 0.001 0.026 0.003 0.009 0.008 0.004 
 177   (0.022) 0.013 0.020 0.001 0.016 0.008 0.023 0.004 0.019 0.003 0.003 0.006 0.010 0.022 0.020 0.010 
 155   (0.018) 0.003 0.017 0.001 0.008 0.005 0.012 0.003 0.016 0.007 0.003 0.005 0.006 0.017 0.013 0.007 
 175   (0.012) 0.002 0.011 0.001 0.006 0.004 0.008 0.002 0.010 0.001 0.001 0.012 0.004 0.011 0.008 0.004 
 169   (0.024) 0.019 0.021 0.001 0.011 0.009 0.016 0.004 0.019 0.003 0.003 0.035 0.009 0.023 0.017 0.007 
 159   (0.021) 0.002 0.018 0.001 0.010 0.006 0.015 0.004 0.016 0.003 0.046 0.005 0.007 0.019 0.015 0.007 

Locus 5 : 
16 alleles
0.0% missing data
 148   (0.117) 0.281 0.111 0.288 0.141 0.034 0.110 0.027 0.114 0.108 0.052 0.096 0.076 0.119 0.108 0.165 
 160   (0.026) 0.058 0.023 0.002 0.013 0.007 0.018 0.060 0.021 0.004 0.003 0.027 0.009 0.021 0.018 0.009 
 154   (0.076) 0.028 0.072 0.033 0.044 0.071 0.071 0.057 0.069 0.019 0.226 0.022 0.126 0.086 0.081 0.038 
 150   (0.060) 0.010 0.062 0.012 0.047 0.397 0.058 0.013 0.059 0.064 0.007 0.069 0.033 0.053 0.052 0.037 
 138   (0.122) 0.151 0.122 0.044 0.096 0.058 0.111 0.313 0.115 0.024 0.247 0.095 0.148 0.119 0.118 0.096 
 166   (0.035) 0.015 0.030 0.002 0.015 0.011 0.021 0.248 0.025 0.036 0.004 0.191 0.012 0.028 0.023 0.012 
 146   (0.095) 0.166 0.089 0.318 0.063 0.035 0.078 0.080 0.085 0.034 0.017 0.091 0.165 0.094 0.090 0.057 
 164   (0.017) 0.002 0.015 0.001 0.008 0.004 0.012 0.039 0.013 0.002 0.002 0.004 0.005 0.014 0.012 0.006 
 142   (0.018) 0.002 0.015 0.006 0.007 0.194 0.011 0.003 0.013 0.002 0.016 0.006 0.005 0.015 0.012 0.005 
 144   (0.150) 0.028 0.158 0.259 0.263 0.079 0.172 0.060 0.173 0.070 0.147 0.242 0.240 0.153 0.175 0.292 
 140   (0.081) 0.020 0.080 0.006 0.143 0.022 0.085 0.016 0.087 0.191 0.215 0.021 0.049 0.095 0.093 0.176 
 158   (0.045) 0.087 0.057 0.003 0.040 0.016 0.061 0.032 0.057 0.009 0.019 0.028 0.030 0.040 0.051 0.026 
 162   (0.029) 0.126 0.026 0.002 0.019 0.021 0.026 0.005 0.025 0.003 0.003 0.009 0.014 0.031 0.030 0.013 
 152   (0.089) 0.012 0.103 0.019 0.074 0.037 0.134 0.019 0.110 0.427 0.038 0.043 0.072 0.098 0.103 0.053 
 134   (0.019) 0.002 0.017 0.001 0.012 0.008 0.013 0.003 0.016 0.003 0.002 0.050 0.007 0.017 0.016 0.006 
 156   (0.021) 0.013 0.020 0.001 0.013 0.006 0.017 0.024 0.019 0.003 0.002 0.006 0.009 0.020 0.019 0.009 

Locus 6 : 
12 alleles
0.0% missing data
 225   (0.045) 0.122 0.041 0.223 0.023 0.035 0.034 0.008 0.037 0.012 0.019 0.011 0.020 0.043 0.039 0.017 
 239   (0.102) 0.029 0.104 0.384 0.107 0.055 0.085 0.249 0.102 0.014 0.017 0.054 0.169 0.096 0.094 0.122 
 229   (0.016) 0.279 0.014 0.001 0.008 0.005 0.011 0.003 0.012 0.002 0.002 0.004 0.005 0.012 0.011 0.005 
 235   (0.291) 0.373 0.292 0.251 0.347 0.499 0.324 0.090 0.304 0.271 0.497 0.143 0.309 0.301 0.315 0.364 
 237   (0.211) 0.040 0.210 0.080 0.248 0.155 0.226 0.069 0.220 0.201 0.166 0.181 0.251 0.228 0.227 0.249 
 233   (0.105) 0.066 0.111 0.045 0.122 0.078 0.099 0.246 0.108 0.457 0.016 0.092 0.138 0.089 0.096 0.141 
 227   (0.031) 0.004 0.027 0.002 0.014 0.035 0.019 0.273 0.023 0.003 0.003 0.389 0.010 0.026 0.023 0.010 
 245   (0.069) 0.009 0.080 0.005 0.056 0.031 0.087 0.024 0.079 0.022 0.140 0.022 0.040 0.073 0.076 0.036 
 241   (0.038) 0.068 0.035 0.003 0.019 0.037 0.027 0.013 0.031 0.007 0.023 0.036 0.018 0.034 0.031 0.016 
 231   (0.051) 0.006 0.048 0.003 0.034 0.051 0.056 0.018 0.049 0.005 0.052 0.024 0.025 0.061 0.058 0.023 
 243   (0.029) 0.004 0.028 0.002 0.017 0.016 0.025 0.005 0.025 0.003 0.064 0.041 0.011 0.027 0.022 0.014 
 251   (0.012) 0.001 0.011 0.001 0.005 0.003 0.007 0.002 0.010 0.001 0.001 0.003 0.004 0.010 0.008 0.004 

Locus 7 : 
5 alleles
0.0% missing data
 118   (0.915) 0.989 0.920 0.994 0.933 0.631 0.926 0.684 0.926 0.922 0.991 0.980 0.962 0.928 0.931 0.939 
 124   (0.041) 0.005 0.041 0.003 0.043 0.011 0.038 0.308 0.040 0.072 0.004 0.010 0.020 0.033 0.032 0.046 
 116   (0.014) 0.002 0.011 0.002 0.005 0.348 0.008 0.002 0.010 0.001 0.001 0.004 0.004 0.010 0.009 0.004 
 114   (0.017) 0.002 0.016 0.001 0.013 0.005 0.019 0.004 0.015 0.003 0.002 0.004 0.010 0.018 0.020 0.008 
 122   (0.013) 0.001 0.012 0.001 0.006 0.005 0.009 0.002 0.010 0.001 0.001 0.003 0.005 0.011 0.009 0.004 

Locus 8 : 
5 alleles
0.0% missing data
 135   (0.053) 0.023 0.069 0.010 0.057 0.017 0.093 0.010 0.073 0.013 0.028 0.013 0.042 0.055 0.064 0.044 
 139   (0.752) 0.816 0.752 0.928 0.826 0.596 0.763 0.948 0.761 0.927 0.676 0.647 0.875 0.759 0.778 0.862 
 137   (0.146) 0.155 0.135 0.059 0.095 0.368 0.110 0.033 0.125 0.055 0.230 0.328 0.066 0.140 0.121 0.078 
 143   (0.035) 0.004 0.032 0.002 0.016 0.015 0.025 0.006 0.031 0.004 0.036 0.009 0.013 0.035 0.028 0.012 
 141   (0.014) 0.002 0.011 0.001 0.006 0.004 0.008 0.002 0.009 0.002 0.031 0.003 0.004 0.011 0.009 0.004 

Locus 9 : 
11 alleles
0.0% missing data
 116   (0.284) 0.426 0.316 0.324 0.307 0.197 0.331 0.113 0.318 0.507 0.312 0.123 0.259 0.290 0.299 0.312 
 112   (0.088) 0.058 0.082 0.102 0.080 0.034 0.093 0.016 0.083 0.038 0.176 0.022 0.243 0.090 0.090 0.078 
 122   (0.065) 0.008 0.058 0.395 0.034 0.165 0.046 0.304 0.054 0.010 0.011 0.246 0.179 0.053 0.051 0.022 
 114   (0.218) 0.082 0.217 0.023 0.275 0.078 0.226 0.057 0.226 0.357 0.294 0.239 0.124 0.231 0.231 0.301 
 120   (0.043) 0.005 0.039 0.005 0.074 0.012 0.029 0.208 0.041 0.005 0.020 0.011 0.025 0.037 0.031 0.095 
 130   (0.039) 0.005 0.046 0.002 0.041 0.011 0.040 0.162 0.042 0.006 0.004 0.077 0.022 0.031 0.039 0.040 
 118   (0.126) 0.398 0.120 0.019 0.107 0.053 0.130 0.113 0.122 0.042 0.141 0.057 0.067 0.134 0.138 0.093 
 124   (0.061) 0.008 0.054 0.123 0.032 0.215 0.047 0.011 0.049 0.007 0.033 0.071 0.048 0.057 0.052 0.022 
 126   (0.038) 0.006 0.033 0.003 0.026 0.224 0.026 0.009 0.030 0.009 0.004 0.144 0.014 0.033 0.031 0.022 
 108   (0.016) 0.002 0.015 0.001 0.008 0.004 0.011 0.002 0.015 0.002 0.002 0.004 0.009 0.019 0.013 0.005 
 128   (0.022) 0.003 0.020 0.002 0.015 0.007 0.020 0.004 0.019 0.017 0.003 0.006 0.011 0.024 0.024 0.010 

Locus 10 : 
4 alleles
0.0% missing data
 232   (0.893) 0.987 0.898 0.993 0.924 0.961 0.921 0.971 0.904 0.987 0.928 0.694 0.957 0.894 0.911 0.933 
 238   (0.079) 0.010 0.075 0.005 0.062 0.031 0.058 0.025 0.071 0.010 0.069 0.299 0.030 0.075 0.065 0.058 
 234   (0.016) 0.002 0.015 0.001 0.008 0.004 0.011 0.002 0.015 0.002 0.002 0.004 0.009 0.019 0.013 0.004 
 244   (0.013) 0.001 0.011 0.001 0.007 0.003 0.009 0.002 0.011 0.001 0.001 0.003 0.004 0.011 0.010 0.005 

Locus 11 : 
7 alleles
0.0% missing data
 165   (0.758) 0.914 0.769 0.776 0.781 0.551 0.788 0.924 0.774 0.920 0.926 0.892 0.795 0.767 0.780 0.788 
 167   (0.076) 0.058 0.067 0.213 0.038 0.356 0.051 0.024 0.061 0.010 0.030 0.021 0.122 0.066 0.056 0.029 
 161   (0.114) 0.022 0.118 0.008 0.158 0.080 0.124 0.044 0.123 0.065 0.013 0.075 0.065 0.122 0.127 0.167 
 155   (0.012) 0.001 0.011 0.001 0.005 0.003 0.007 0.002 0.010 0.001 0.001 0.003 0.004 0.010 0.008 0.003 
 173   (0.013) 0.001 0.011 0.001 0.006 0.003 0.008 0.002 0.011 0.001 0.001 0.003 0.006 0.013 0.009 0.003 
 163   (0.014) 0.002 0.011 0.001 0.006 0.004 0.013 0.002 0.011 0.001 0.028 0.003 0.005 0.011 0.010 0.004 
 171   (0.013) 0.001 0.011 0.001 0.006 0.003 0.009 0.002 0.011 0.001 0.001 0.003 0.004 0.011 0.010 0.004 

Locus 12 : 
8 alleles
0.0% missing data
 137   (0.512) 0.415 0.502 0.445 0.403 0.699 0.531 0.836 0.498 0.347 0.815 0.532 0.465 0.535 0.516 0.348 
 140   (0.161) 0.208 0.185 0.023 0.301 0.068 0.167 0.034 0.193 0.574 0.061 0.081 0.110 0.148 0.167 0.380 
 134   (0.250) 0.367 0.246 0.527 0.251 0.208 0.238 0.116 0.249 0.060 0.086 0.316 0.393 0.244 0.247 0.242 
 149   (0.012) 0.002 0.011 0.001 0.005 0.004 0.008 0.002 0.009 0.001 0.001 0.003 0.004 0.010 0.008 0.004 
 143   (0.015) 0.002 0.013 0.001 0.008 0.005 0.010 0.004 0.011 0.002 0.002 0.048 0.005 0.012 0.012 0.005 
 128   (0.012) 0.001 0.010 0.001 0.005 0.003 0.008 0.002 0.009 0.001 0.001 0.011 0.003 0.010 0.008 0.004 
 125   (0.020) 0.002 0.017 0.001 0.009 0.007 0.016 0.003 0.015 0.014 0.031 0.005 0.007 0.015 0.014 0.006 
 146   (0.018) 0.002 0.017 0.001 0.018 0.005 0.023 0.003 0.016 0.002 0.002 0.004 0.013 0.024 0.029 0.011 

Locus 13 : 
19 alleles
0.5% missing data
 206   (0.127) 0.408 0.116 0.044 0.129 0.108 0.100 0.218 0.117 0.258 0.151 0.067 0.062 0.118 0.110 0.150 
 210   (0.097) 0.274 0.109 0.317 0.127 0.046 0.109 0.018 0.109 0.166 0.024 0.028 0.075 0.088 0.101 0.129 
 190   (0.072) 0.009 0.071 0.005 0.054 0.038 0.078 0.031 0.070 0.087 0.112 0.018 0.040 0.081 0.076 0.037 
 202   (0.087) 0.018 0.099 0.008 0.072 0.217 0.113 0.515 0.102 0.033 0.012 0.257 0.058 0.085 0.093 0.049 
 214   (0.038) 0.005 0.033 0.228 0.028 0.012 0.027 0.007 0.032 0.072 0.005 0.012 0.094 0.034 0.032 0.026 
 212   (0.033) 0.004 0.029 0.139 0.016 0.021 0.036 0.006 0.028 0.004 0.411 0.008 0.012 0.044 0.026 0.011 
 192   (0.109) 0.049 0.124 0.008 0.191 0.059 0.133 0.062 0.134 0.090 0.036 0.030 0.072 0.114 0.138 0.215 
 204   (0.038) 0.005 0.034 0.035 0.025 0.015 0.035 0.018 0.036 0.021 0.017 0.016 0.047 0.036 0.035 0.018 
 184   (0.055) 0.101 0.052 0.004 0.033 0.018 0.053 0.010 0.050 0.020 0.100 0.013 0.025 0.051 0.047 0.035 
 216   (0.019) 0.002 0.022 0.001 0.112 0.006 0.017 0.003 0.028 0.016 0.002 0.004 0.011 0.016 0.015 0.181 
 208   (0.045) 0.006 0.053 0.014 0.036 0.015 0.052 0.010 0.047 0.184 0.047 0.011 0.027 0.041 0.044 0.030 
 198   (0.040) 0.005 0.039 0.003 0.037 0.013 0.054 0.021 0.043 0.005 0.006 0.010 0.027 0.055 0.060 0.025 
 194   (0.068) 0.034 0.061 0.149 0.035 0.319 0.050 0.021 0.055 0.021 0.012 0.196 0.346 0.063 0.060 0.028 
 186   (0.019) 0.003 0.017 0.021 0.008 0.010 0.012 0.003 0.014 0.002 0.002 0.005 0.033 0.016 0.013 0.006 
 188   (0.021) 0.002 0.018 0.001 0.013 0.007 0.014 0.003 0.018 0.004 0.002 0.039 0.007 0.019 0.018 0.008 
 200   (0.068) 0.066 0.062 0.018 0.041 0.071 0.059 0.038 0.059 0.011 0.035 0.268 0.032 0.065 0.065 0.026 
 196   (0.037) 0.005 0.035 0.002 0.028 0.019 0.038 0.007 0.036 0.004 0.023 0.010 0.021 0.045 0.046 0.017 
 220   (0.012) 0.001 0.011 0.001 0.006 0.004 0.008 0.007 0.010 0.001 0.002 0.004 0.004 0.010 0.009 0.004 
 180   (0.016) 0.002 0.015 0.001 0.008 0.004 0.011 0.002 0.015 0.002 0.002 0.003 0.009 0.019 0.013 0.004 

Locus 14 : 
8 alleles
1.1% missing data
 139   (0.078) 0.088 0.074 0.178 0.134 0.128 0.065 0.042 0.080 0.011 0.009 0.057 0.117 0.066 0.068 0.159 
 145   (0.064) 0.142 0.057 0.010 0.037 0.028 0.067 0.013 0.056 0.012 0.163 0.037 0.027 0.062 0.056 0.034 
 151   (0.298) 0.452 0.304 0.385 0.258 0.191 0.307 0.347 0.300 0.645 0.403 0.285 0.434 0.291 0.299 0.222 
 157   (0.353) 0.228 0.373 0.152 0.440 0.429 0.396 0.466 0.378 0.288 0.273 0.328 0.277 0.374 0.395 0.480 
 154   (0.101) 0.014 0.093 0.269 0.076 0.128 0.081 0.018 0.093 0.031 0.120 0.029 0.107 0.111 0.093 0.065 
 163   (0.042) 0.067 0.039 0.003 0.023 0.048 0.032 0.101 0.036 0.005 0.005 0.012 0.015 0.038 0.034 0.016 
 160   (0.035) 0.005 0.031 0.002 0.016 0.015 0.023 0.007 0.029 0.004 0.004 0.234 0.011 0.030 0.026 0.011 
 142   (0.031) 0.004 0.028 0.002 0.017 0.032 0.029 0.007 0.028 0.004 0.025 0.018 0.012 0.028 0.030 0.013 

Locus 15 : 
13 alleles
1.6% missing data
 256   (0.153) 0.166 0.140 0.083 0.135 0.195 0.111 0.129 0.131 0.167 0.136 0.159 0.118 0.142 0.122 0.150 
 262   (0.023) 0.262 0.019 0.001 0.009 0.164 0.014 0.004 0.016 0.002 0.002 0.007 0.007 0.017 0.014 0.007 
 246   (0.118) 0.176 0.132 0.008 0.144 0.104 0.139 0.024 0.129 0.095 0.030 0.107 0.076 0.124 0.137 0.158 
 258   (0.181) 0.027 0.212 0.014 0.250 0.204 0.245 0.513 0.226 0.228 0.165 0.158 0.118 0.183 0.214 0.243 
 254   (0.105) 0.014 0.096 0.212 0.068 0.067 0.087 0.184 0.094 0.166 0.069 0.090 0.221 0.104 0.092 0.052 
 250   (0.033) 0.004 0.029 0.508 0.016 0.019 0.023 0.010 0.026 0.004 0.021 0.012 0.056 0.029 0.025 0.011 
 242   (0.096) 0.190 0.088 0.096 0.073 0.061 0.116 0.021 0.091 0.011 0.175 0.060 0.134 0.117 0.125 0.050 
 252   (0.066) 0.112 0.068 0.015 0.050 0.063 0.067 0.014 0.068 0.030 0.037 0.023 0.060 0.061 0.066 0.041 
 248   (0.133) 0.025 0.129 0.058 0.199 0.090 0.124 0.086 0.136 0.040 0.296 0.347 0.169 0.129 0.123 0.242 
 260   (0.039) 0.005 0.039 0.002 0.027 0.013 0.032 0.007 0.038 0.250 0.005 0.021 0.018 0.039 0.034 0.027 
 264   (0.015) 0.002 0.013 0.001 0.011 0.005 0.017 0.002 0.013 0.001 0.002 0.003 0.009 0.019 0.020 0.007 
 244   (0.027) 0.017 0.024 0.002 0.012 0.013 0.019 0.005 0.022 0.003 0.061 0.008 0.009 0.027 0.021 0.010 
 276   (0.012) 0.001 0.010 0.001 0.005 0.003 0.007 0.002 0.010 0.001 0.001 0.003 0.004 0.010 0.008 0.003 

Values of parameters used in structure:
DATAFILE=G:\Shared drives\Emily_Schumacher\QUAC_analyses\QUAC_structure_wild_relate\QUAC_allpop_relate_red_12_15_21\project_data,	OUTFILE=G:\Shared drives\Emily_Schumacher\QUAC_analyses\QUAC_structure_wild_relate\QUAC_allpop_relate_red_12_15_21\50-100\Results\50-100_run_75,	NUMINDS=188,	NUMLOCI=15,	MISSING=-9,	LABEL=1,	POPDATA=1,	POPFLAG=0,	PHENOTYPE=0,	EXTRACOLS=0,	MAXPOPS=15,	BURNIN=50000,	NUMREPS=100000,	USEPOPINFO=0,	INFERALPHA=1,	INFERLAMBDA=0,	POPSPECIFICLAMBDA=0,	POPALPHAS=0,	COMPUTEPROB=1,	NOADMIX=0,	ADMBURNIN=2500,	UPDATEFREQ=1,	PRINTLIKES=0,	INTERMEDSAVE=0,	PRINTKLD=0,	PRINTNET=0,	PRINTLAMBDA=0,	ANCESTDIST=0,	NUMBOXES=1000,	ANCESTPINT=0.90000,	GENSBACK=2,	MIGRPRIOR=0.05000,	PRINTQHAT=0,	PRINTQSUM=0,	ALPHA=1.0000,	FREQSCORR=1,	FPRIORMEAN=0.0100,	FPRIORSD=0.0500,	ONEFST=0,	LAMBDA=1.0000,	UNIFPRIORALPHA=1,	ALPHAMAX=10.0000,	ALPHAPRIORA=1.0000,	ALPHAPRIORB=2.0000,	ALPHAPROPSD=0.0250,	STARTATPOPINFO=0,	RANDOMIZE=1,	LINKAGE=0,	METROFREQ=10,	REPORTHITRATE=0,	MARKOVPHASE=-1,	PHASED=0,	PLOIDY=2,	PHASEINFO=0	LOCPRIOR=0, 	LOCPRIORINIT=1.000000, 	LOCDATA=0, 	LOCISPOP=0, 	LOCPRIORSTEP=0.100000, 	MAXLOCPRIOR=20.000000, 	SEED=1639611389,	
[STRAT parameters]:    NUMSIMSTATS=1000,	PHENOTYPECOL=-9,	POOLFREQ=10,	LOCUSxONLY=0,	EMERROR=0.00100,	MISSINGPHENO=-9,	