

----------------------------------------------------
STRUCTURE by Pritchard, Stephens and Donnelly (2000)
     and Falush, Stephens and Pritchard (2003)
       Code by Pritchard, Falush and Hubisz
             Version 2.3.4 (Jul 2012)
----------------------------------------------------



Command line arguments:   bin\structure -m G:\Shared drives\Emily_Schumacher\QUAC_analyses\QUAC_structure_wild_relate\QUAC_allpop_relate_red_12_15_21\50-100\mainparams -e G:\Shared drives\Emily_Schumacher\QUAC_analyses\QUAC_structure_wild_relate\QUAC_allpop_relate_red_12_15_21\50-100\extraparams 
Input File:    G:\Shared drives\Emily_Schumacher\QUAC_analyses\QUAC_structure_wild_relate\QUAC_allpop_relate_red_12_15_21\project_data

Run parameters:
   188 individuals
   15 loci
   16 populations assumed
   50000 Burn-in period
   100000 Reps


--------------------------------------------
Proportion of membership of each pre-defined
 population in each of the 16 clusters

Given    Inferred Clusters                                                                                                  Number of
 Pop       1      2      3      4      5      6      7      8      9     10     11     12     13     14     15     16      Individuals

  1:     0.004  0.005  0.014  0.014  0.873  0.007  0.011  0.007  0.007  0.008  0.009  0.013  0.005  0.007  0.008  0.008        2
  2:     0.008  0.188  0.267  0.109  0.040  0.037  0.038  0.078  0.043  0.025  0.024  0.048  0.020  0.022  0.028  0.025       17
  3:     0.090  0.013  0.148  0.206  0.056  0.042  0.053  0.096  0.032  0.039  0.038  0.069  0.028  0.020  0.031  0.040       19
  4:     0.015  0.012  0.009  0.327  0.110  0.037  0.072  0.011  0.043  0.056  0.054  0.081  0.061  0.024  0.037  0.050       10
  5:     0.006  0.005  0.558  0.014  0.009  0.012  0.016  0.262  0.013  0.014  0.014  0.015  0.027  0.009  0.011  0.015        2
  6:     0.130  0.142  0.008  0.429  0.008  0.030  0.033  0.017  0.027  0.029  0.036  0.031  0.006  0.018  0.024  0.033        2
  7:     0.020  0.011  0.135  0.006  0.009  0.072  0.061  0.258  0.122  0.068  0.066  0.046  0.009  0.021  0.030  0.065        1
  8:     0.005  0.006  0.863  0.009  0.007  0.007  0.007  0.036  0.009  0.007  0.007  0.006  0.008  0.008  0.008  0.007        1
  9:     0.011  0.006  0.004  0.008  0.006  0.127  0.097  0.053  0.025  0.099  0.117  0.108  0.005  0.092  0.101  0.141        1
 10:     0.385  0.145  0.012  0.008  0.007  0.032  0.057  0.008  0.018  0.083  0.076  0.033  0.011  0.024  0.022  0.078        6
 11:     0.156  0.087  0.040  0.105  0.015  0.047  0.058  0.114  0.037  0.060  0.061  0.053  0.042  0.029  0.035  0.060       16
 12:     0.010  0.004  0.023  0.015  0.016  0.029  0.049  0.007  0.024  0.062  0.065  0.034  0.023  0.302  0.284  0.055        1
 13:     0.020  0.012  0.014  0.162  0.026  0.039  0.049  0.014  0.038  0.036  0.036  0.058  0.406  0.023  0.032  0.037       33
 14:     0.154  0.089  0.071  0.017  0.010  0.057  0.024  0.356  0.091  0.021  0.023  0.021  0.010  0.016  0.018  0.021       21
 15:     0.012  0.027  0.009  0.019  0.718  0.027  0.019  0.012  0.034  0.022  0.020  0.019  0.014  0.012  0.014  0.021       14
 16:     0.010  0.009  0.012  0.017  0.013  0.026  0.028  0.017  0.019  0.026  0.026  0.030  0.016  0.416  0.307  0.027       35
 17:     0.010  0.007  0.013  0.019  0.009  0.140  0.112  0.010  0.037  0.117  0.114  0.131  0.010  0.061  0.071  0.139        7
--------------------------------------------

Allele-freq. divergence among pops (Net nucleotide distance),
computed using point estimates of P.

      1       2       3       4       5       6       7       8       9      10      11      12      13      14      15      16      
 1      -    0.0673  0.1136  0.0650  0.0832  0.0311  0.0299  0.0767  0.0374  0.0277  0.0277  0.0353  0.0882  0.0447  0.0391  0.0283  
 2   0.0673     -    0.1407  0.0983  0.1017  0.0557  0.0531  0.1002  0.0616  0.0523  0.0523  0.0566  0.0996  0.0677  0.0609  0.0530  
 3   0.1136  0.1407     -    0.1014  0.1113  0.0888  0.0807  0.0890  0.0956  0.0800  0.0800  0.0859  0.1303  0.1002  0.0937  0.0812  
 4   0.0650  0.0983  0.1014     -    0.0805  0.0394  0.0308  0.0917  0.0508  0.0336  0.0336  0.0306  0.0578  0.0549  0.0454  0.0337  
 5   0.0832  0.1017  0.1113  0.0805     -    0.0502  0.0430  0.0903  0.0616  0.0411  0.0411  0.0463  0.0892  0.0594  0.0532  0.0416  
 6   0.0311  0.0557  0.0888  0.0394  0.0502     -    0.0046  0.0563  0.0040  0.0043  0.0043  0.0066  0.0564  0.0201  0.0131  0.0042  
 7   0.0299  0.0531  0.0807  0.0308  0.0430  0.0046     -    0.0541  0.0147  0.0008  0.0008  0.0011  0.0428  0.0157  0.0084  0.0008  
 8   0.0767  0.1002  0.0890  0.0917  0.0903  0.0563  0.0541     -    0.0648  0.0504  0.0503  0.0608  0.1052  0.0612  0.0588  0.0510  
 9   0.0374  0.0616  0.0956  0.0508  0.0616  0.0040  0.0147  0.0648     -    0.0141  0.0141  0.0180  0.0695  0.0310  0.0240  0.0146  
10   0.0277  0.0523  0.0800  0.0336  0.0411  0.0043  0.0008  0.0504  0.0141     -    0.0000  0.0034  0.0460  0.0143  0.0081  0.0001  
11   0.0277  0.0523  0.0800  0.0336  0.0411  0.0043  0.0008  0.0503  0.0141  0.0000     -    0.0034  0.0460  0.0143  0.0081  0.0001  
12   0.0353  0.0566  0.0859  0.0306  0.0463  0.0066  0.0011  0.0608  0.0180  0.0034  0.0034     -    0.0424  0.0196  0.0109  0.0030  
13   0.0882  0.0996  0.1303  0.0578  0.0892  0.0564  0.0428  0.1052  0.0695  0.0460  0.0460  0.0424     -    0.0674  0.0573  0.0466  
14   0.0447  0.0677  0.1002  0.0549  0.0594  0.0201  0.0157  0.0612  0.0310  0.0143  0.0143  0.0196  0.0674     -    0.0014  0.0143  
15   0.0391  0.0609  0.0937  0.0454  0.0532  0.0131  0.0084  0.0588  0.0240  0.0081  0.0081  0.0109  0.0573  0.0014     -    0.0081  
16   0.0283  0.0530  0.0812  0.0337  0.0416  0.0042  0.0008  0.0510  0.0146  0.0001  0.0001  0.0030  0.0466  0.0143  0.0081     -    

Average distances (expected heterozygosity) between individuals in same cluster:
cluster  1  : 0.6071 
cluster  2  : 0.5233 
cluster  3  : 0.4293 
cluster  4  : 0.5198 
cluster  5  : 0.5352 
cluster  6  : 0.6417 
cluster  7  : 0.6334 
cluster  8  : 0.5123 
cluster  9  : 0.6360 
cluster 10  : 0.6485 
cluster 11  : 0.6485 
cluster 12  : 0.6151 
cluster 13  : 0.5168 
cluster 14  : 0.5766 
cluster 15  : 0.5902 
cluster 16  : 0.6458 

--------------------------------------------
Estimated Ln Prob of Data   = -7864.8
Mean value of ln likelihood = -6974.9
Variance of ln likelihood   = 1779.7
Mean value of alpha         = 0.0398

Mean value of Fst_1         = 0.1437
Mean value of Fst_2         = 0.2557
Mean value of Fst_3         = 0.4048
Mean value of Fst_4         = 0.2056
Mean value of Fst_5         = 0.2018
Mean value of Fst_6         = 0.1396
Mean value of Fst_7         = 0.0497
Mean value of Fst_8         = 0.2450
Mean value of Fst_9         = 0.1838
Mean value of Fst_10         = 0.0004
Mean value of Fst_11         = 0.0002
Mean value of Fst_12         = 0.1109
Mean value of Fst_13         = 0.2236
Mean value of Fst_14         = 0.1269
Mean value of Fst_15         = 0.1355
Mean value of Fst_16         = 0.0120


Inferred ancestry of individuals:
        Label (%Miss) Pop:  Inferred clusters
  1 QAc-G-0029    (0)    1 :  0.005 0.006 0.025 0.025 0.819 0.010 0.017 0.006 0.011 0.011 0.013 0.021 0.005 0.007 0.010 0.011 
  2 QAc-G-0030    (0)    1 :  0.003 0.005 0.004 0.004 0.928 0.004 0.005 0.007 0.004 0.005 0.006 0.004 0.004 0.006 0.006 0.005 
  3 QAc-G-0062    (0)    2 :  0.009 0.412 0.029 0.005 0.006 0.036 0.029 0.263 0.042 0.030 0.028 0.023 0.005 0.027 0.029 0.028 
  4 QAc-G-0063    (0)    2 :  0.010 0.009 0.594 0.028 0.006 0.027 0.034 0.054 0.028 0.034 0.032 0.043 0.019 0.024 0.025 0.032 
  5 QAc-G-0064    (0)    2 :  0.006 0.892 0.007 0.007 0.005 0.005 0.006 0.023 0.005 0.006 0.006 0.007 0.005 0.007 0.007 0.006 
  6 QAc-G-0065    (0)    2 :  0.009 0.928 0.003 0.004 0.007 0.005 0.005 0.003 0.005 0.005 0.005 0.005 0.005 0.003 0.004 0.005 
  7 QAc-G-0066    (0)    2 :  0.003 0.003 0.941 0.005 0.005 0.004 0.004 0.005 0.004 0.004 0.004 0.004 0.004 0.004 0.004 0.004 
  8 QAc-G-0067    (0)    2 :  0.013 0.818 0.005 0.013 0.017 0.013 0.016 0.005 0.011 0.017 0.016 0.013 0.008 0.010 0.010 0.016 
  9 QAc-G-0068    (0)    2 :  0.026 0.006 0.458 0.003 0.008 0.158 0.005 0.006 0.291 0.005 0.006 0.004 0.004 0.008 0.007 0.005 
 10 QAc-G-0070    (0)    2 :  0.006 0.022 0.484 0.010 0.011 0.019 0.028 0.145 0.020 0.028 0.023 0.019 0.007 0.088 0.064 0.027 
 11 QAc-G-0071   (13)    2 :  0.005 0.004 0.881 0.008 0.008 0.006 0.006 0.039 0.006 0.006 0.006 0.006 0.003 0.006 0.006 0.006 
 12 QAc-G-0072    (0)    2 :  0.004 0.004 0.926 0.006 0.005 0.005 0.005 0.004 0.005 0.005 0.005 0.006 0.004 0.006 0.006 0.005 
 13 QAc-G-0073    (0)    2 :  0.004 0.004 0.004 0.532 0.012 0.035 0.084 0.004 0.071 0.016 0.016 0.124 0.015 0.015 0.046 0.017 
 14 QAc-G-0074    (0)    2 :  0.007 0.006 0.153 0.437 0.004 0.034 0.049 0.050 0.029 0.037 0.031 0.038 0.025 0.023 0.038 0.040 
 15 QAc-G-0075    (0)    2 :  0.008 0.011 0.011 0.699 0.015 0.025 0.028 0.012 0.015 0.027 0.026 0.029 0.036 0.013 0.018 0.027 
 16 QAc-G-0076    (0)    2 :  0.005 0.035 0.010 0.055 0.009 0.086 0.155 0.005 0.123 0.034 0.032 0.249 0.088 0.013 0.066 0.035 
 17 QAc-G-0080    (0)    2 :  0.007 0.029 0.009 0.016 0.546 0.046 0.047 0.020 0.017 0.062 0.060 0.036 0.005 0.021 0.018 0.061 
 18 QAc-G-0081    (0)    2 :  0.010 0.007 0.005 0.005 0.008 0.105 0.128 0.012 0.042 0.096 0.086 0.180 0.013 0.096 0.114 0.093 
 19 QAc-G-0083    (0)    2 :  0.005 0.011 0.027 0.021 0.015 0.016 0.020 0.683 0.010 0.014 0.018 0.027 0.088 0.012 0.018 0.014 
 20 QAc-G-0285    (0)    3 :  0.010 0.004 0.071 0.005 0.009 0.007 0.007 0.831 0.008 0.007 0.007 0.007 0.005 0.007 0.007 0.007 
 21 QAc-G-0287    (0)    3 :  0.003 0.003 0.950 0.004 0.004 0.003 0.003 0.005 0.003 0.003 0.003 0.003 0.003 0.003 0.003 0.003 
 22 QAc-G-0288    (6)    3 :  0.006 0.005 0.887 0.007 0.016 0.007 0.007 0.005 0.008 0.008 0.008 0.006 0.008 0.008 0.008 0.007 
 23 QAc-G-0292    (0)    3 :  0.008 0.006 0.160 0.006 0.005 0.012 0.011 0.713 0.011 0.010 0.010 0.010 0.005 0.012 0.010 0.011 
 24 QAc-G-0294    (0)    3 :  0.009 0.018 0.005 0.037 0.014 0.089 0.159 0.004 0.135 0.034 0.035 0.290 0.040 0.014 0.085 0.031 
 25 QAc-G-0295    (0)    3 :  0.008 0.019 0.014 0.412 0.020 0.071 0.068 0.023 0.043 0.025 0.025 0.156 0.034 0.010 0.042 0.030 
 26 QAc-G-0296    (0)    3 :  0.006 0.041 0.008 0.452 0.005 0.043 0.091 0.012 0.068 0.020 0.021 0.110 0.048 0.012 0.040 0.022 
 27 QAc-G-0297    (0)    3 :  0.021 0.003 0.003 0.246 0.005 0.061 0.093 0.004 0.036 0.134 0.121 0.056 0.037 0.033 0.030 0.117 
 28 QAc-G-0298    (6)    3 :  0.007 0.009 0.004 0.768 0.018 0.024 0.023 0.017 0.014 0.016 0.016 0.035 0.011 0.008 0.015 0.017 
 29 QAc-G-0299    (0)    3 :  0.010 0.005 0.011 0.715 0.005 0.015 0.027 0.005 0.021 0.012 0.011 0.017 0.119 0.005 0.010 0.012 
 30 QAc-G-0300    (0)    3 :  0.011 0.037 0.005 0.333 0.005 0.058 0.089 0.005 0.079 0.025 0.024 0.123 0.107 0.022 0.056 0.022 
 31 QAc-G-0301    (0)    3 :  0.005 0.036 0.012 0.830 0.008 0.009 0.010 0.010 0.008 0.010 0.011 0.009 0.019 0.006 0.007 0.011 
 32 QAc-G-0302    (0)    3 :  0.787 0.004 0.005 0.010 0.005 0.023 0.016 0.006 0.019 0.019 0.017 0.020 0.027 0.010 0.013 0.019 
 33 QAc-G-0303    (0)    3 :  0.753 0.010 0.005 0.005 0.007 0.026 0.018 0.016 0.031 0.023 0.020 0.014 0.004 0.026 0.020 0.022 
 34 QAc-G-0305    (0)    3 :  0.027 0.006 0.644 0.007 0.023 0.031 0.020 0.087 0.028 0.020 0.023 0.021 0.004 0.019 0.016 0.023 
 35 QAc-G-0307    (0)    3 :  0.007 0.006 0.004 0.007 0.860 0.009 0.010 0.011 0.007 0.010 0.011 0.009 0.006 0.017 0.014 0.011 
 36 QAc-G-0313    (0)    3 :  0.006 0.016 0.010 0.008 0.011 0.076 0.128 0.054 0.033 0.161 0.153 0.095 0.008 0.051 0.051 0.140 
 37 QAc-G-0314    (0)    3 :  0.015 0.010 0.004 0.048 0.012 0.079 0.118 0.003 0.036 0.121 0.131 0.145 0.033 0.044 0.067 0.133 
 38 QAc-G-0316    (0)    3 :  0.006 0.014 0.010 0.008 0.027 0.157 0.104 0.007 0.030 0.080 0.083 0.183 0.017 0.066 0.085 0.124 
 39 QAc-G-0033    (0)    4 :  0.006 0.012 0.006 0.712 0.007 0.021 0.021 0.004 0.019 0.008 0.007 0.020 0.132 0.006 0.011 0.008 
 40 QAc-G-0034    (0)    4 :  0.010 0.008 0.004 0.838 0.024 0.008 0.012 0.004 0.008 0.013 0.011 0.011 0.011 0.014 0.013 0.010 
 41 QAc-G-0035    (0)    4 :  0.010 0.020 0.014 0.020 0.012 0.056 0.097 0.013 0.072 0.033 0.030 0.169 0.357 0.017 0.051 0.028 
 42 QAc-G-0036    (0)    4 :  0.004 0.012 0.012 0.864 0.006 0.009 0.010 0.008 0.008 0.009 0.010 0.010 0.008 0.008 0.011 0.010 
 43 QAc-G-0039    (0)    4 :  0.011 0.008 0.009 0.022 0.036 0.090 0.161 0.005 0.099 0.035 0.032 0.301 0.028 0.021 0.103 0.039 
 44 QAc-G-0040    (0)    4 :  0.013 0.008 0.016 0.048 0.010 0.077 0.133 0.047 0.081 0.064 0.063 0.180 0.037 0.082 0.086 0.055 
 45 QAc-G-0045    (0)    4 :  0.005 0.007 0.010 0.746 0.013 0.020 0.045 0.004 0.042 0.007 0.007 0.031 0.024 0.006 0.025 0.008 
 46 QAc-G-0050    (0)    4 :  0.068 0.006 0.010 0.004 0.100 0.049 0.104 0.015 0.073 0.153 0.152 0.041 0.004 0.039 0.028 0.152 
 47 QAc-G-0052    (0)    4 :  0.005 0.025 0.004 0.007 0.859 0.009 0.011 0.005 0.007 0.012 0.012 0.009 0.006 0.009 0.009 0.012 
 48 QAc-G-0056    (0)    4 :  0.016 0.009 0.007 0.008 0.037 0.031 0.126 0.006 0.024 0.228 0.211 0.039 0.007 0.042 0.034 0.174 
 49 QAc-G-0276    (0)    5 :  0.005 0.004 0.323 0.016 0.009 0.011 0.017 0.508 0.012 0.014 0.014 0.014 0.020 0.008 0.010 0.013 
 50 QAc-G-0280    (6)    5 :  0.007 0.006 0.793 0.012 0.008 0.013 0.015 0.016 0.014 0.015 0.015 0.015 0.033 0.010 0.011 0.016 
 51 QAc-G-0018    (0)    6 :  0.017 0.006 0.006 0.843 0.012 0.013 0.013 0.004 0.019 0.010 0.011 0.011 0.008 0.008 0.009 0.009 
 52 QAc-G-0017    (0)    6 :  0.243 0.278 0.009 0.016 0.005 0.047 0.054 0.029 0.034 0.047 0.060 0.052 0.004 0.028 0.039 0.057 
 53 QAc-G-0250    (0)    7 :  0.020 0.011 0.135 0.006 0.009 0.072 0.061 0.258 0.122 0.068 0.066 0.046 0.009 0.021 0.030 0.065 
 54 QAc-G-0003    (6)    8 :  0.005 0.006 0.863 0.009 0.007 0.007 0.007 0.036 0.009 0.007 0.007 0.006 0.008 0.008 0.008 0.007 
 55 QAc-G-0283    (0)    9 :  0.011 0.006 0.004 0.008 0.006 0.127 0.097 0.053 0.025 0.099 0.117 0.108 0.005 0.092 0.101 0.141 
 56 QAc-G-0255    (0)   10 :  0.620 0.008 0.005 0.009 0.004 0.047 0.050 0.006 0.033 0.029 0.031 0.058 0.031 0.019 0.023 0.029 
 57 QAc-G-0256    (0)   10 :  0.862 0.018 0.017 0.008 0.006 0.008 0.008 0.014 0.008 0.007 0.007 0.008 0.009 0.006 0.006 0.007 
 58 QAc-G-0257    (0)   10 :  0.731 0.080 0.004 0.006 0.011 0.015 0.023 0.006 0.013 0.019 0.023 0.015 0.004 0.017 0.015 0.020 
 59 QAc-G-0259    (0)   10 :  0.014 0.003 0.003 0.003 0.003 0.051 0.133 0.002 0.018 0.250 0.221 0.027 0.008 0.032 0.026 0.206 
 60 QAc-G-0260    (0)   10 :  0.067 0.183 0.041 0.009 0.009 0.026 0.078 0.014 0.021 0.147 0.128 0.043 0.012 0.049 0.036 0.136 
 61 QAc-G-0261    (0)   10 :  0.014 0.577 0.004 0.011 0.007 0.048 0.051 0.006 0.018 0.049 0.046 0.049 0.004 0.023 0.026 0.066 
 62 QAc-G-0109    (0)   11 :  0.413 0.052 0.006 0.020 0.015 0.041 0.064 0.010 0.020 0.081 0.090 0.035 0.005 0.042 0.034 0.071 
 63 QAc-G-0113    (0)   11 :  0.601 0.023 0.010 0.012 0.021 0.044 0.025 0.053 0.066 0.031 0.032 0.015 0.006 0.012 0.014 0.034 
 64 QAc-G-0114    (0)   11 :  0.594 0.004 0.011 0.027 0.008 0.024 0.042 0.008 0.024 0.040 0.049 0.019 0.098 0.012 0.010 0.031 
 65 QAc-G-0117    (0)   11 :  0.110 0.093 0.007 0.061 0.013 0.091 0.083 0.058 0.093 0.067 0.059 0.080 0.045 0.021 0.047 0.071 
 66 QAc-G-0120    (0)   11 :  0.258 0.008 0.005 0.014 0.009 0.039 0.094 0.009 0.025 0.147 0.132 0.051 0.012 0.035 0.030 0.132 
 67 QAc-G-0125    (0)   11 :  0.020 0.643 0.017 0.004 0.038 0.017 0.023 0.062 0.011 0.030 0.033 0.021 0.005 0.024 0.017 0.034 
 68 QAc-G-0141    (0)   11 :  0.060 0.025 0.019 0.033 0.028 0.121 0.100 0.017 0.100 0.097 0.089 0.088 0.015 0.039 0.063 0.106 
 69 QAc-G-0143    (0)   11 :  0.005 0.003 0.007 0.010 0.006 0.093 0.135 0.004 0.033 0.147 0.166 0.099 0.004 0.042 0.079 0.166 
 70 QAc-G-0147    (0)   11 :  0.091 0.404 0.005 0.028 0.009 0.033 0.050 0.040 0.032 0.053 0.054 0.030 0.010 0.063 0.049 0.049 
 71 QAc-G-0174    (0)   11 :  0.004 0.004 0.060 0.008 0.006 0.005 0.005 0.870 0.006 0.005 0.005 0.005 0.005 0.004 0.005 0.005 
 72 QAc-G-0182    (0)   11 :  0.006 0.011 0.269 0.005 0.003 0.005 0.007 0.653 0.005 0.006 0.007 0.005 0.004 0.005 0.004 0.006 
 73 QAc-G-0188    (0)   11 :  0.281 0.007 0.196 0.007 0.004 0.050 0.064 0.014 0.041 0.068 0.071 0.064 0.017 0.023 0.023 0.070 
 74 QAc-G-0229    (0)   11 :  0.009 0.005 0.005 0.863 0.007 0.012 0.011 0.009 0.007 0.009 0.011 0.011 0.006 0.012 0.013 0.011 
 75 QAc-G-0233    (0)   11 :  0.007 0.010 0.006 0.013 0.039 0.037 0.066 0.004 0.028 0.103 0.094 0.042 0.317 0.079 0.064 0.090 
 76 QAc-G-0237    (0)   11 :  0.025 0.056 0.010 0.564 0.021 0.039 0.038 0.008 0.027 0.020 0.021 0.076 0.034 0.014 0.027 0.021 
 77 QAc-G-0243    (0)   11 :  0.008 0.050 0.003 0.015 0.013 0.094 0.116 0.008 0.074 0.060 0.064 0.213 0.098 0.043 0.077 0.064 
 78 QAc-G-0249    (0)   12 :  0.010 0.004 0.023 0.015 0.016 0.029 0.049 0.007 0.024 0.062 0.065 0.034 0.023 0.302 0.284 0.055 
 79 QAc-W-0001    (0)   13 :  0.013 0.014 0.003 0.035 0.005 0.013 0.008 0.003 0.007 0.009 0.009 0.009 0.851 0.006 0.007 0.008 
 80 QAc-W-0002    (0)   13 :  0.028 0.004 0.036 0.646 0.007 0.026 0.039 0.008 0.038 0.026 0.024 0.035 0.017 0.016 0.025 0.024 
 81 QAc-W-0003    (0)   13 :  0.014 0.013 0.008 0.022 0.021 0.016 0.015 0.026 0.014 0.014 0.015 0.017 0.772 0.007 0.011 0.016 
 82 QAc-W-0004    (0)   13 :  0.004 0.004 0.008 0.015 0.007 0.006 0.007 0.004 0.006 0.005 0.006 0.008 0.905 0.005 0.005 0.005 
 83 QAc-W-0005    (0)   13 :  0.005 0.004 0.006 0.008 0.004 0.007 0.007 0.006 0.006 0.007 0.007 0.008 0.905 0.007 0.007 0.006 
 84 QAc-W-0007   (13)   13 :  0.006 0.006 0.005 0.014 0.005 0.007 0.008 0.005 0.007 0.007 0.007 0.009 0.893 0.008 0.008 0.007 
 85 QAc-W-0008    (6)   13 :  0.009 0.005 0.006 0.018 0.004 0.024 0.028 0.007 0.021 0.037 0.035 0.028 0.703 0.017 0.022 0.036 
 86 QAc-W-0009    (0)   13 :  0.227 0.011 0.020 0.122 0.010 0.058 0.075 0.007 0.041 0.069 0.074 0.111 0.021 0.039 0.052 0.064 
 87 QAc-W-0010    (0)   13 :  0.018 0.037 0.007 0.010 0.006 0.021 0.032 0.018 0.026 0.020 0.020 0.031 0.684 0.024 0.028 0.018 
 88 QAc-W-0011    (0)   13 :  0.012 0.012 0.040 0.064 0.016 0.036 0.078 0.015 0.060 0.036 0.035 0.114 0.398 0.015 0.037 0.032 
 89 QAc-W-0012    (0)   13 :  0.010 0.011 0.015 0.119 0.012 0.024 0.028 0.006 0.032 0.023 0.022 0.029 0.614 0.016 0.017 0.022 
 90 QAc-W-0013    (0)   13 :  0.043 0.009 0.016 0.174 0.144 0.070 0.113 0.007 0.106 0.033 0.036 0.146 0.015 0.014 0.048 0.027 
 91 QAc-W-0014    (0)   13 :  0.004 0.006 0.004 0.017 0.005 0.010 0.014 0.010 0.016 0.010 0.009 0.013 0.842 0.015 0.016 0.010 
 92 QAc-W-0015    (0)   13 :  0.011 0.004 0.016 0.431 0.016 0.041 0.068 0.129 0.070 0.022 0.024 0.073 0.012 0.021 0.038 0.023 
 93 QAc-W-0017    (0)   13 :  0.014 0.006 0.010 0.049 0.024 0.119 0.105 0.041 0.058 0.102 0.091 0.115 0.011 0.065 0.076 0.115 
 94 QAc-W-0018    (0)   13 :  0.029 0.014 0.005 0.026 0.045 0.041 0.063 0.004 0.049 0.055 0.059 0.066 0.442 0.020 0.033 0.050 
 95 QAc-W-0020    (0)   13 :  0.005 0.011 0.004 0.007 0.004 0.021 0.019 0.005 0.013 0.023 0.019 0.024 0.802 0.008 0.012 0.022 
 96 QAc-W-0021    (0)   13 :  0.022 0.008 0.011 0.017 0.123 0.035 0.070 0.004 0.037 0.069 0.069 0.061 0.349 0.022 0.033 0.069 
 97 QAc-W-0022    (0)   13 :  0.008 0.008 0.016 0.101 0.012 0.095 0.105 0.029 0.070 0.078 0.078 0.146 0.022 0.050 0.095 0.089 
 98 QAc-W-0023    (6)   13 :  0.030 0.042 0.004 0.123 0.024 0.069 0.103 0.006 0.068 0.060 0.056 0.125 0.113 0.044 0.065 0.067 
 99 QAc-W-0024    (0)   13 :  0.011 0.006 0.055 0.024 0.101 0.067 0.041 0.005 0.026 0.041 0.045 0.067 0.371 0.031 0.042 0.066 
100 QAc-W-0025    (0)   13 :  0.011 0.004 0.008 0.353 0.018 0.036 0.030 0.005 0.033 0.025 0.024 0.042 0.347 0.014 0.022 0.028 
101 QAc-W-0026    (0)   13 :  0.015 0.024 0.050 0.059 0.084 0.021 0.040 0.016 0.030 0.045 0.050 0.026 0.452 0.027 0.025 0.039 
102 QAc-W-0027    (0)   13 :  0.012 0.004 0.005 0.758 0.005 0.014 0.013 0.004 0.010 0.017 0.016 0.023 0.080 0.012 0.013 0.015 
103 QAc-W-0028    (0)   13 :  0.007 0.004 0.009 0.138 0.004 0.036 0.029 0.009 0.024 0.021 0.022 0.039 0.592 0.016 0.023 0.026 
104 QAc-W-0029    (0)   13 :  0.012 0.021 0.004 0.178 0.007 0.068 0.107 0.003 0.088 0.021 0.019 0.156 0.237 0.010 0.049 0.020 
105 QAc-W-0032    (0)   13 :  0.004 0.024 0.003 0.023 0.006 0.012 0.017 0.003 0.014 0.010 0.009 0.017 0.830 0.008 0.011 0.010 
106 QAc-W-0033    (0)   13 :  0.012 0.032 0.004 0.018 0.013 0.062 0.102 0.009 0.082 0.121 0.138 0.067 0.163 0.037 0.035 0.104 
107 QAc-W-0035    (0)   13 :  0.006 0.008 0.021 0.410 0.017 0.038 0.056 0.016 0.038 0.048 0.043 0.071 0.124 0.027 0.036 0.042 
108 QAc-W-0037    (0)   13 :  0.005 0.015 0.008 0.819 0.015 0.013 0.013 0.006 0.012 0.012 0.013 0.016 0.022 0.008 0.010 0.011 
109 QAc-W-0038    (0)   13 :  0.015 0.011 0.009 0.108 0.007 0.124 0.069 0.036 0.042 0.078 0.056 0.120 0.144 0.040 0.056 0.084 
110 QAc-W-0040    (0)   13 :  0.008 0.023 0.009 0.018 0.014 0.021 0.020 0.010 0.010 0.026 0.028 0.017 0.615 0.091 0.065 0.025 
111 QAc-W-0041    (0)   13 :  0.029 0.006 0.031 0.407 0.064 0.038 0.082 0.005 0.093 0.029 0.029 0.071 0.039 0.013 0.037 0.027 
112 QAc-W-0042    (0)   14 :  0.335 0.346 0.040 0.016 0.017 0.035 0.032 0.011 0.054 0.017 0.017 0.031 0.007 0.008 0.016 0.017 
113 QAc-W-0044    (0)   14 :  0.072 0.167 0.042 0.080 0.005 0.066 0.096 0.089 0.093 0.026 0.025 0.102 0.009 0.031 0.067 0.028 
114 QAc-W-0045    (0)   14 :  0.759 0.030 0.012 0.017 0.008 0.030 0.014 0.007 0.043 0.017 0.016 0.012 0.007 0.008 0.007 0.014 
115 QAc-W-0048    (0)   14 :  0.681 0.088 0.005 0.014 0.016 0.014 0.023 0.006 0.014 0.030 0.031 0.017 0.011 0.012 0.010 0.027 
116 QAc-W-0050    (0)   14 :  0.213 0.018 0.009 0.009 0.006 0.220 0.018 0.006 0.380 0.023 0.022 0.018 0.004 0.014 0.016 0.023 
117 QAc-W-0051    (0)   14 :  0.076 0.087 0.005 0.007 0.018 0.239 0.015 0.034 0.436 0.016 0.015 0.016 0.007 0.007 0.007 0.014 
118 QAc-W-0052    (0)   14 :  0.006 0.921 0.006 0.005 0.003 0.005 0.005 0.006 0.004 0.005 0.005 0.005 0.009 0.004 0.005 0.004 
119 QAc-W-0053    (0)   14 :  0.837 0.019 0.005 0.008 0.005 0.013 0.014 0.008 0.014 0.012 0.013 0.012 0.009 0.008 0.011 0.013 
120 QAc-W-0054    (0)   14 :  0.045 0.085 0.106 0.012 0.008 0.094 0.082 0.064 0.155 0.074 0.078 0.051 0.008 0.030 0.039 0.070 
121 QAc-W-0056    (0)   14 :  0.022 0.008 0.007 0.070 0.011 0.164 0.058 0.010 0.270 0.067 0.093 0.038 0.050 0.027 0.030 0.074 
122 QAc-W-0057    (0)   14 :  0.100 0.010 0.008 0.016 0.026 0.203 0.031 0.076 0.343 0.040 0.039 0.024 0.007 0.018 0.021 0.040 
123 QAc-W-0060    (0)   14 :  0.006 0.027 0.009 0.019 0.004 0.006 0.007 0.871 0.005 0.008 0.007 0.007 0.003 0.006 0.006 0.008 
124 QAc-W-0061    (0)   14 :  0.019 0.006 0.013 0.032 0.012 0.024 0.029 0.647 0.018 0.031 0.033 0.021 0.011 0.039 0.033 0.031 
125 QAc-W-0062    (0)   14 :  0.004 0.009 0.007 0.004 0.005 0.005 0.004 0.929 0.004 0.005 0.005 0.004 0.003 0.005 0.005 0.004 
126 QAc-W-0063    (0)   14 :  0.007 0.022 0.021 0.007 0.022 0.010 0.012 0.801 0.008 0.014 0.014 0.013 0.017 0.010 0.011 0.012 
127 QAc-W-0064    (0)   14 :  0.005 0.005 0.020 0.006 0.007 0.008 0.007 0.877 0.007 0.008 0.008 0.008 0.011 0.007 0.007 0.008 
128 QAc-W-0065    (0)   14 :  0.009 0.007 0.010 0.015 0.011 0.026 0.016 0.764 0.023 0.018 0.017 0.019 0.009 0.017 0.019 0.021 
129 QAc-W-0066    (0)   14 :  0.003 0.003 0.950 0.004 0.005 0.003 0.003 0.005 0.003 0.003 0.003 0.003 0.003 0.003 0.003 0.003 
130 QAc-W-0072    (0)   14 :  0.006 0.004 0.006 0.006 0.011 0.018 0.016 0.717 0.021 0.016 0.018 0.012 0.016 0.064 0.051 0.017 
131 QAc-W-0073    (0)   14 :  0.015 0.007 0.006 0.009 0.008 0.014 0.015 0.829 0.016 0.012 0.013 0.014 0.006 0.010 0.012 0.013 
132 QAc-W-0077    (0)   14 :  0.008 0.005 0.204 0.007 0.004 0.007 0.006 0.709 0.007 0.006 0.007 0.006 0.005 0.005 0.006 0.006 
133 QAc-W-0078    (0)   15 :  0.007 0.015 0.031 0.021 0.645 0.016 0.038 0.008 0.018 0.044 0.042 0.021 0.014 0.020 0.022 0.038 
134 QAc-W-0079    (6)   15 :  0.007 0.003 0.012 0.008 0.907 0.005 0.006 0.004 0.006 0.006 0.006 0.006 0.005 0.007 0.006 0.006 
135 QAc-W-0081    (0)   15 :  0.005 0.009 0.004 0.005 0.904 0.005 0.008 0.008 0.006 0.007 0.006 0.007 0.009 0.005 0.006 0.006 
136 QAc-W-0082    (0)   15 :  0.030 0.002 0.005 0.006 0.451 0.163 0.006 0.005 0.293 0.006 0.006 0.007 0.003 0.005 0.005 0.006 
137 QAc-W-0083    (0)   15 :  0.008 0.009 0.008 0.006 0.846 0.010 0.009 0.031 0.011 0.009 0.009 0.008 0.007 0.010 0.009 0.009 
138 QAc-W-0086    (0)   15 :  0.006 0.005 0.016 0.008 0.876 0.008 0.008 0.005 0.009 0.008 0.008 0.008 0.007 0.009 0.009 0.009 
139 QAc-W-0087    (0)   15 :  0.008 0.003 0.005 0.005 0.917 0.006 0.005 0.003 0.005 0.006 0.006 0.006 0.004 0.007 0.006 0.006 
140 QAc-W-0088    (0)   15 :  0.012 0.005 0.006 0.012 0.817 0.013 0.018 0.005 0.011 0.020 0.018 0.015 0.006 0.011 0.012 0.018 
141 QAc-W-0092    (0)   15 :  0.015 0.019 0.011 0.097 0.604 0.020 0.032 0.006 0.024 0.032 0.027 0.032 0.025 0.013 0.017 0.027 
142 QAc-W-0093    (0)   15 :  0.013 0.010 0.003 0.017 0.711 0.027 0.024 0.005 0.018 0.024 0.026 0.029 0.028 0.017 0.019 0.030 
143 QAc-W-0094    (0)   15 :  0.027 0.249 0.006 0.009 0.277 0.044 0.033 0.047 0.019 0.047 0.042 0.048 0.052 0.024 0.023 0.055 
144 QAc-W-0097    (0)   15 :  0.013 0.017 0.007 0.063 0.624 0.028 0.028 0.007 0.022 0.035 0.031 0.029 0.026 0.016 0.020 0.033 
145 QAc-W-0099    (0)   15 :  0.017 0.019 0.005 0.011 0.621 0.022 0.046 0.005 0.027 0.047 0.039 0.039 0.004 0.023 0.030 0.044 
146 QAc-W-0107    (0)   15 :  0.004 0.007 0.012 0.005 0.855 0.010 0.009 0.029 0.009 0.010 0.009 0.010 0.006 0.008 0.008 0.009 
147 QAc-W-0115    (0)   16 :  0.005 0.007 0.005 0.020 0.009 0.010 0.011 0.008 0.009 0.013 0.013 0.012 0.013 0.519 0.336 0.012 
148 QAc-W-0116    (0)   16 :  0.022 0.013 0.003 0.018 0.007 0.024 0.033 0.005 0.020 0.029 0.034 0.026 0.008 0.424 0.302 0.032 
149 QAc-W-0117    (0)   16 :  0.011 0.004 0.004 0.008 0.004 0.014 0.011 0.004 0.008 0.010 0.011 0.011 0.005 0.493 0.391 0.012 
150 QAc-W-0118    (0)   16 :  0.008 0.006 0.038 0.006 0.022 0.016 0.018 0.021 0.011 0.017 0.017 0.013 0.008 0.483 0.295 0.021 
151 QAc-W-0119    (0)   16 :  0.007 0.007 0.016 0.008 0.008 0.018 0.022 0.005 0.020 0.025 0.024 0.016 0.006 0.430 0.368 0.021 
152 QAc-W-0120    (0)   16 :  0.012 0.005 0.020 0.010 0.012 0.018 0.036 0.010 0.015 0.046 0.043 0.019 0.011 0.396 0.308 0.041 
153 QAc-W-0121    (0)   16 :  0.007 0.003 0.072 0.006 0.004 0.019 0.019 0.010 0.024 0.016 0.013 0.013 0.007 0.450 0.322 0.014 
154 QAc-W-0122    (0)   16 :  0.011 0.004 0.004 0.006 0.006 0.042 0.042 0.007 0.022 0.032 0.030 0.041 0.021 0.416 0.275 0.041 
155 QAc-W-0123    (6)   16 :  0.009 0.019 0.007 0.012 0.010 0.030 0.027 0.010 0.010 0.027 0.024 0.032 0.004 0.439 0.306 0.034 
156 QAc-W-0124    (0)   16 :  0.004 0.007 0.011 0.047 0.079 0.013 0.021 0.099 0.015 0.021 0.019 0.019 0.018 0.360 0.252 0.017 
157 QAc-W-0125    (0)   16 :  0.009 0.008 0.008 0.011 0.020 0.012 0.013 0.005 0.009 0.013 0.014 0.012 0.009 0.477 0.367 0.014 
158 QAc-W-0132    (6)   16 :  0.006 0.019 0.052 0.038 0.037 0.025 0.031 0.031 0.015 0.031 0.034 0.029 0.019 0.362 0.240 0.031 
159 QAc-W-0134    (0)   16 :  0.006 0.006 0.005 0.007 0.006 0.006 0.007 0.007 0.006 0.007 0.007 0.007 0.005 0.514 0.398 0.007 
160 QAc-W-0135    (0)   16 :  0.007 0.004 0.014 0.026 0.009 0.013 0.021 0.028 0.014 0.018 0.019 0.023 0.101 0.417 0.271 0.015 
161 QAc-W-0136    (0)   16 :  0.005 0.007 0.003 0.006 0.005 0.006 0.009 0.006 0.006 0.009 0.008 0.009 0.005 0.510 0.399 0.008 
162 QAc-W-0138    (0)   16 :  0.004 0.006 0.005 0.005 0.004 0.009 0.009 0.004 0.008 0.008 0.008 0.013 0.008 0.502 0.400 0.007 
163 QAc-W-0140    (0)   16 :  0.022 0.004 0.005 0.018 0.006 0.021 0.024 0.005 0.018 0.014 0.019 0.032 0.009 0.442 0.342 0.017 
164 QAc-W-0141    (6)   16 :  0.018 0.008 0.030 0.045 0.008 0.109 0.096 0.008 0.042 0.066 0.061 0.167 0.018 0.105 0.136 0.083 
165 QAc-W-0142    (0)   16 :  0.005 0.004 0.012 0.004 0.005 0.008 0.011 0.014 0.010 0.008 0.008 0.007 0.004 0.524 0.370 0.007 
166 QAc-W-0143    (0)   16 :  0.011 0.006 0.003 0.005 0.029 0.010 0.016 0.006 0.013 0.019 0.020 0.010 0.008 0.459 0.367 0.017 
167 QAc-W-0145    (0)   16 :  0.006 0.004 0.003 0.005 0.004 0.010 0.011 0.007 0.007 0.011 0.010 0.010 0.004 0.560 0.337 0.011 
168 QAc-W-0148    (0)   16 :  0.005 0.007 0.004 0.012 0.004 0.007 0.007 0.007 0.006 0.007 0.007 0.008 0.006 0.523 0.384 0.006 
169 QAc-W-0149    (0)   16 :  0.018 0.040 0.004 0.007 0.010 0.043 0.091 0.014 0.056 0.053 0.055 0.086 0.013 0.244 0.213 0.052 
170 QAc-W-0150    (0)   16 :  0.007 0.021 0.006 0.041 0.029 0.036 0.063 0.008 0.041 0.045 0.042 0.059 0.092 0.249 0.223 0.040 
171 QAc-W-0151    (0)   16 :  0.006 0.006 0.004 0.050 0.011 0.012 0.015 0.006 0.011 0.018 0.015 0.015 0.010 0.482 0.321 0.019 
172 QAc-W-0152    (0)   16 :  0.011 0.006 0.006 0.009 0.005 0.011 0.009 0.031 0.011 0.010 0.010 0.007 0.006 0.534 0.325 0.009 
173 QAc-W-0153    (0)   16 :  0.006 0.004 0.005 0.029 0.026 0.174 0.089 0.023 0.050 0.081 0.082 0.177 0.005 0.057 0.075 0.117 
174 QAc-W-0154    (0)   16 :  0.006 0.004 0.004 0.008 0.006 0.017 0.029 0.004 0.013 0.034 0.039 0.023 0.047 0.398 0.337 0.030 
175 QAc-W-0157    (0)   16 :  0.013 0.027 0.012 0.023 0.005 0.029 0.037 0.020 0.014 0.051 0.049 0.019 0.005 0.362 0.282 0.051 
176 QAc-W-0158    (0)   16 :  0.007 0.008 0.025 0.068 0.030 0.021 0.034 0.009 0.022 0.020 0.020 0.043 0.043 0.375 0.258 0.020 
177 QAc-W-0159    (0)   16 :  0.006 0.008 0.004 0.006 0.007 0.009 0.012 0.004 0.009 0.010 0.009 0.007 0.008 0.516 0.375 0.009 
178 QAc-W-0160    (0)   16 :  0.005 0.004 0.004 0.018 0.008 0.017 0.035 0.005 0.013 0.035 0.037 0.033 0.025 0.409 0.324 0.026 
179 QAc-W-0162    (0)   16 :  0.026 0.017 0.006 0.004 0.007 0.022 0.019 0.088 0.026 0.022 0.018 0.014 0.004 0.397 0.312 0.018 
180 QAc-W-0163    (0)   16 :  0.041 0.010 0.007 0.008 0.005 0.053 0.031 0.010 0.079 0.041 0.038 0.018 0.006 0.368 0.252 0.032 
181 QAc-W-0164    (0)   16 :  0.012 0.009 0.009 0.009 0.012 0.023 0.034 0.070 0.021 0.039 0.045 0.023 0.007 0.376 0.269 0.041 
182 QAc-W-0167    (0)   17 :  0.010 0.006 0.006 0.006 0.019 0.228 0.085 0.009 0.037 0.076 0.062 0.191 0.006 0.053 0.082 0.124 
183 QAc-W-0168    (0)   17 :  0.017 0.008 0.052 0.017 0.013 0.063 0.096 0.023 0.036 0.134 0.130 0.070 0.010 0.115 0.091 0.125 
184 QAc-W-0169    (0)   17 :  0.015 0.004 0.011 0.016 0.004 0.060 0.127 0.010 0.065 0.175 0.188 0.056 0.019 0.038 0.037 0.175 
185 QAc-W-0170    (0)   17 :  0.010 0.005 0.003 0.060 0.007 0.107 0.134 0.005 0.030 0.145 0.128 0.076 0.013 0.056 0.059 0.160 
186 QAc-W-0172    (0)   17 :  0.006 0.015 0.002 0.011 0.010 0.050 0.147 0.002 0.027 0.187 0.198 0.085 0.008 0.042 0.036 0.175 
187 QAc-W-0173    (0)   17 :  0.005 0.005 0.004 0.014 0.007 0.240 0.085 0.010 0.034 0.037 0.035 0.245 0.011 0.062 0.106 0.102 
188 QAc-W-0174    (0)   17 :  0.011 0.004 0.011 0.008 0.006 0.230 0.110 0.010 0.031 0.062 0.061 0.193 0.004 0.059 0.083 0.115 


Estimated Allele Frequencies in each cluster
First column gives estimated ancestral frequencies


Locus 1 : 
18 alleles
0.0% missing data
 210   (0.115) 0.258 0.030 0.007 0.072 0.150 0.096 0.109 0.023 0.089 0.115 0.115 0.105 0.019 0.167 0.154 0.114 
 212   (0.110) 0.033 0.022 0.197 0.398 0.272 0.105 0.119 0.015 0.108 0.110 0.110 0.135 0.049 0.097 0.105 0.110 
 202   (0.059) 0.018 0.302 0.003 0.037 0.138 0.036 0.050 0.007 0.030 0.059 0.059 0.042 0.068 0.020 0.023 0.057 
 226   (0.043) 0.025 0.220 0.244 0.005 0.015 0.029 0.033 0.130 0.029 0.043 0.043 0.023 0.005 0.014 0.015 0.041 
 216   (0.079) 0.052 0.172 0.005 0.010 0.168 0.050 0.067 0.060 0.043 0.079 0.079 0.056 0.019 0.108 0.097 0.076 
 200   (0.235) 0.191 0.125 0.510 0.380 0.087 0.266 0.305 0.131 0.245 0.235 0.235 0.359 0.509 0.192 0.234 0.243 
 224   (0.043) 0.011 0.010 0.004 0.023 0.012 0.040 0.046 0.259 0.034 0.043 0.043 0.045 0.009 0.017 0.023 0.044 
 218   (0.054) 0.014 0.010 0.004 0.011 0.107 0.039 0.047 0.019 0.040 0.054 0.054 0.037 0.084 0.115 0.101 0.052 
 228   (0.011) 0.002 0.002 0.001 0.001 0.001 0.004 0.008 0.125 0.004 0.011 0.011 0.005 0.001 0.003 0.003 0.010 
 214   (0.069) 0.168 0.044 0.014 0.008 0.009 0.191 0.059 0.208 0.291 0.069 0.069 0.045 0.008 0.035 0.036 0.067 
 208   (0.061) 0.085 0.018 0.004 0.039 0.026 0.071 0.059 0.008 0.037 0.061 0.061 0.080 0.211 0.025 0.039 0.067 
 220   (0.031) 0.008 0.006 0.002 0.006 0.004 0.026 0.027 0.004 0.015 0.031 0.031 0.023 0.003 0.017 0.018 0.034 
 196   (0.011) 0.003 0.002 0.001 0.001 0.001 0.005 0.008 0.001 0.004 0.011 0.011 0.005 0.001 0.003 0.003 0.010 
 238   (0.011) 0.003 0.002 0.001 0.001 0.001 0.008 0.009 0.001 0.004 0.011 0.011 0.008 0.001 0.004 0.005 0.012 
 206   (0.020) 0.059 0.004 0.001 0.002 0.003 0.010 0.016 0.002 0.008 0.020 0.020 0.010 0.003 0.021 0.019 0.019 
 190   (0.011) 0.003 0.002 0.001 0.001 0.001 0.006 0.009 0.001 0.004 0.011 0.011 0.005 0.001 0.003 0.003 0.010 
 222   (0.024) 0.006 0.025 0.001 0.003 0.003 0.012 0.019 0.004 0.009 0.024 0.024 0.012 0.007 0.155 0.118 0.022 
 232   (0.013) 0.062 0.004 0.001 0.001 0.002 0.006 0.010 0.001 0.005 0.013 0.013 0.006 0.001 0.004 0.004 0.012 

Locus 2 : 
15 alleles
2.1% missing data
 171   (0.214) 0.453 0.243 0.018 0.431 0.181 0.236 0.229 0.045 0.251 0.214 0.214 0.231 0.308 0.106 0.144 0.214 
 175   (0.099) 0.032 0.204 0.028 0.056 0.258 0.139 0.090 0.030 0.190 0.099 0.099 0.077 0.045 0.044 0.048 0.095 
 185   (0.054) 0.014 0.013 0.005 0.006 0.082 0.034 0.048 0.017 0.026 0.054 0.054 0.038 0.009 0.172 0.138 0.053 
 179   (0.070) 0.018 0.239 0.035 0.009 0.009 0.064 0.067 0.489 0.041 0.070 0.070 0.068 0.008 0.233 0.177 0.074 
 181   (0.093) 0.112 0.036 0.560 0.131 0.345 0.089 0.105 0.048 0.094 0.093 0.093 0.103 0.032 0.032 0.052 0.093 
 173   (0.185) 0.172 0.175 0.330 0.212 0.040 0.193 0.207 0.148 0.214 0.185 0.185 0.238 0.186 0.184 0.199 0.179 
 177   (0.033) 0.010 0.006 0.003 0.004 0.004 0.026 0.028 0.178 0.029 0.033 0.033 0.021 0.004 0.065 0.056 0.032 
 187   (0.094) 0.047 0.018 0.009 0.118 0.012 0.110 0.089 0.026 0.078 0.094 0.094 0.099 0.111 0.047 0.062 0.104 
 183   (0.062) 0.099 0.016 0.006 0.008 0.021 0.054 0.060 0.007 0.035 0.062 0.062 0.063 0.008 0.077 0.080 0.064 
 189   (0.032) 0.008 0.005 0.003 0.017 0.004 0.019 0.028 0.004 0.017 0.032 0.032 0.025 0.282 0.020 0.019 0.030 
 191   (0.020) 0.025 0.037 0.001 0.002 0.041 0.012 0.016 0.003 0.009 0.020 0.020 0.013 0.003 0.006 0.008 0.019 
 163   (0.011) 0.003 0.002 0.001 0.001 0.001 0.006 0.009 0.001 0.004 0.011 0.011 0.005 0.001 0.003 0.003 0.010 
 165   (0.011) 0.003 0.002 0.001 0.001 0.001 0.006 0.008 0.001 0.004 0.011 0.011 0.005 0.001 0.003 0.003 0.010 
 193   (0.011) 0.002 0.002 0.001 0.001 0.001 0.007 0.009 0.001 0.004 0.011 0.011 0.008 0.001 0.004 0.006 0.010 
 167   (0.011) 0.002 0.002 0.001 0.001 0.001 0.006 0.009 0.001 0.004 0.011 0.011 0.006 0.001 0.004 0.004 0.010 

Locus 3 : 
4 alleles
1.1% missing data
 206   (0.888) 0.901 0.899 0.989 0.984 0.975 0.914 0.905 0.881 0.934 0.888 0.888 0.917 0.689 0.960 0.953 0.888 
 208   (0.057) 0.065 0.012 0.004 0.010 0.008 0.045 0.048 0.053 0.040 0.057 0.057 0.040 0.304 0.020 0.023 0.057 
 204   (0.039) 0.031 0.087 0.006 0.005 0.016 0.022 0.032 0.064 0.018 0.039 0.039 0.024 0.005 0.013 0.015 0.037 
 212   (0.016) 0.004 0.002 0.001 0.002 0.002 0.019 0.014 0.002 0.008 0.016 0.016 0.019 0.002 0.007 0.009 0.018 

Locus 4 : 
15 alleles
1.1% missing data
 165   (0.075) 0.021 0.043 0.005 0.028 0.461 0.089 0.090 0.306 0.078 0.075 0.075 0.122 0.013 0.028 0.050 0.077 
 163   (0.195) 0.270 0.077 0.015 0.061 0.029 0.238 0.216 0.080 0.191 0.195 0.195 0.253 0.090 0.272 0.268 0.214 
 167   (0.147) 0.097 0.485 0.010 0.192 0.070 0.153 0.136 0.020 0.152 0.147 0.147 0.125 0.243 0.136 0.146 0.146 
 161   (0.361) 0.428 0.333 0.955 0.678 0.128 0.366 0.364 0.570 0.440 0.360 0.361 0.335 0.473 0.459 0.421 0.348 
 153   (0.014) 0.004 0.003 0.001 0.003 0.002 0.010 0.018 0.002 0.012 0.014 0.014 0.022 0.011 0.005 0.008 0.013 
 173   (0.030) 0.025 0.005 0.002 0.003 0.262 0.029 0.023 0.004 0.037 0.030 0.030 0.018 0.003 0.011 0.011 0.029 
 171   (0.039) 0.052 0.030 0.003 0.004 0.005 0.034 0.038 0.004 0.024 0.039 0.039 0.040 0.005 0.016 0.020 0.040 
 179   (0.012) 0.003 0.002 0.001 0.003 0.001 0.007 0.010 0.001 0.005 0.012 0.012 0.006 0.002 0.004 0.004 0.012 
 157   (0.024) 0.017 0.004 0.002 0.014 0.003 0.013 0.019 0.003 0.012 0.024 0.024 0.013 0.144 0.007 0.008 0.023 
 149   (0.012) 0.026 0.002 0.001 0.001 0.001 0.006 0.009 0.001 0.006 0.012 0.012 0.005 0.001 0.004 0.004 0.011 
 177   (0.021) 0.006 0.004 0.001 0.004 0.012 0.016 0.020 0.002 0.013 0.021 0.021 0.022 0.003 0.008 0.013 0.022 
 155   (0.018) 0.004 0.003 0.001 0.002 0.003 0.010 0.014 0.002 0.007 0.018 0.018 0.009 0.006 0.006 0.007 0.017 
 175   (0.011) 0.008 0.002 0.001 0.001 0.001 0.005 0.009 0.001 0.004 0.011 0.011 0.006 0.001 0.003 0.004 0.010 
 169   (0.022) 0.034 0.004 0.001 0.003 0.018 0.013 0.017 0.002 0.010 0.022 0.022 0.013 0.003 0.007 0.009 0.021 
 159   (0.020) 0.005 0.003 0.001 0.002 0.002 0.010 0.016 0.002 0.007 0.020 0.020 0.011 0.002 0.035 0.029 0.019 

Locus 5 : 
16 alleles
0.0% missing data
 148   (0.113) 0.094 0.027 0.361 0.197 0.282 0.085 0.108 0.049 0.059 0.113 0.113 0.115 0.104 0.068 0.080 0.114 
 160   (0.025) 0.024 0.064 0.002 0.004 0.058 0.013 0.020 0.003 0.010 0.025 0.025 0.015 0.004 0.008 0.009 0.023 
 154   (0.076) 0.022 0.052 0.010 0.009 0.027 0.063 0.073 0.173 0.054 0.076 0.076 0.059 0.018 0.176 0.152 0.079 
 150   (0.062) 0.079 0.014 0.013 0.030 0.011 0.169 0.062 0.011 0.275 0.062 0.062 0.059 0.063 0.021 0.029 0.059 
 138   (0.124) 0.094 0.305 0.009 0.052 0.149 0.095 0.117 0.181 0.076 0.124 0.124 0.124 0.025 0.207 0.181 0.122 
 166   (0.031) 0.191 0.265 0.002 0.005 0.014 0.014 0.024 0.003 0.013 0.031 0.031 0.015 0.034 0.009 0.010 0.028 
 146   (0.097) 0.090 0.075 0.334 0.028 0.164 0.080 0.084 0.231 0.047 0.097 0.097 0.081 0.033 0.041 0.046 0.100 
 164   (0.017) 0.004 0.039 0.001 0.002 0.002 0.008 0.013 0.002 0.006 0.017 0.017 0.009 0.002 0.005 0.006 0.016 
 142   (0.019) 0.011 0.003 0.009 0.002 0.002 0.074 0.015 0.002 0.125 0.019 0.019 0.009 0.002 0.017 0.014 0.018 
 144   (0.153) 0.241 0.055 0.228 0.388 0.028 0.145 0.169 0.297 0.132 0.152 0.152 0.175 0.071 0.154 0.163 0.155 
 140   (0.085) 0.021 0.017 0.007 0.245 0.020 0.078 0.081 0.010 0.049 0.085 0.085 0.083 0.187 0.177 0.158 0.088 
 158   (0.046) 0.026 0.037 0.004 0.011 0.087 0.040 0.065 0.006 0.043 0.046 0.046 0.066 0.009 0.025 0.039 0.043 
 162   (0.029) 0.009 0.005 0.002 0.005 0.129 0.030 0.025 0.003 0.020 0.029 0.029 0.023 0.003 0.011 0.013 0.031 
 152   (0.089) 0.038 0.019 0.016 0.016 0.012 0.079 0.112 0.025 0.074 0.089 0.089 0.138 0.439 0.067 0.085 0.089 
 134   (0.015) 0.049 0.003 0.001 0.002 0.002 0.011 0.015 0.002 0.009 0.015 0.015 0.013 0.002 0.005 0.006 0.015 
 156   (0.020) 0.006 0.021 0.001 0.003 0.013 0.015 0.017 0.002 0.009 0.020 0.020 0.014 0.003 0.008 0.009 0.021 

Locus 6 : 
12 alleles
0.0% missing data
 225   (0.043) 0.011 0.007 0.293 0.005 0.120 0.033 0.036 0.007 0.031 0.043 0.043 0.031 0.011 0.024 0.029 0.043 
 239   (0.107) 0.055 0.230 0.426 0.101 0.029 0.084 0.104 0.231 0.070 0.107 0.107 0.115 0.015 0.040 0.056 0.105 
 229   (0.015) 0.004 0.002 0.001 0.002 0.285 0.007 0.012 0.001 0.007 0.015 0.015 0.009 0.002 0.004 0.005 0.014 
 235   (0.297) 0.147 0.088 0.229 0.421 0.376 0.383 0.304 0.311 0.436 0.297 0.297 0.304 0.269 0.444 0.413 0.298 
 237   (0.208) 0.172 0.069 0.025 0.277 0.038 0.210 0.212 0.264 0.173 0.208 0.208 0.226 0.203 0.185 0.199 0.217 
 233   (0.102) 0.091 0.255 0.010 0.161 0.062 0.087 0.107 0.156 0.100 0.102 0.102 0.107 0.457 0.038 0.054 0.096 
 227   (0.031) 0.395 0.286 0.002 0.003 0.004 0.024 0.025 0.003 0.025 0.031 0.031 0.016 0.003 0.010 0.009 0.029 
 245   (0.070) 0.022 0.025 0.005 0.014 0.009 0.062 0.082 0.008 0.059 0.070 0.070 0.083 0.024 0.119 0.113 0.070 
 241   (0.039) 0.035 0.014 0.003 0.005 0.065 0.028 0.033 0.008 0.031 0.039 0.039 0.025 0.007 0.024 0.025 0.037 
 231   (0.050) 0.025 0.016 0.003 0.006 0.006 0.058 0.050 0.006 0.047 0.050 0.050 0.057 0.005 0.051 0.053 0.055 
 243   (0.028) 0.040 0.005 0.002 0.004 0.003 0.019 0.025 0.003 0.017 0.028 0.028 0.022 0.003 0.057 0.042 0.026 
 251   (0.011) 0.003 0.002 0.001 0.001 0.001 0.006 0.009 0.001 0.004 0.011 0.011 0.005 0.001 0.004 0.003 0.011 

Locus 7 : 
5 alleles
0.0% missing data
 118   (0.917) 0.971 0.677 0.993 0.939 0.988 0.822 0.923 0.991 0.735 0.917 0.917 0.928 0.925 0.973 0.965 0.920 
 124   (0.040) 0.009 0.314 0.003 0.056 0.005 0.024 0.041 0.004 0.024 0.040 0.040 0.039 0.069 0.013 0.018 0.038 
 116   (0.014) 0.013 0.002 0.003 0.001 0.004 0.130 0.010 0.001 0.227 0.014 0.014 0.006 0.001 0.004 0.004 0.012 
 114   (0.017) 0.004 0.004 0.001 0.002 0.002 0.017 0.016 0.002 0.009 0.017 0.017 0.021 0.003 0.007 0.009 0.018 
 122   (0.012) 0.003 0.002 0.001 0.001 0.001 0.006 0.010 0.001 0.005 0.012 0.012 0.007 0.001 0.004 0.004 0.012 

Locus 8 : 
5 alleles
0.0% missing data
 135   (0.052) 0.013 0.010 0.011 0.027 0.022 0.049 0.081 0.006 0.051 0.052 0.052 0.115 0.013 0.033 0.055 0.052 
 139   (0.748) 0.649 0.946 0.917 0.912 0.816 0.721 0.746 0.954 0.644 0.748 0.748 0.759 0.930 0.714 0.723 0.758 
 137   (0.150) 0.326 0.036 0.069 0.055 0.156 0.200 0.133 0.034 0.283 0.150 0.150 0.100 0.052 0.194 0.174 0.143 
 143   (0.034) 0.009 0.006 0.002 0.004 0.004 0.023 0.027 0.004 0.016 0.034 0.034 0.019 0.004 0.035 0.030 0.033 
 141   (0.016) 0.004 0.002 0.001 0.002 0.002 0.007 0.012 0.002 0.005 0.016 0.016 0.007 0.002 0.023 0.018 0.014 

Locus 9 : 
11 alleles
0.0% missing data
 116   (0.289) 0.123 0.110 0.370 0.272 0.428 0.271 0.337 0.182 0.269 0.289 0.289 0.390 0.511 0.289 0.328 0.284 
 112   (0.086) 0.021 0.016 0.012 0.081 0.058 0.063 0.078 0.369 0.049 0.086 0.086 0.066 0.037 0.153 0.137 0.086 
 122   (0.064) 0.254 0.294 0.428 0.008 0.007 0.077 0.057 0.295 0.105 0.064 0.064 0.039 0.010 0.022 0.026 0.060 
 114   (0.219) 0.236 0.054 0.021 0.346 0.081 0.192 0.213 0.049 0.130 0.219 0.219 0.218 0.357 0.284 0.259 0.229 
 120   (0.042) 0.012 0.205 0.003 0.146 0.005 0.022 0.034 0.023 0.017 0.042 0.042 0.023 0.005 0.024 0.022 0.040 
 130   (0.036) 0.070 0.177 0.002 0.036 0.005 0.028 0.044 0.004 0.031 0.036 0.036 0.047 0.006 0.011 0.020 0.033 
 118   (0.127) 0.053 0.119 0.020 0.081 0.398 0.112 0.120 0.019 0.079 0.128 0.128 0.115 0.041 0.148 0.133 0.134 
 124   (0.061) 0.076 0.011 0.137 0.007 0.008 0.110 0.051 0.051 0.149 0.061 0.061 0.041 0.007 0.040 0.040 0.060 
 126   (0.039) 0.147 0.009 0.003 0.019 0.007 0.094 0.034 0.005 0.155 0.039 0.039 0.026 0.009 0.013 0.014 0.037 
 108   (0.014) 0.003 0.002 0.001 0.002 0.002 0.011 0.012 0.001 0.006 0.014 0.014 0.012 0.001 0.005 0.009 0.013 
 128   (0.021) 0.005 0.004 0.002 0.003 0.002 0.021 0.018 0.002 0.010 0.021 0.021 0.022 0.016 0.010 0.011 0.023 

Locus 10 : 
4 alleles
0.0% missing data
 232   (0.896) 0.690 0.971 0.993 0.942 0.987 0.932 0.913 0.988 0.948 0.896 0.896 0.927 0.987 0.923 0.925 0.900 
 238   (0.075) 0.304 0.024 0.005 0.054 0.009 0.049 0.064 0.009 0.040 0.075 0.075 0.053 0.010 0.067 0.062 0.072 
 234   (0.017) 0.004 0.003 0.001 0.002 0.002 0.012 0.014 0.002 0.007 0.018 0.018 0.014 0.002 0.006 0.010 0.016 
 244   (0.011) 0.002 0.002 0.001 0.001 0.001 0.007 0.009 0.001 0.004 0.011 0.011 0.006 0.001 0.004 0.004 0.011 

Locus 11 : 
7 alleles
0.0% missing data
 165   (0.761) 0.887 0.927 0.772 0.772 0.916 0.701 0.783 0.800 0.653 0.761 0.761 0.800 0.919 0.879 0.862 0.762 
 167   (0.082) 0.027 0.024 0.218 0.014 0.058 0.152 0.067 0.182 0.235 0.082 0.082 0.047 0.010 0.040 0.039 0.078 
 161   (0.109) 0.076 0.041 0.008 0.209 0.020 0.122 0.112 0.013 0.094 0.109 0.109 0.127 0.065 0.043 0.067 0.115 
 155   (0.012) 0.003 0.002 0.001 0.001 0.001 0.006 0.009 0.001 0.004 0.012 0.012 0.005 0.001 0.003 0.004 0.011 
 173   (0.012) 0.003 0.002 0.001 0.001 0.001 0.007 0.009 0.001 0.005 0.012 0.012 0.008 0.001 0.004 0.006 0.011 
 163   (0.013) 0.003 0.002 0.001 0.001 0.001 0.006 0.010 0.001 0.005 0.013 0.013 0.006 0.001 0.027 0.018 0.012 
 171   (0.012) 0.003 0.002 0.001 0.001 0.001 0.005 0.009 0.001 0.005 0.012 0.012 0.007 0.001 0.004 0.004 0.011 

Locus 12 : 
8 alleles
0.0% missing data
 137   (0.521) 0.540 0.847 0.456 0.243 0.411 0.583 0.513 0.420 0.626 0.521 0.521 0.508 0.341 0.733 0.693 0.522 
 140   (0.152) 0.078 0.033 0.015 0.496 0.212 0.128 0.178 0.055 0.128 0.152 0.152 0.200 0.583 0.081 0.109 0.148 
 134   (0.252) 0.317 0.108 0.523 0.252 0.368 0.231 0.245 0.517 0.213 0.252 0.252 0.234 0.058 0.135 0.153 0.253 
 149   (0.012) 0.003 0.002 0.001 0.001 0.002 0.005 0.009 0.001 0.004 0.012 0.012 0.005 0.001 0.004 0.003 0.011 
 143   (0.015) 0.045 0.004 0.002 0.002 0.002 0.008 0.013 0.002 0.007 0.015 0.015 0.009 0.002 0.005 0.004 0.014 
 128   (0.012) 0.008 0.002 0.001 0.001 0.001 0.006 0.009 0.001 0.004 0.012 0.012 0.006 0.001 0.004 0.004 0.011 
 125   (0.018) 0.005 0.003 0.001 0.003 0.002 0.009 0.014 0.002 0.008 0.018 0.018 0.009 0.013 0.029 0.021 0.017 
 146   (0.019) 0.004 0.003 0.001 0.002 0.002 0.030 0.019 0.002 0.009 0.019 0.019 0.028 0.002 0.009 0.013 0.024 

Locus 13 : 
19 alleles
0.5% missing data
 206   (0.129) 0.070 0.215 0.051 0.175 0.411 0.104 0.111 0.030 0.104 0.129 0.129 0.100 0.259 0.141 0.123 0.126 
 210   (0.098) 0.028 0.018 0.413 0.158 0.276 0.078 0.109 0.042 0.088 0.098 0.098 0.113 0.168 0.046 0.064 0.094 
 190   (0.074) 0.018 0.030 0.005 0.009 0.009 0.066 0.073 0.013 0.050 0.074 0.074 0.078 0.087 0.099 0.099 0.076 
 202   (0.087) 0.255 0.528 0.008 0.012 0.017 0.133 0.112 0.014 0.190 0.087 0.087 0.127 0.033 0.033 0.063 0.084 
 214   (0.045) 0.013 0.008 0.250 0.023 0.006 0.029 0.036 0.145 0.020 0.045 0.045 0.030 0.065 0.015 0.018 0.045 
 212   (0.032) 0.007 0.005 0.184 0.004 0.004 0.020 0.027 0.004 0.018 0.032 0.032 0.018 0.004 0.299 0.226 0.030 
 192   (0.108) 0.029 0.063 0.008 0.272 0.049 0.120 0.129 0.013 0.100 0.108 0.108 0.140 0.092 0.061 0.086 0.113 
 204   (0.037) 0.016 0.016 0.016 0.011 0.005 0.026 0.034 0.063 0.022 0.037 0.037 0.028 0.020 0.023 0.029 0.037 
 184   (0.052) 0.012 0.009 0.003 0.023 0.100 0.033 0.046 0.006 0.027 0.052 0.052 0.035 0.018 0.091 0.072 0.050 
 216   (0.021) 0.005 0.004 0.001 0.261 0.002 0.017 0.023 0.002 0.013 0.021 0.021 0.030 0.014 0.006 0.011 0.020 
 208   (0.043) 0.010 0.010 0.016 0.018 0.005 0.033 0.055 0.005 0.034 0.043 0.043 0.059 0.190 0.039 0.049 0.041 
 198   (0.034) 0.008 0.017 0.002 0.004 0.004 0.055 0.041 0.004 0.020 0.034 0.034 0.063 0.004 0.020 0.030 0.045 
 194   (0.070) 0.198 0.021 0.007 0.008 0.034 0.139 0.057 0.587 0.198 0.070 0.070 0.045 0.022 0.026 0.030 0.068 
 186   (0.018) 0.005 0.003 0.011 0.002 0.003 0.010 0.014 0.050 0.009 0.018 0.018 0.009 0.002 0.006 0.005 0.017 
 188   (0.020) 0.034 0.003 0.001 0.005 0.002 0.012 0.017 0.002 0.010 0.020 0.020 0.012 0.004 0.006 0.007 0.019 
 200   (0.067) 0.274 0.034 0.018 0.008 0.065 0.066 0.059 0.013 0.064 0.067 0.067 0.051 0.011 0.047 0.045 0.067 
 196   (0.037) 0.010 0.006 0.002 0.004 0.005 0.042 0.034 0.005 0.022 0.037 0.037 0.042 0.004 0.029 0.029 0.043 
 220   (0.012) 0.004 0.006 0.001 0.001 0.001 0.006 0.009 0.001 0.004 0.012 0.012 0.006 0.001 0.004 0.004 0.011 
 180   (0.015) 0.003 0.002 0.001 0.002 0.002 0.012 0.013 0.001 0.007 0.016 0.016 0.013 0.002 0.006 0.010 0.015 

Locus 14 : 
8 alleles
1.1% missing data
 139   (0.077) 0.055 0.044 0.183 0.242 0.091 0.074 0.072 0.164 0.098 0.076 0.076 0.055 0.011 0.024 0.034 0.072 
 145   (0.066) 0.038 0.013 0.009 0.023 0.140 0.040 0.056 0.011 0.035 0.067 0.067 0.040 0.012 0.151 0.109 0.064 
 151   (0.300) 0.277 0.354 0.336 0.180 0.455 0.256 0.310 0.540 0.247 0.300 0.300 0.298 0.653 0.367 0.356 0.294 
 157   (0.350) 0.327 0.463 0.156 0.482 0.226 0.441 0.387 0.162 0.429 0.350 0.350 0.470 0.282 0.294 0.340 0.365 
 154   (0.102) 0.031 0.018 0.310 0.060 0.014 0.107 0.089 0.111 0.109 0.102 0.102 0.075 0.029 0.107 0.110 0.103 
 163   (0.042) 0.013 0.096 0.003 0.005 0.065 0.037 0.034 0.005 0.040 0.042 0.042 0.027 0.005 0.015 0.015 0.041 
 160   (0.033) 0.241 0.006 0.002 0.004 0.005 0.018 0.026 0.004 0.016 0.033 0.033 0.016 0.004 0.010 0.010 0.031 
 142   (0.030) 0.018 0.006 0.002 0.004 0.004 0.026 0.026 0.003 0.026 0.030 0.030 0.019 0.004 0.032 0.026 0.031 

Locus 15 : 
13 alleles
1.6% missing data
 256   (0.152) 0.159 0.128 0.076 0.154 0.164 0.136 0.128 0.123 0.159 0.152 0.152 0.104 0.169 0.128 0.120 0.146 
 262   (0.024) 0.011 0.004 0.001 0.003 0.266 0.065 0.018 0.003 0.106 0.024 0.024 0.011 0.002 0.008 0.007 0.022 
 246   (0.114) 0.103 0.023 0.008 0.129 0.178 0.143 0.131 0.013 0.121 0.114 0.114 0.174 0.093 0.059 0.090 0.121 
 258   (0.179) 0.156 0.531 0.014 0.292 0.025 0.205 0.232 0.024 0.237 0.179 0.179 0.255 0.232 0.168 0.210 0.178 
 254   (0.109) 0.086 0.178 0.161 0.029 0.014 0.086 0.097 0.335 0.073 0.109 0.109 0.088 0.165 0.084 0.076 0.106 
 250   (0.034) 0.011 0.009 0.642 0.004 0.004 0.019 0.027 0.085 0.018 0.034 0.034 0.019 0.004 0.023 0.020 0.032 
 242   (0.102) 0.062 0.022 0.073 0.012 0.188 0.120 0.095 0.152 0.068 0.102 0.102 0.106 0.012 0.175 0.148 0.115 
 252   (0.066) 0.022 0.014 0.007 0.030 0.113 0.053 0.067 0.046 0.070 0.066 0.066 0.062 0.031 0.043 0.052 0.063 
 248   (0.129) 0.355 0.075 0.012 0.327 0.024 0.103 0.124 0.211 0.100 0.129 0.129 0.108 0.037 0.245 0.206 0.124 
 260   (0.040) 0.021 0.007 0.003 0.016 0.005 0.031 0.037 0.004 0.025 0.040 0.040 0.033 0.248 0.014 0.017 0.039 
 264   (0.013) 0.003 0.002 0.001 0.001 0.002 0.019 0.014 0.001 0.006 0.013 0.013 0.019 0.001 0.007 0.009 0.018 
 244   (0.027) 0.008 0.005 0.002 0.003 0.016 0.015 0.022 0.003 0.014 0.027 0.027 0.015 0.003 0.043 0.043 0.026 
 276   (0.011) 0.003 0.002 0.001 0.001 0.001 0.006 0.009 0.001 0.004 0.011 0.011 0.005 0.001 0.003 0.003 0.010 

Values of parameters used in structure:
DATAFILE=G:\Shared drives\Emily_Schumacher\QUAC_analyses\QUAC_structure_wild_relate\QUAC_allpop_relate_red_12_15_21\project_data,	OUTFILE=G:\Shared drives\Emily_Schumacher\QUAC_analyses\QUAC_structure_wild_relate\QUAC_allpop_relate_red_12_15_21\50-100\Results\50-100_run_76,	NUMINDS=188,	NUMLOCI=15,	MISSING=-9,	LABEL=1,	POPDATA=1,	POPFLAG=0,	PHENOTYPE=0,	EXTRACOLS=0,	MAXPOPS=16,	BURNIN=50000,	NUMREPS=100000,	USEPOPINFO=0,	INFERALPHA=1,	INFERLAMBDA=0,	POPSPECIFICLAMBDA=0,	POPALPHAS=0,	COMPUTEPROB=1,	NOADMIX=0,	ADMBURNIN=2500,	UPDATEFREQ=1,	PRINTLIKES=0,	INTERMEDSAVE=0,	PRINTKLD=0,	PRINTNET=0,	PRINTLAMBDA=0,	ANCESTDIST=0,	NUMBOXES=1000,	ANCESTPINT=0.90000,	GENSBACK=2,	MIGRPRIOR=0.05000,	PRINTQHAT=0,	PRINTQSUM=0,	ALPHA=1.0000,	FREQSCORR=1,	FPRIORMEAN=0.0100,	FPRIORSD=0.0500,	ONEFST=0,	LAMBDA=1.0000,	UNIFPRIORALPHA=1,	ALPHAMAX=10.0000,	ALPHAPRIORA=1.0000,	ALPHAPRIORB=2.0000,	ALPHAPROPSD=0.0250,	STARTATPOPINFO=0,	RANDOMIZE=1,	LINKAGE=0,	METROFREQ=10,	REPORTHITRATE=0,	MARKOVPHASE=-1,	PHASED=0,	PLOIDY=2,	PHASEINFO=0	LOCPRIOR=0, 	LOCPRIORINIT=1.000000, 	LOCDATA=0, 	LOCISPOP=0, 	LOCPRIORSTEP=0.100000, 	MAXLOCPRIOR=20.000000, 	SEED=1639611579,	
[STRAT parameters]:    NUMSIMSTATS=1000,	PHENOTYPECOL=-9,	POOLFREQ=10,	LOCUSxONLY=0,	EMERROR=0.00100,	MISSINGPHENO=-9,	