

----------------------------------------------------
STRUCTURE by Pritchard, Stephens and Donnelly (2000)
     and Falush, Stephens and Pritchard (2003)
       Code by Pritchard, Falush and Hubisz
             Version 2.3.4 (Jul 2012)
----------------------------------------------------



Command line arguments:   bin\structure -m G:\Shared drives\Emily_Schumacher\QUAC_analyses\QUAC_structure_wild_relate\QUAC_allpop_relate_red_12_15_21\50-100\mainparams -e G:\Shared drives\Emily_Schumacher\QUAC_analyses\QUAC_structure_wild_relate\QUAC_allpop_relate_red_12_15_21\50-100\extraparams 
Input File:    G:\Shared drives\Emily_Schumacher\QUAC_analyses\QUAC_structure_wild_relate\QUAC_allpop_relate_red_12_15_21\project_data

Run parameters:
   188 individuals
   15 loci
   15 populations assumed
   50000 Burn-in period
   100000 Reps


--------------------------------------------
Proportion of membership of each pre-defined
 population in each of the 15 clusters

Given    Inferred Clusters                                                                                           Number of
 Pop       1      2      3      4      5      6      7      8      9     10     11     12     13     14     15      Individuals

  1:     0.011  0.013  0.008  0.014  0.880  0.004  0.005  0.005  0.010  0.010  0.009  0.008  0.009  0.011  0.005        2
  2:     0.044  0.310  0.046  0.112  0.044  0.007  0.044  0.192  0.035  0.030  0.031  0.023  0.026  0.035  0.020       17
  3:     0.049  0.200  0.065  0.212  0.057  0.091  0.012  0.013  0.050  0.049  0.050  0.027  0.041  0.054  0.028       19
  4:     0.079  0.012  0.039  0.330  0.112  0.015  0.017  0.011  0.075  0.050  0.045  0.032  0.051  0.065  0.068       10
  5:     0.013  0.714  0.122  0.016  0.010  0.006  0.009  0.004  0.015  0.013  0.015  0.010  0.013  0.013  0.027        2
  6:     0.020  0.010  0.029  0.431  0.008  0.126  0.020  0.152  0.036  0.039  0.034  0.022  0.032  0.035  0.007        2
  7:     0.029  0.352  0.146  0.005  0.008  0.022  0.149  0.011  0.050  0.049  0.048  0.021  0.050  0.052  0.009        1
  8:     0.007  0.894  0.021  0.008  0.006  0.005  0.009  0.005  0.006  0.006  0.006  0.007  0.006  0.006  0.007        1
  9:     0.057  0.012  0.080  0.008  0.006  0.012  0.013  0.006  0.092  0.155  0.167  0.105  0.125  0.157  0.005        1
 10:     0.016  0.012  0.053  0.008  0.007  0.393  0.010  0.150  0.066  0.058  0.044  0.034  0.076  0.062  0.011        6
 11:     0.039  0.098  0.083  0.108  0.015  0.163  0.026  0.093  0.060  0.057  0.057  0.035  0.064  0.057  0.045       16
 12:     0.262  0.020  0.043  0.014  0.016  0.010  0.009  0.003  0.048  0.060  0.048  0.319  0.063  0.062  0.023        1
 13:     0.049  0.015  0.028  0.163  0.026  0.022  0.014  0.012  0.051  0.043  0.045  0.031  0.037  0.046  0.417       33
 14:     0.024  0.256  0.160  0.019  0.010  0.152  0.144  0.088  0.026  0.023  0.023  0.019  0.024  0.023  0.010       21
 15:     0.013  0.010  0.016  0.020  0.731  0.011  0.044  0.028  0.021  0.019  0.020  0.015  0.020  0.019  0.014       14
 16:     0.364  0.014  0.024  0.018  0.013  0.011  0.014  0.009  0.024  0.030  0.037  0.368  0.027  0.031  0.017       35
 17:     0.038  0.013  0.084  0.017  0.010  0.010  0.015  0.007  0.110  0.164  0.176  0.071  0.124  0.151  0.011        7
--------------------------------------------

Allele-freq. divergence among pops (Net nucleotide distance),
computed using point estimates of P.

      1       2       3       4       5       6       7       8       9      10      11      12      13      14      15      
 1      -    0.0661  0.0171  0.0413  0.0530  0.0406  0.0526  0.0595  0.0082  0.0087  0.0084  0.0019  0.0090  0.0083  0.0506  
 2   0.0661     -    0.0376  0.0808  0.0881  0.0847  0.0932  0.1093  0.0552  0.0578  0.0590  0.0659  0.0562  0.0580  0.1044  
 3   0.0171  0.0376     -    0.0437  0.0482  0.0347  0.0453  0.0576  0.0092  0.0091  0.0095  0.0155  0.0083  0.0097  0.0554  
 4   0.0413  0.0808  0.0437     -    0.0797  0.0640  0.0847  0.0967  0.0292  0.0322  0.0330  0.0463  0.0333  0.0315  0.0558  
 5   0.0530  0.0881  0.0482  0.0797     -    0.0819  0.0890  0.0993  0.0418  0.0424  0.0432  0.0516  0.0411  0.0425  0.0869  
 6   0.0406  0.0847  0.0347  0.0640  0.0819     -    0.0589  0.0664  0.0288  0.0297  0.0311  0.0371  0.0279  0.0305  0.0852  
 7   0.0526  0.0932  0.0453  0.0847  0.0890  0.0589     -    0.0826  0.0423  0.0427  0.0440  0.0500  0.0406  0.0435  0.1058  
 8   0.0595  0.1093  0.0576  0.0967  0.0993  0.0664  0.0826     -    0.0521  0.0533  0.0540  0.0598  0.0518  0.0536  0.0969  
 9   0.0082  0.0552  0.0092  0.0292  0.0418  0.0288  0.0423  0.0521     -    0.0005  0.0009  0.0091  0.0006  0.0004  0.0406  
10   0.0087  0.0578  0.0091  0.0322  0.0424  0.0297  0.0427  0.0533  0.0005     -    0.0002  0.0085  0.0003  0.0002  0.0438  
11   0.0084  0.0590  0.0095  0.0330  0.0432  0.0311  0.0440  0.0540  0.0009  0.0002     -    0.0084  0.0007  0.0002  0.0450  
12   0.0019  0.0659  0.0155  0.0463  0.0516  0.0371  0.0500  0.0598  0.0091  0.0085  0.0084     -    0.0080  0.0090  0.0564  
13   0.0090  0.0562  0.0083  0.0333  0.0411  0.0279  0.0406  0.0518  0.0006  0.0003  0.0007  0.0080     -    0.0006  0.0442  
14   0.0083  0.0580  0.0097  0.0315  0.0425  0.0305  0.0435  0.0536  0.0004  0.0002  0.0002  0.0090  0.0006     -    0.0428  
15   0.0506  0.1044  0.0554  0.0558  0.0869  0.0852  0.1058  0.0969  0.0406  0.0438  0.0450  0.0564  0.0442  0.0428     -    

Average distances (expected heterozygosity) between individuals in same cluster:
cluster  1  : 0.5804 
cluster  2  : 0.4873 
cluster  3  : 0.6170 
cluster  4  : 0.5197 
cluster  5  : 0.5361 
cluster  6  : 0.6063 
cluster  7  : 0.6157 
cluster  8  : 0.5264 
cluster  9  : 0.6354 
cluster 10  : 0.6384 
cluster 11  : 0.6303 
cluster 12  : 0.5998 
cluster 13  : 0.6472 
cluster 14  : 0.6332 
cluster 15  : 0.5205 

--------------------------------------------
Estimated Ln Prob of Data   = -8566.1
Mean value of ln likelihood = -6998.7
Variance of ln likelihood   = 3134.9
Mean value of alpha         = 0.0393

Mean value of Fst_1         = 0.1457
Mean value of Fst_2         = 0.3148
Mean value of Fst_3         = 0.1121
Mean value of Fst_4         = 0.2061
Mean value of Fst_5         = 0.1981
Mean value of Fst_6         = 0.1405
Mean value of Fst_7         = 0.2216
Mean value of Fst_8         = 0.2521
Mean value of Fst_9         = 0.0480
Mean value of Fst_10         = 0.0551
Mean value of Fst_11         = 0.0706
Mean value of Fst_12         = 0.1042
Mean value of Fst_13         = 0.0237
Mean value of Fst_14         = 0.0602
Mean value of Fst_15         = 0.2150


Inferred ancestry of individuals:
        Label (%Miss) Pop:  Inferred clusters
  1 QAc-G-0029    (0)    1 :  0.016 0.020 0.010 0.024 0.827 0.005 0.006 0.006 0.014 0.014 0.014 0.009 0.012 0.016 0.005 
  2 QAc-G-0030    (0)    1 :  0.005 0.006 0.006 0.004 0.932 0.004 0.003 0.005 0.005 0.005 0.005 0.006 0.005 0.005 0.004 
  3 QAc-G-0062    (0)    2 :  0.030 0.089 0.125 0.006 0.007 0.008 0.104 0.444 0.026 0.030 0.031 0.035 0.032 0.028 0.005 
  4 QAc-G-0063    (0)    2 :  0.028 0.661 0.035 0.030 0.008 0.011 0.020 0.009 0.036 0.030 0.029 0.021 0.029 0.031 0.022 
  5 QAc-G-0064    (0)    2 :  0.007 0.010 0.013 0.006 0.005 0.006 0.004 0.912 0.005 0.005 0.005 0.006 0.005 0.006 0.004 
  6 QAc-G-0065    (0)    2 :  0.004 0.003 0.004 0.004 0.007 0.010 0.004 0.932 0.005 0.005 0.004 0.004 0.005 0.005 0.004 
  7 QAc-G-0066    (0)    2 :  0.004 0.942 0.005 0.005 0.006 0.003 0.004 0.003 0.004 0.004 0.004 0.004 0.004 0.004 0.004 
  8 QAc-G-0067    (0)    2 :  0.009 0.005 0.012 0.013 0.017 0.012 0.006 0.827 0.016 0.015 0.016 0.010 0.016 0.016 0.010 
  9 QAc-G-0068    (0)    2 :  0.008 0.393 0.006 0.004 0.007 0.005 0.529 0.008 0.006 0.005 0.005 0.008 0.007 0.005 0.004 
 10 QAc-G-0070    (0)    2 :  0.052 0.643 0.065 0.010 0.016 0.006 0.020 0.020 0.021 0.020 0.023 0.057 0.020 0.021 0.006 
 11 QAc-G-0071   (13)    2 :  0.005 0.910 0.022 0.008 0.008 0.004 0.005 0.004 0.005 0.005 0.005 0.005 0.005 0.005 0.003 
 12 QAc-G-0072    (0)    2 :  0.008 0.918 0.005 0.007 0.007 0.004 0.005 0.004 0.006 0.005 0.006 0.007 0.006 0.005 0.005 
 13 QAc-G-0073    (0)    2 :  0.128 0.004 0.014 0.538 0.012 0.004 0.006 0.004 0.080 0.049 0.037 0.017 0.018 0.072 0.014 
 14 QAc-G-0074    (0)    2 :  0.035 0.203 0.038 0.472 0.004 0.006 0.007 0.006 0.043 0.030 0.042 0.022 0.031 0.036 0.025 
 15 QAc-G-0075    (0)    2 :  0.021 0.013 0.025 0.689 0.016 0.009 0.008 0.010 0.032 0.030 0.030 0.017 0.027 0.029 0.043 
 16 QAc-G-0076    (0)    2 :  0.249 0.007 0.021 0.065 0.009 0.005 0.006 0.033 0.154 0.077 0.071 0.042 0.046 0.134 0.081 
 17 QAc-G-0080    (0)    2 :  0.012 0.017 0.035 0.016 0.599 0.007 0.013 0.027 0.047 0.043 0.059 0.023 0.049 0.048 0.005 
 18 QAc-G-0081    (0)    2 :  0.127 0.007 0.068 0.005 0.008 0.009 0.007 0.007 0.098 0.139 0.152 0.101 0.120 0.140 0.013 
 19 QAc-G-0083    (0)    2 :  0.018 0.437 0.292 0.021 0.018 0.006 0.005 0.013 0.018 0.018 0.014 0.014 0.016 0.016 0.096 
 20 QAc-G-0285    (0)    3 :  0.007 0.576 0.340 0.004 0.009 0.009 0.008 0.004 0.007 0.006 0.007 0.006 0.007 0.007 0.004 
 21 QAc-G-0287    (0)    3 :  0.004 0.947 0.004 0.005 0.004 0.003 0.003 0.004 0.003 0.003 0.004 0.004 0.004 0.004 0.003 
 22 QAc-G-0288    (6)    3 :  0.009 0.880 0.007 0.008 0.020 0.007 0.009 0.006 0.008 0.008 0.007 0.009 0.008 0.007 0.009 
 23 QAc-G-0292    (0)    3 :  0.022 0.544 0.298 0.005 0.004 0.008 0.026 0.007 0.012 0.014 0.015 0.014 0.012 0.013 0.005 
 24 QAc-G-0294    (0)    3 :  0.276 0.005 0.038 0.040 0.015 0.009 0.022 0.017 0.125 0.085 0.096 0.023 0.040 0.158 0.052 
 25 QAc-G-0295    (0)    3 :  0.101 0.022 0.028 0.429 0.020 0.008 0.005 0.020 0.073 0.069 0.056 0.052 0.028 0.055 0.033 
 26 QAc-G-0296    (0)    3 :  0.121 0.010 0.019 0.495 0.005 0.007 0.005 0.033 0.080 0.037 0.039 0.014 0.021 0.064 0.049 
 27 QAc-G-0297    (0)    3 :  0.018 0.003 0.080 0.231 0.006 0.022 0.009 0.003 0.112 0.092 0.096 0.046 0.127 0.116 0.040 
 28 QAc-G-0298    (6)    3 :  0.023 0.007 0.016 0.780 0.018 0.006 0.006 0.009 0.017 0.027 0.026 0.016 0.015 0.023 0.011 
 29 QAc-G-0299    (0)    3 :  0.021 0.008 0.009 0.727 0.005 0.010 0.009 0.005 0.028 0.013 0.013 0.007 0.012 0.017 0.116 
 30 QAc-G-0300    (0)    3 :  0.137 0.005 0.019 0.380 0.005 0.010 0.009 0.034 0.078 0.044 0.051 0.026 0.025 0.078 0.099 
 31 QAc-G-0301    (0)    3 :  0.007 0.012 0.012 0.830 0.008 0.006 0.004 0.041 0.010 0.011 0.011 0.008 0.011 0.010 0.019 
 32 QAc-G-0302    (0)    3 :  0.007 0.005 0.015 0.011 0.005 0.805 0.019 0.004 0.017 0.021 0.022 0.011 0.018 0.018 0.023 
 33 QAc-G-0303    (0)    3 :  0.018 0.008 0.017 0.005 0.007 0.769 0.043 0.011 0.022 0.021 0.016 0.021 0.023 0.015 0.004 
 34 QAc-G-0305    (0)    3 :  0.012 0.735 0.050 0.007 0.026 0.018 0.026 0.007 0.018 0.021 0.020 0.014 0.021 0.020 0.005 
 35 QAc-G-0307    (0)    3 :  0.014 0.004 0.011 0.007 0.871 0.007 0.007 0.006 0.010 0.010 0.011 0.014 0.011 0.010 0.006 
 36 QAc-G-0313    (0)    3 :  0.037 0.023 0.124 0.008 0.010 0.006 0.014 0.019 0.133 0.135 0.121 0.074 0.155 0.134 0.008 
 37 QAc-G-0314    (0)    3 :  0.057 0.003 0.100 0.044 0.011 0.014 0.008 0.010 0.101 0.150 0.130 0.073 0.129 0.140 0.030 
 38 QAc-G-0316    (0)    3 :  0.045 0.009 0.054 0.008 0.025 0.006 0.007 0.015 0.097 0.165 0.205 0.091 0.115 0.144 0.015 
 39 QAc-G-0033    (0)    4 :  0.030 0.005 0.006 0.694 0.007 0.006 0.004 0.012 0.015 0.010 0.008 0.007 0.007 0.011 0.180 
 40 QAc-G-0034    (0)    4 :  0.016 0.005 0.009 0.841 0.029 0.010 0.005 0.008 0.013 0.010 0.010 0.014 0.010 0.011 0.010 
 41 QAc-G-0035    (0)    4 :  0.167 0.019 0.026 0.021 0.014 0.010 0.009 0.022 0.068 0.061 0.055 0.020 0.037 0.094 0.376 
 42 QAc-G-0036    (0)    4 :  0.009 0.012 0.010 0.870 0.006 0.004 0.006 0.013 0.009 0.012 0.010 0.009 0.011 0.010 0.009 
 43 QAc-G-0039    (0)    4 :  0.271 0.008 0.044 0.027 0.033 0.011 0.012 0.008 0.106 0.095 0.102 0.045 0.048 0.163 0.027 
 44 QAc-G-0040    (0)    4 :  0.220 0.038 0.063 0.062 0.010 0.016 0.007 0.008 0.124 0.089 0.070 0.082 0.059 0.118 0.035 
 45 QAc-G-0045    (0)    4 :  0.032 0.008 0.006 0.771 0.012 0.005 0.005 0.007 0.049 0.020 0.018 0.006 0.007 0.031 0.023 
 46 QAc-G-0050    (0)    4 :  0.016 0.013 0.092 0.004 0.099 0.062 0.100 0.007 0.150 0.090 0.066 0.051 0.150 0.095 0.004 
 47 QAc-G-0052    (0)    4 :  0.008 0.004 0.007 0.006 0.874 0.006 0.007 0.020 0.011 0.010 0.010 0.010 0.012 0.011 0.005 
 48 QAc-G-0056    (0)    4 :  0.026 0.007 0.124 0.008 0.042 0.019 0.017 0.011 0.201 0.100 0.097 0.072 0.164 0.104 0.007 
 49 QAc-G-0276    (0)    5 :  0.011 0.640 0.227 0.013 0.009 0.004 0.008 0.003 0.012 0.011 0.011 0.008 0.010 0.010 0.022 
 50 QAc-G-0280    (6)    5 :  0.015 0.787 0.017 0.018 0.011 0.008 0.011 0.005 0.018 0.016 0.019 0.013 0.016 0.016 0.031 
 51 QAc-G-0018    (0)    6 :  0.010 0.005 0.008 0.847 0.012 0.015 0.021 0.007 0.015 0.010 0.010 0.009 0.010 0.011 0.009 
 52 QAc-G-0017    (0)    6 :  0.029 0.014 0.050 0.015 0.004 0.238 0.018 0.297 0.056 0.067 0.058 0.036 0.053 0.060 0.005 
 53 QAc-G-0250    (0)    7 :  0.029 0.352 0.146 0.005 0.008 0.022 0.149 0.011 0.050 0.049 0.048 0.021 0.050 0.052 0.009 
 54 QAc-G-0003    (6)    8 :  0.007 0.894 0.021 0.008 0.006 0.005 0.009 0.005 0.006 0.006 0.006 0.007 0.006 0.006 0.007 
 55 QAc-G-0283    (0)    9 :  0.057 0.012 0.080 0.008 0.006 0.012 0.013 0.006 0.092 0.155 0.167 0.105 0.125 0.157 0.005 
 56 QAc-G-0255    (0)   10 :  0.013 0.005 0.037 0.009 0.004 0.625 0.020 0.010 0.036 0.051 0.046 0.030 0.053 0.033 0.028 
 57 QAc-G-0256    (0)   10 :  0.006 0.016 0.010 0.008 0.006 0.875 0.007 0.017 0.008 0.008 0.007 0.006 0.008 0.008 0.009 
 58 QAc-G-0257    (0)   10 :  0.014 0.004 0.016 0.006 0.012 0.759 0.010 0.076 0.018 0.017 0.015 0.017 0.018 0.015 0.004 
 59 QAc-G-0259    (0)   10 :  0.014 0.002 0.142 0.003 0.003 0.014 0.004 0.003 0.180 0.132 0.081 0.055 0.183 0.174 0.008 
 60 QAc-G-0260    (0)   10 :  0.033 0.039 0.080 0.009 0.010 0.073 0.007 0.189 0.111 0.085 0.060 0.067 0.135 0.092 0.011 
 61 QAc-G-0261    (0)   10 :  0.017 0.005 0.035 0.012 0.007 0.013 0.011 0.603 0.042 0.057 0.057 0.029 0.057 0.051 0.004 
 62 QAc-G-0109    (0)   11 :  0.024 0.007 0.052 0.020 0.015 0.416 0.009 0.063 0.072 0.069 0.066 0.037 0.074 0.071 0.005 
 63 QAc-G-0113    (0)   11 :  0.010 0.024 0.038 0.012 0.023 0.621 0.110 0.024 0.026 0.022 0.020 0.015 0.028 0.020 0.005 
 64 QAc-G-0114    (0)   11 :  0.009 0.010 0.024 0.025 0.007 0.624 0.015 0.004 0.031 0.027 0.024 0.017 0.046 0.027 0.111 
 65 QAc-G-0117    (0)   11 :  0.055 0.019 0.074 0.067 0.012 0.112 0.092 0.080 0.110 0.070 0.086 0.041 0.076 0.068 0.038 
 66 QAc-G-0120    (0)   11 :  0.021 0.006 0.075 0.013 0.009 0.300 0.013 0.008 0.116 0.086 0.077 0.044 0.135 0.085 0.013 
 67 QAc-G-0125    (0)   11 :  0.019 0.037 0.040 0.004 0.038 0.019 0.009 0.675 0.023 0.024 0.031 0.027 0.027 0.024 0.005 
 68 QAc-G-0141    (0)   11 :  0.065 0.023 0.064 0.042 0.029 0.063 0.073 0.026 0.117 0.108 0.118 0.046 0.099 0.112 0.015 
 69 QAc-G-0143    (0)   11 :  0.025 0.005 0.089 0.008 0.006 0.005 0.004 0.003 0.131 0.156 0.175 0.047 0.198 0.142 0.004 
 70 QAc-G-0147    (0)   11 :  0.048 0.009 0.042 0.028 0.008 0.095 0.033 0.462 0.047 0.040 0.031 0.058 0.050 0.039 0.010 
 71 QAc-G-0174    (0)   11 :  0.005 0.582 0.356 0.007 0.004 0.005 0.007 0.004 0.005 0.004 0.004 0.004 0.004 0.005 0.004 
 72 QAc-G-0182    (0)   11 :  0.004 0.647 0.284 0.005 0.003 0.005 0.004 0.011 0.006 0.005 0.006 0.005 0.006 0.005 0.004 
 73 QAc-G-0188    (0)   11 :  0.018 0.172 0.056 0.008 0.005 0.298 0.024 0.007 0.060 0.074 0.068 0.039 0.091 0.063 0.018 
 74 QAc-G-0229    (0)   11 :  0.011 0.006 0.009 0.875 0.007 0.008 0.006 0.004 0.010 0.012 0.013 0.011 0.011 0.011 0.007 
 75 QAc-G-0233    (0)   11 :  0.075 0.005 0.047 0.012 0.038 0.006 0.007 0.010 0.086 0.079 0.050 0.084 0.086 0.072 0.341 
 76 QAc-G-0237    (0)   11 :  0.062 0.009 0.015 0.584 0.021 0.025 0.006 0.055 0.040 0.032 0.026 0.032 0.026 0.032 0.035 
 77 QAc-G-0243    (0)   11 :  0.174 0.004 0.060 0.017 0.012 0.009 0.009 0.056 0.089 0.102 0.114 0.052 0.068 0.136 0.099 
 78 QAc-G-0249    (0)   12 :  0.262 0.020 0.043 0.014 0.016 0.010 0.009 0.003 0.048 0.060 0.048 0.319 0.063 0.062 0.023 
 79 QAc-W-0001    (0)   13 :  0.007 0.003 0.006 0.031 0.005 0.012 0.004 0.013 0.009 0.009 0.009 0.006 0.009 0.008 0.868 
 80 QAc-W-0002    (0)   13 :  0.033 0.026 0.020 0.652 0.006 0.030 0.010 0.004 0.050 0.037 0.028 0.024 0.029 0.033 0.018 
 81 QAc-W-0003    (0)   13 :  0.010 0.017 0.021 0.018 0.023 0.015 0.011 0.013 0.019 0.017 0.016 0.016 0.015 0.016 0.774 
 82 QAc-W-0004    (0)   13 :  0.007 0.006 0.005 0.017 0.007 0.004 0.003 0.004 0.006 0.007 0.006 0.005 0.005 0.009 0.909 
 83 QAc-W-0005    (0)   13 :  0.008 0.006 0.006 0.007 0.004 0.005 0.004 0.005 0.007 0.007 0.007 0.007 0.006 0.007 0.915 
 84 QAc-W-0007   (13)   13 :  0.011 0.005 0.006 0.016 0.005 0.006 0.005 0.006 0.008 0.008 0.008 0.008 0.007 0.009 0.895 
 85 QAc-W-0008    (6)   13 :  0.028 0.007 0.025 0.017 0.004 0.009 0.018 0.005 0.032 0.027 0.029 0.025 0.032 0.031 0.712 
 86 QAc-W-0009    (0)   13 :  0.080 0.018 0.042 0.127 0.010 0.266 0.013 0.012 0.087 0.081 0.055 0.069 0.059 0.060 0.020 
 87 QAc-W-0010    (0)   13 :  0.035 0.009 0.019 0.012 0.006 0.016 0.015 0.038 0.025 0.022 0.021 0.027 0.025 0.028 0.701 
 88 QAc-W-0011    (0)   13 :  0.113 0.033 0.025 0.071 0.013 0.013 0.011 0.013 0.085 0.057 0.042 0.033 0.040 0.068 0.384 
 89 QAc-W-0012    (0)   13 :  0.038 0.013 0.015 0.123 0.012 0.010 0.012 0.010 0.026 0.019 0.015 0.016 0.024 0.024 0.643 
 90 QAc-W-0013    (0)   13 :  0.159 0.012 0.023 0.198 0.151 0.053 0.008 0.007 0.122 0.048 0.059 0.016 0.033 0.097 0.015 
 91 QAc-W-0014    (0)   13 :  0.021 0.006 0.010 0.017 0.005 0.004 0.005 0.005 0.013 0.012 0.012 0.013 0.011 0.015 0.852 
 92 QAc-W-0015    (0)   13 :  0.065 0.076 0.075 0.437 0.015 0.011 0.005 0.004 0.088 0.043 0.054 0.021 0.025 0.065 0.014 
 93 QAc-W-0017    (0)   13 :  0.061 0.022 0.080 0.048 0.025 0.016 0.019 0.007 0.124 0.118 0.170 0.083 0.101 0.116 0.011 
 94 QAc-W-0018    (0)   13 :  0.033 0.004 0.040 0.025 0.040 0.027 0.040 0.013 0.058 0.067 0.056 0.042 0.070 0.059 0.426 
 95 QAc-W-0020    (0)   13 :  0.009 0.004 0.014 0.008 0.004 0.004 0.010 0.010 0.017 0.024 0.025 0.013 0.023 0.021 0.815 
 96 QAc-W-0021    (0)   13 :  0.051 0.008 0.040 0.016 0.129 0.024 0.016 0.009 0.068 0.064 0.060 0.039 0.065 0.058 0.353 
 97 QAc-W-0022    (0)   13 :  0.111 0.028 0.069 0.111 0.012 0.008 0.009 0.008 0.097 0.114 0.144 0.060 0.082 0.126 0.022 
 98 QAc-W-0023    (6)   13 :  0.133 0.004 0.040 0.120 0.023 0.034 0.006 0.041 0.101 0.082 0.083 0.060 0.066 0.092 0.113 
 99 QAc-W-0024    (0)   13 :  0.019 0.033 0.037 0.024 0.107 0.012 0.007 0.007 0.057 0.057 0.076 0.039 0.055 0.063 0.408 
100 QAc-W-0025    (0)   13 :  0.034 0.007 0.018 0.347 0.020 0.011 0.010 0.004 0.035 0.032 0.021 0.020 0.028 0.033 0.381 
101 QAc-W-0026    (0)   13 :  0.025 0.048 0.032 0.060 0.087 0.015 0.017 0.022 0.044 0.028 0.028 0.031 0.043 0.032 0.487 
102 QAc-W-0027    (0)   13 :  0.013 0.004 0.010 0.763 0.005 0.013 0.006 0.004 0.014 0.023 0.016 0.014 0.016 0.016 0.085 
103 QAc-W-0028    (0)   13 :  0.025 0.009 0.019 0.137 0.004 0.007 0.005 0.004 0.032 0.036 0.038 0.019 0.027 0.034 0.605 
104 QAc-W-0029    (0)   13 :  0.171 0.003 0.016 0.181 0.006 0.012 0.026 0.020 0.102 0.041 0.036 0.021 0.023 0.073 0.270 
105 QAc-W-0032    (0)   13 :  0.021 0.003 0.006 0.021 0.006 0.004 0.004 0.020 0.010 0.010 0.010 0.009 0.010 0.012 0.853 
106 QAc-W-0033    (0)   13 :  0.060 0.006 0.069 0.022 0.014 0.013 0.090 0.030 0.103 0.093 0.073 0.061 0.109 0.080 0.178 
107 QAc-W-0035    (0)   13 :  0.053 0.022 0.032 0.406 0.019 0.006 0.027 0.007 0.057 0.047 0.039 0.047 0.048 0.046 0.144 
108 QAc-W-0037    (0)   13 :  0.015 0.007 0.009 0.827 0.015 0.006 0.007 0.017 0.015 0.013 0.011 0.010 0.012 0.011 0.024 
109 QAc-W-0038    (0)   13 :  0.035 0.017 0.063 0.090 0.007 0.014 0.008 0.012 0.069 0.119 0.158 0.059 0.084 0.099 0.165 
110 QAc-W-0040    (0)   13 :  0.073 0.009 0.018 0.018 0.014 0.009 0.005 0.026 0.022 0.018 0.017 0.085 0.021 0.018 0.647 
111 QAc-W-0041    (0)   13 :  0.070 0.023 0.020 0.424 0.059 0.030 0.032 0.006 0.096 0.046 0.048 0.019 0.031 0.058 0.038 
112 QAc-W-0042    (0)   14 :  0.030 0.029 0.015 0.017 0.018 0.390 0.058 0.300 0.038 0.020 0.022 0.011 0.019 0.026 0.006 
113 QAc-W-0044    (0)   14 :  0.128 0.076 0.056 0.092 0.005 0.075 0.030 0.161 0.106 0.048 0.070 0.027 0.037 0.079 0.010 
114 QAc-W-0045    (0)   14 :  0.007 0.010 0.011 0.014 0.007 0.785 0.056 0.023 0.016 0.015 0.011 0.009 0.017 0.012 0.006 
115 QAc-W-0048    (0)   14 :  0.011 0.005 0.016 0.013 0.016 0.716 0.011 0.070 0.033 0.023 0.017 0.013 0.026 0.020 0.011 
116 QAc-W-0050    (0)   14 :  0.012 0.007 0.016 0.010 0.005 0.153 0.637 0.024 0.021 0.026 0.023 0.016 0.023 0.024 0.004 
117 QAc-W-0051    (0)   14 :  0.011 0.011 0.022 0.007 0.016 0.023 0.751 0.088 0.011 0.010 0.011 0.008 0.013 0.012 0.007 
118 QAc-W-0052    (0)   14 :  0.005 0.006 0.005 0.005 0.003 0.007 0.004 0.927 0.005 0.005 0.005 0.004 0.005 0.005 0.010 
119 QAc-W-0053    (0)   14 :  0.012 0.005 0.010 0.008 0.005 0.842 0.016 0.019 0.014 0.011 0.013 0.010 0.014 0.012 0.009 
120 QAc-W-0054    (0)   14 :  0.028 0.120 0.069 0.011 0.009 0.038 0.217 0.083 0.069 0.078 0.060 0.057 0.084 0.067 0.010 
121 QAc-W-0056    (0)   14 :  0.018 0.009 0.053 0.077 0.011 0.015 0.423 0.008 0.065 0.067 0.055 0.025 0.074 0.053 0.047 
122 QAc-W-0057    (0)   14 :  0.017 0.022 0.055 0.017 0.027 0.060 0.606 0.011 0.032 0.031 0.030 0.021 0.035 0.031 0.006 
123 QAc-W-0060    (0)   14 :  0.009 0.490 0.362 0.021 0.005 0.007 0.006 0.045 0.010 0.009 0.008 0.008 0.010 0.009 0.004 
124 QAc-W-0061    (0)   14 :  0.043 0.319 0.301 0.037 0.013 0.021 0.023 0.006 0.033 0.038 0.036 0.046 0.040 0.031 0.013 
125 QAc-W-0062    (0)   14 :  0.007 0.542 0.382 0.005 0.006 0.005 0.005 0.012 0.006 0.005 0.005 0.006 0.005 0.005 0.004 
126 QAc-W-0063    (0)   14 :  0.012 0.476 0.339 0.005 0.018 0.008 0.007 0.046 0.013 0.012 0.013 0.011 0.014 0.012 0.014 
127 QAc-W-0064    (0)   14 :  0.008 0.527 0.363 0.006 0.007 0.007 0.009 0.006 0.008 0.009 0.009 0.009 0.010 0.009 0.012 
128 QAc-W-0065    (0)   14 :  0.016 0.452 0.326 0.018 0.012 0.009 0.026 0.007 0.017 0.021 0.028 0.018 0.020 0.021 0.009 
129 QAc-W-0066    (0)   14 :  0.003 0.948 0.004 0.005 0.006 0.003 0.003 0.003 0.004 0.004 0.003 0.003 0.003 0.004 0.004 
130 QAc-W-0072    (0)   14 :  0.111 0.239 0.303 0.006 0.009 0.007 0.110 0.005 0.016 0.025 0.030 0.080 0.025 0.020 0.015 
131 QAc-W-0073    (0)   14 :  0.016 0.445 0.354 0.010 0.010 0.019 0.018 0.009 0.020 0.019 0.020 0.015 0.018 0.021 0.007 
132 QAc-W-0077    (0)   14 :  0.005 0.629 0.301 0.006 0.004 0.007 0.007 0.005 0.006 0.005 0.005 0.005 0.005 0.006 0.005 
133 QAc-W-0078    (0)   15 :  0.019 0.021 0.028 0.021 0.664 0.007 0.008 0.017 0.037 0.035 0.029 0.029 0.042 0.030 0.014 
134 QAc-W-0079    (6)   15 :  0.007 0.008 0.005 0.007 0.915 0.007 0.005 0.003 0.006 0.007 0.006 0.006 0.006 0.006 0.005 
135 QAc-W-0081    (0)   15 :  0.007 0.005 0.007 0.005 0.911 0.005 0.005 0.010 0.007 0.006 0.006 0.006 0.007 0.007 0.008 
136 QAc-W-0082    (0)   15 :  0.004 0.004 0.005 0.006 0.438 0.006 0.499 0.002 0.005 0.005 0.005 0.005 0.006 0.006 0.003 
137 QAc-W-0083    (0)   15 :  0.010 0.018 0.018 0.007 0.855 0.008 0.014 0.009 0.009 0.009 0.008 0.009 0.009 0.008 0.007 
138 QAc-W-0086    (0)   15 :  0.009 0.012 0.007 0.008 0.886 0.006 0.010 0.005 0.009 0.008 0.008 0.009 0.008 0.008 0.007 
139 QAc-W-0087    (0)   15 :  0.006 0.004 0.005 0.005 0.925 0.008 0.005 0.003 0.006 0.006 0.005 0.007 0.006 0.005 0.004 
140 QAc-W-0088    (0)   15 :  0.009 0.006 0.013 0.011 0.825 0.012 0.009 0.004 0.020 0.017 0.016 0.014 0.021 0.016 0.006 
141 QAc-W-0092    (0)   15 :  0.022 0.009 0.014 0.102 0.635 0.016 0.007 0.018 0.029 0.021 0.025 0.015 0.026 0.034 0.027 
142 QAc-W-0093    (0)   15 :  0.016 0.004 0.016 0.019 0.724 0.013 0.010 0.009 0.025 0.032 0.031 0.022 0.029 0.023 0.028 
143 QAc-W-0094    (0)   15 :  0.013 0.017 0.042 0.008 0.305 0.030 0.016 0.265 0.048 0.043 0.054 0.031 0.043 0.038 0.048 
144 QAc-W-0097    (0)   15 :  0.020 0.007 0.023 0.068 0.634 0.014 0.009 0.016 0.034 0.033 0.032 0.017 0.034 0.035 0.025 
145 QAc-W-0099    (0)   15 :  0.035 0.004 0.023 0.009 0.648 0.017 0.015 0.019 0.043 0.038 0.039 0.027 0.038 0.039 0.005 
146 QAc-W-0107    (0)   15 :  0.007 0.023 0.017 0.006 0.866 0.005 0.008 0.007 0.009 0.010 0.011 0.008 0.009 0.009 0.006 
147 QAc-W-0115    (0)   16 :  0.446 0.006 0.010 0.018 0.009 0.005 0.005 0.006 0.010 0.012 0.012 0.427 0.010 0.011 0.012 
148 QAc-W-0116    (0)   16 :  0.338 0.003 0.026 0.018 0.007 0.023 0.012 0.016 0.034 0.030 0.040 0.383 0.031 0.030 0.009 
149 QAc-W-0117    (0)   16 :  0.412 0.004 0.012 0.009 0.004 0.012 0.005 0.003 0.010 0.013 0.015 0.471 0.011 0.014 0.005 
150 QAc-W-0118    (0)   16 :  0.407 0.042 0.018 0.006 0.023 0.008 0.009 0.005 0.013 0.016 0.022 0.395 0.014 0.014 0.007 
151 QAc-W-0119    (0)   16 :  0.368 0.013 0.019 0.008 0.008 0.008 0.018 0.007 0.021 0.022 0.023 0.432 0.026 0.023 0.006 
152 QAc-W-0120    (0)   16 :  0.345 0.019 0.032 0.008 0.010 0.012 0.007 0.005 0.035 0.029 0.027 0.401 0.034 0.025 0.011 
153 QAc-W-0121    (0)   16 :  0.366 0.052 0.014 0.006 0.004 0.008 0.036 0.003 0.017 0.015 0.016 0.424 0.016 0.014 0.007 
154 QAc-W-0122    (0)   16 :  0.347 0.005 0.030 0.006 0.007 0.012 0.007 0.004 0.039 0.056 0.090 0.274 0.045 0.059 0.021 
155 QAc-W-0123    (6)   16 :  0.368 0.008 0.024 0.015 0.010 0.009 0.006 0.019 0.023 0.035 0.042 0.374 0.029 0.035 0.004 
156 QAc-W-0124    (0)   16 :  0.347 0.050 0.059 0.050 0.084 0.004 0.006 0.007 0.022 0.021 0.032 0.258 0.022 0.020 0.018 
157 QAc-W-0125    (0)   16 :  0.409 0.007 0.012 0.011 0.019 0.009 0.006 0.009 0.012 0.013 0.017 0.440 0.014 0.014 0.008 
158 QAc-W-0132    (6)   16 :  0.336 0.047 0.027 0.041 0.039 0.006 0.010 0.022 0.026 0.035 0.038 0.295 0.030 0.027 0.020 
159 QAc-W-0134    (0)   16 :  0.444 0.005 0.007 0.007 0.006 0.006 0.004 0.007 0.007 0.006 0.007 0.478 0.007 0.007 0.004 
160 QAc-W-0135    (0)   16 :  0.366 0.025 0.023 0.026 0.009 0.007 0.005 0.004 0.019 0.024 0.031 0.314 0.020 0.023 0.106 
161 QAc-W-0136    (0)   16 :  0.448 0.004 0.007 0.006 0.004 0.005 0.005 0.007 0.007 0.007 0.008 0.473 0.007 0.007 0.005 
162 QAc-W-0138    (0)   16 :  0.442 0.004 0.008 0.005 0.003 0.004 0.005 0.005 0.008 0.009 0.010 0.471 0.008 0.009 0.008 
163 QAc-W-0140    (0)   16 :  0.363 0.005 0.016 0.019 0.007 0.023 0.008 0.004 0.023 0.025 0.026 0.424 0.019 0.028 0.009 
164 QAc-W-0141    (6)   16 :  0.137 0.022 0.051 0.052 0.008 0.022 0.011 0.008 0.074 0.114 0.144 0.118 0.085 0.134 0.019 
165 QAc-W-0142    (0)   16 :  0.434 0.014 0.009 0.004 0.005 0.005 0.012 0.004 0.006 0.007 0.007 0.475 0.007 0.007 0.004 
166 QAc-W-0143    (0)   16 :  0.418 0.004 0.010 0.005 0.027 0.013 0.010 0.006 0.015 0.013 0.017 0.429 0.014 0.013 0.007 
167 QAc-W-0145    (0)   16 :  0.468 0.004 0.010 0.005 0.004 0.007 0.006 0.004 0.012 0.014 0.026 0.411 0.012 0.014 0.003 
168 QAc-W-0148    (0)   16 :  0.467 0.005 0.007 0.012 0.004 0.005 0.005 0.007 0.007 0.007 0.007 0.446 0.007 0.007 0.007 
169 QAc-W-0149    (0)   16 :  0.268 0.008 0.048 0.007 0.010 0.016 0.011 0.035 0.070 0.071 0.112 0.184 0.072 0.077 0.013 
170 QAc-W-0150    (0)   16 :  0.238 0.006 0.038 0.036 0.033 0.006 0.009 0.018 0.049 0.052 0.078 0.221 0.060 0.059 0.095 
171 QAc-W-0151    (0)   16 :  0.420 0.005 0.012 0.054 0.011 0.007 0.008 0.006 0.013 0.018 0.020 0.384 0.019 0.015 0.010 
172 QAc-W-0152    (0)   16 :  0.464 0.012 0.020 0.010 0.005 0.011 0.014 0.005 0.010 0.009 0.022 0.393 0.009 0.009 0.006 
173 QAc-W-0153    (0)   16 :  0.048 0.011 0.065 0.027 0.023 0.006 0.004 0.004 0.062 0.172 0.207 0.083 0.115 0.168 0.005 
174 QAc-W-0154    (0)   16 :  0.358 0.004 0.023 0.008 0.006 0.006 0.006 0.004 0.030 0.027 0.025 0.395 0.031 0.026 0.052 
175 QAc-W-0157    (0)   16 :  0.287 0.017 0.039 0.024 0.005 0.013 0.009 0.029 0.041 0.051 0.035 0.346 0.048 0.050 0.005 
176 QAc-W-0158    (0)   16 :  0.345 0.020 0.015 0.072 0.028 0.006 0.006 0.008 0.031 0.025 0.028 0.321 0.019 0.027 0.047 
177 QAc-W-0159    (0)   16 :  0.420 0.003 0.008 0.007 0.007 0.006 0.010 0.008 0.010 0.010 0.008 0.478 0.009 0.009 0.008 
178 QAc-W-0160    (0)   16 :  0.384 0.004 0.017 0.018 0.008 0.005 0.005 0.004 0.026 0.024 0.021 0.409 0.024 0.024 0.026 
179 QAc-W-0162    (0)   16 :  0.361 0.025 0.049 0.004 0.007 0.029 0.049 0.020 0.014 0.016 0.016 0.376 0.015 0.016 0.004 
180 QAc-W-0163    (0)   16 :  0.288 0.008 0.029 0.008 0.005 0.035 0.127 0.010 0.028 0.030 0.024 0.345 0.033 0.025 0.006 
181 QAc-W-0164    (0)   16 :  0.368 0.017 0.048 0.007 0.012 0.012 0.021 0.010 0.026 0.036 0.040 0.333 0.036 0.029 0.007 
182 QAc-W-0167    (0)   17 :  0.020 0.008 0.059 0.006 0.020 0.010 0.011 0.006 0.078 0.192 0.257 0.058 0.097 0.172 0.006 
183 QAc-W-0168    (0)   17 :  0.087 0.048 0.075 0.018 0.013 0.017 0.011 0.008 0.120 0.122 0.104 0.125 0.125 0.118 0.011 
184 QAc-W-0169    (0)   17 :  0.023 0.011 0.122 0.017 0.004 0.016 0.047 0.004 0.173 0.128 0.086 0.050 0.168 0.131 0.019 
185 QAc-W-0170    (0)   17 :  0.032 0.004 0.104 0.050 0.007 0.009 0.011 0.005 0.123 0.144 0.140 0.062 0.153 0.144 0.012 
186 QAc-W-0172    (0)   17 :  0.032 0.002 0.125 0.009 0.010 0.005 0.006 0.014 0.159 0.162 0.125 0.057 0.157 0.130 0.008 
187 QAc-W-0173    (0)   17 :  0.045 0.006 0.045 0.013 0.007 0.005 0.006 0.004 0.057 0.200 0.268 0.073 0.070 0.188 0.013 
188 QAc-W-0174    (0)   17 :  0.027 0.012 0.062 0.009 0.006 0.010 0.011 0.004 0.064 0.201 0.249 0.070 0.098 0.172 0.005 


Estimated Allele Frequencies in each cluster
First column gives estimated ancestral frequencies


Locus 1 : 
18 alleles
0.0% missing data
 210   (0.116) 0.142 0.008 0.080 0.071 0.148 0.257 0.087 0.030 0.106 0.115 0.115 0.155 0.117 0.112 0.018 
 212   (0.114) 0.117 0.138 0.077 0.398 0.272 0.035 0.090 0.023 0.118 0.121 0.118 0.093 0.118 0.122 0.052 
 202   (0.059) 0.018 0.004 0.040 0.035 0.137 0.018 0.022 0.295 0.050 0.054 0.049 0.030 0.059 0.049 0.069 
 226   (0.038) 0.009 0.217 0.073 0.004 0.016 0.024 0.037 0.222 0.031 0.029 0.027 0.015 0.035 0.028 0.004 
 216   (0.076) 0.087 0.015 0.068 0.010 0.169 0.053 0.037 0.185 0.067 0.064 0.061 0.103 0.072 0.062 0.020 
 200   (0.241) 0.304 0.394 0.203 0.384 0.089 0.198 0.146 0.121 0.308 0.280 0.297 0.206 0.250 0.307 0.505 
 224   (0.044) 0.026 0.088 0.132 0.025 0.013 0.011 0.023 0.010 0.049 0.045 0.047 0.024 0.043 0.045 0.010 
 218   (0.052) 0.094 0.004 0.037 0.010 0.104 0.013 0.044 0.009 0.045 0.046 0.044 0.105 0.051 0.042 0.086 
 228   (0.013) 0.003 0.044 0.056 0.001 0.001 0.003 0.003 0.002 0.010 0.008 0.007 0.005 0.010 0.008 0.001 
 214   (0.065) 0.027 0.075 0.120 0.008 0.008 0.153 0.450 0.042 0.057 0.060 0.058 0.037 0.063 0.056 0.007 
 208   (0.062) 0.024 0.004 0.042 0.038 0.027 0.088 0.021 0.018 0.060 0.076 0.082 0.042 0.066 0.069 0.207 
 220   (0.031) 0.011 0.002 0.021 0.006 0.004 0.008 0.011 0.006 0.028 0.033 0.032 0.020 0.035 0.033 0.004 
 196   (0.011) 0.002 0.001 0.007 0.001 0.002 0.003 0.003 0.002 0.010 0.009 0.008 0.005 0.011 0.008 0.001 
 238   (0.012) 0.003 0.001 0.007 0.001 0.001 0.003 0.004 0.002 0.010 0.011 0.012 0.006 0.012 0.012 0.001 
 206   (0.020) 0.017 0.001 0.011 0.002 0.003 0.062 0.006 0.004 0.016 0.014 0.013 0.021 0.018 0.014 0.003 
 190   (0.012) 0.002 0.001 0.006 0.001 0.001 0.003 0.003 0.002 0.009 0.010 0.007 0.004 0.011 0.009 0.001 
 222   (0.021) 0.112 0.001 0.014 0.002 0.003 0.006 0.007 0.025 0.016 0.016 0.016 0.123 0.019 0.015 0.007 
 232   (0.013) 0.003 0.001 0.007 0.001 0.001 0.063 0.005 0.003 0.010 0.009 0.007 0.005 0.011 0.008 0.001 

Locus 2 : 
15 alleles
2.1% missing data
 171   (0.211) 0.161 0.019 0.152 0.425 0.182 0.448 0.232 0.242 0.234 0.211 0.218 0.132 0.213 0.221 0.310 
 175   (0.099) 0.050 0.025 0.069 0.055 0.255 0.027 0.259 0.199 0.092 0.086 0.078 0.055 0.096 0.085 0.048 
 185   (0.051) 0.130 0.005 0.037 0.006 0.081 0.014 0.020 0.012 0.044 0.048 0.048 0.141 0.051 0.044 0.008 
 179   (0.070) 0.183 0.210 0.235 0.009 0.009 0.018 0.031 0.245 0.063 0.077 0.093 0.166 0.070 0.073 0.008 
 181   (0.099) 0.062 0.383 0.078 0.134 0.344 0.121 0.086 0.035 0.111 0.095 0.097 0.048 0.095 0.105 0.035 
 173   (0.180) 0.228 0.273 0.167 0.217 0.040 0.170 0.203 0.177 0.201 0.188 0.174 0.203 0.176 0.192 0.186 
 177   (0.034) 0.055 0.061 0.092 0.004 0.005 0.010 0.042 0.006 0.029 0.027 0.027 0.059 0.032 0.026 0.004 
 187   (0.093) 0.034 0.012 0.068 0.117 0.012 0.046 0.073 0.018 0.086 0.115 0.118 0.062 0.103 0.107 0.112 
 183   (0.061) 0.061 0.005 0.042 0.008 0.021 0.101 0.022 0.016 0.055 0.069 0.069 0.082 0.067 0.068 0.008 
 189   (0.033) 0.021 0.002 0.020 0.018 0.004 0.008 0.011 0.006 0.029 0.029 0.027 0.021 0.032 0.027 0.273 
 191   (0.021) 0.005 0.001 0.013 0.002 0.043 0.027 0.008 0.035 0.017 0.016 0.016 0.011 0.020 0.015 0.003 
 163   (0.012) 0.003 0.001 0.007 0.001 0.001 0.003 0.003 0.002 0.010 0.010 0.008 0.005 0.011 0.009 0.001 
 165   (0.012) 0.002 0.001 0.006 0.001 0.001 0.003 0.003 0.002 0.009 0.009 0.007 0.004 0.011 0.009 0.001 
 193   (0.012) 0.003 0.001 0.007 0.001 0.001 0.003 0.003 0.002 0.010 0.011 0.010 0.005 0.013 0.010 0.001 
 167   (0.012) 0.003 0.001 0.008 0.001 0.001 0.003 0.003 0.002 0.010 0.010 0.009 0.005 0.012 0.009 0.001 

Locus 3 : 
4 alleles
1.1% missing data
 206   (0.886) 0.968 0.962 0.886 0.984 0.974 0.899 0.932 0.888 0.904 0.892 0.898 0.941 0.888 0.900 0.695 
 208   (0.060) 0.017 0.014 0.054 0.009 0.008 0.067 0.051 0.011 0.051 0.054 0.049 0.030 0.058 0.049 0.299 
 204   (0.039) 0.010 0.023 0.050 0.005 0.016 0.031 0.013 0.099 0.033 0.033 0.031 0.019 0.038 0.031 0.005 
 212   (0.015) 0.005 0.001 0.010 0.002 0.002 0.003 0.004 0.002 0.013 0.020 0.022 0.011 0.016 0.020 0.002 

Locus 4 : 
15 alleles
1.1% missing data
 165   (0.081) 0.074 0.104 0.171 0.029 0.457 0.022 0.071 0.049 0.085 0.094 0.096 0.049 0.079 0.104 0.015 
 163   (0.197) 0.263 0.024 0.160 0.062 0.029 0.263 0.176 0.082 0.210 0.236 0.257 0.258 0.210 0.243 0.091 
 167   (0.151) 0.120 0.010 0.096 0.189 0.074 0.099 0.166 0.471 0.142 0.147 0.145 0.148 0.151 0.140 0.240 
 161   (0.346) 0.442 0.848 0.436 0.680 0.130 0.433 0.467 0.332 0.367 0.329 0.321 0.416 0.339 0.326 0.474 
 153   (0.015) 0.018 0.001 0.009 0.003 0.002 0.004 0.005 0.003 0.018 0.014 0.013 0.008 0.014 0.016 0.010 
 173   (0.030) 0.007 0.002 0.017 0.003 0.260 0.024 0.049 0.005 0.026 0.024 0.022 0.012 0.030 0.023 0.003 
 171   (0.041) 0.014 0.003 0.027 0.004 0.006 0.051 0.019 0.033 0.036 0.042 0.041 0.024 0.043 0.039 0.005 
 179   (0.011) 0.002 0.001 0.007 0.003 0.001 0.003 0.003 0.002 0.009 0.009 0.008 0.005 0.011 0.009 0.002 
 157   (0.022) 0.007 0.001 0.012 0.013 0.003 0.017 0.008 0.004 0.019 0.017 0.014 0.009 0.020 0.017 0.143 
 149   (0.011) 0.002 0.001 0.006 0.001 0.001 0.027 0.006 0.002 0.009 0.008 0.007 0.004 0.010 0.007 0.001 
 177   (0.021) 0.011 0.001 0.014 0.004 0.013 0.006 0.007 0.004 0.020 0.021 0.023 0.011 0.023 0.022 0.003 
 155   (0.017) 0.005 0.001 0.010 0.002 0.003 0.004 0.005 0.003 0.015 0.015 0.012 0.008 0.017 0.014 0.007 
 175   (0.012) 0.003 0.001 0.007 0.001 0.001 0.010 0.004 0.002 0.009 0.009 0.008 0.005 0.011 0.009 0.001 
 169   (0.023) 0.005 0.001 0.014 0.003 0.018 0.035 0.008 0.004 0.019 0.018 0.018 0.010 0.023 0.017 0.003 
 159   (0.020) 0.027 0.001 0.013 0.002 0.002 0.005 0.006 0.003 0.016 0.017 0.014 0.032 0.019 0.014 0.002 

Locus 5 : 
16 alleles
0.0% missing data
 148   (0.116) 0.075 0.266 0.089 0.195 0.281 0.098 0.032 0.028 0.109 0.112 0.111 0.081 0.117 0.112 0.111 
 160   (0.026) 0.009 0.002 0.015 0.004 0.057 0.026 0.007 0.060 0.023 0.020 0.018 0.011 0.023 0.020 0.004 
 154   (0.078) 0.141 0.038 0.117 0.009 0.028 0.022 0.072 0.057 0.070 0.081 0.084 0.160 0.083 0.073 0.020 
 150   (0.060) 0.037 0.012 0.039 0.030 0.010 0.069 0.402 0.013 0.063 0.054 0.050 0.028 0.058 0.056 0.064 
 138   (0.123) 0.179 0.057 0.142 0.054 0.150 0.098 0.056 0.322 0.117 0.121 0.116 0.194 0.120 0.114 0.026 
 166   (0.034) 0.007 0.002 0.019 0.005 0.015 0.192 0.010 0.250 0.027 0.024 0.022 0.014 0.030 0.024 0.036 
 146   (0.096) 0.032 0.316 0.150 0.029 0.165 0.093 0.034 0.078 0.087 0.098 0.096 0.055 0.094 0.089 0.034 
 164   (0.016) 0.004 0.001 0.010 0.002 0.002 0.004 0.004 0.038 0.013 0.014 0.012 0.007 0.015 0.012 0.002 
 142   (0.018) 0.010 0.003 0.010 0.002 0.002 0.005 0.199 0.003 0.013 0.012 0.011 0.017 0.015 0.011 0.002 
 144   (0.146) 0.168 0.268 0.207 0.390 0.027 0.241 0.077 0.055 0.172 0.161 0.167 0.147 0.146 0.173 0.070 
 140   (0.083) 0.140 0.006 0.055 0.243 0.021 0.022 0.022 0.017 0.082 0.089 0.095 0.158 0.087 0.087 0.189 
 158   (0.044) 0.064 0.003 0.029 0.011 0.086 0.028 0.017 0.031 0.063 0.043 0.047 0.030 0.043 0.054 0.009 
 162   (0.029) 0.008 0.002 0.018 0.005 0.129 0.009 0.019 0.005 0.025 0.030 0.031 0.014 0.029 0.029 0.003 
 152   (0.092) 0.117 0.020 0.074 0.016 0.012 0.041 0.036 0.019 0.101 0.105 0.108 0.068 0.100 0.113 0.426 
 134   (0.018) 0.004 0.001 0.012 0.002 0.002 0.048 0.008 0.004 0.014 0.016 0.014 0.009 0.018 0.014 0.002 
 156   (0.021) 0.006 0.001 0.013 0.004 0.013 0.006 0.006 0.022 0.019 0.020 0.019 0.010 0.022 0.019 0.003 

Locus 6 : 
12 alleles
0.0% missing data
 225   (0.046) 0.019 0.202 0.030 0.005 0.121 0.012 0.035 0.008 0.039 0.040 0.039 0.032 0.044 0.038 0.013 
 239   (0.104) 0.055 0.372 0.154 0.103 0.029 0.056 0.054 0.243 0.105 0.108 0.097 0.062 0.105 0.099 0.015 
 229   (0.016) 0.006 0.001 0.009 0.002 0.280 0.004 0.005 0.003 0.014 0.011 0.010 0.006 0.013 0.012 0.002 
 235   (0.292) 0.416 0.256 0.304 0.419 0.373 0.142 0.508 0.089 0.296 0.302 0.318 0.388 0.295 0.309 0.272 
 237   (0.212) 0.188 0.098 0.238 0.275 0.039 0.178 0.151 0.068 0.215 0.228 0.239 0.195 0.221 0.227 0.201 
 233   (0.101) 0.079 0.056 0.119 0.162 0.064 0.091 0.079 0.255 0.113 0.090 0.083 0.050 0.097 0.099 0.454 
 227   (0.033) 0.007 0.002 0.019 0.003 0.004 0.392 0.034 0.275 0.026 0.025 0.023 0.014 0.030 0.023 0.003 
 245   (0.068) 0.123 0.005 0.045 0.014 0.008 0.022 0.031 0.023 0.079 0.071 0.073 0.115 0.069 0.077 0.024 
 241   (0.038) 0.021 0.003 0.024 0.005 0.070 0.035 0.033 0.013 0.033 0.033 0.031 0.027 0.037 0.030 0.007 
 231   (0.049) 0.041 0.003 0.034 0.005 0.006 0.023 0.052 0.016 0.045 0.059 0.060 0.055 0.054 0.055 0.005 
 243   (0.028) 0.043 0.002 0.017 0.004 0.003 0.043 0.014 0.005 0.026 0.024 0.021 0.050 0.026 0.023 0.003 
 251   (0.012) 0.002 0.001 0.006 0.001 0.001 0.003 0.003 0.002 0.009 0.009 0.007 0.005 0.010 0.009 0.001 

Locus 7 : 
5 alleles
0.0% missing data
 118   (0.917) 0.956 0.995 0.951 0.940 0.989 0.980 0.620 0.683 0.926 0.929 0.932 0.965 0.924 0.925 0.920 
 124   (0.039) 0.030 0.002 0.023 0.056 0.005 0.009 0.011 0.309 0.038 0.032 0.029 0.016 0.035 0.036 0.074 
 116   (0.014) 0.003 0.001 0.007 0.001 0.002 0.003 0.360 0.002 0.011 0.009 0.008 0.005 0.011 0.009 0.001 
 114   (0.017) 0.008 0.001 0.011 0.002 0.002 0.004 0.005 0.004 0.016 0.020 0.022 0.009 0.017 0.020 0.003 
 122   (0.013) 0.003 0.001 0.008 0.001 0.001 0.003 0.004 0.002 0.011 0.010 0.009 0.005 0.012 0.010 0.001 

Locus 8 : 
5 alleles
0.0% missing data
 135   (0.056) 0.096 0.010 0.038 0.028 0.023 0.014 0.018 0.010 0.074 0.064 0.065 0.043 0.056 0.079 0.014 
 139   (0.747) 0.714 0.934 0.836 0.912 0.818 0.648 0.583 0.948 0.755 0.770 0.789 0.710 0.757 0.765 0.926 
 137   (0.148) 0.150 0.054 0.097 0.055 0.153 0.325 0.382 0.033 0.132 0.126 0.111 0.192 0.142 0.117 0.055 
 143   (0.035) 0.023 0.002 0.022 0.004 0.004 0.009 0.014 0.006 0.029 0.031 0.026 0.035 0.034 0.029 0.004 
 141   (0.014) 0.018 0.001 0.008 0.002 0.002 0.003 0.004 0.002 0.011 0.010 0.009 0.021 0.012 0.009 0.002 

Locus 9 : 
11 alleles
0.0% missing data
 116   (0.288) 0.381 0.309 0.251 0.272 0.426 0.122 0.198 0.112 0.323 0.306 0.300 0.316 0.290 0.325 0.509 
 112   (0.087) 0.128 0.132 0.202 0.081 0.058 0.022 0.034 0.016 0.080 0.083 0.092 0.130 0.088 0.083 0.038 
 122   (0.063) 0.024 0.387 0.152 0.008 0.007 0.251 0.173 0.301 0.059 0.051 0.046 0.028 0.058 0.051 0.010 
 114   (0.216) 0.247 0.023 0.153 0.342 0.081 0.241 0.077 0.055 0.210 0.233 0.231 0.264 0.224 0.224 0.357 
 120   (0.043) 0.019 0.006 0.032 0.145 0.005 0.012 0.012 0.207 0.036 0.034 0.029 0.026 0.038 0.033 0.005 
 130   (0.038) 0.037 0.002 0.023 0.040 0.005 0.076 0.011 0.166 0.047 0.034 0.032 0.019 0.035 0.041 0.006 
 118   (0.124) 0.113 0.017 0.083 0.080 0.399 0.054 0.050 0.117 0.126 0.127 0.143 0.134 0.128 0.123 0.041 
 124   (0.062) 0.030 0.117 0.056 0.007 0.008 0.072 0.210 0.011 0.053 0.056 0.055 0.043 0.059 0.052 0.007 
 126   (0.041) 0.010 0.003 0.025 0.020 0.006 0.142 0.225 0.009 0.034 0.034 0.030 0.019 0.039 0.030 0.009 
 108   (0.015) 0.004 0.001 0.010 0.002 0.002 0.003 0.004 0.002 0.014 0.016 0.015 0.007 0.019 0.014 0.002 
 128   (0.022) 0.007 0.002 0.014 0.003 0.003 0.005 0.007 0.004 0.019 0.025 0.027 0.013 0.022 0.024 0.017 

Locus 10 : 
4 alleles
0.0% missing data
 232   (0.892) 0.942 0.993 0.932 0.943 0.987 0.689 0.962 0.972 0.906 0.902 0.914 0.912 0.891 0.912 0.987 
 238   (0.079) 0.051 0.005 0.049 0.054 0.010 0.304 0.031 0.024 0.069 0.071 0.061 0.076 0.077 0.064 0.010 
 234   (0.016) 0.004 0.001 0.011 0.002 0.002 0.004 0.004 0.002 0.014 0.016 0.015 0.007 0.019 0.014 0.002 
 244   (0.013) 0.003 0.001 0.008 0.002 0.001 0.003 0.004 0.002 0.011 0.011 0.010 0.006 0.013 0.011 0.001 

Locus 11 : 
7 alleles
0.0% missing data
 165   (0.758) 0.882 0.779 0.777 0.775 0.915 0.893 0.547 0.927 0.779 0.767 0.769 0.858 0.758 0.776 0.919 
 167   (0.075) 0.030 0.210 0.114 0.013 0.057 0.020 0.362 0.023 0.063 0.063 0.056 0.044 0.071 0.058 0.010 
 161   (0.116) 0.060 0.008 0.078 0.207 0.022 0.075 0.077 0.043 0.117 0.128 0.137 0.064 0.122 0.127 0.066 
 155   (0.012) 0.003 0.001 0.007 0.001 0.001 0.003 0.003 0.002 0.010 0.010 0.008 0.005 0.011 0.009 0.001 
 173   (0.013) 0.003 0.001 0.008 0.001 0.002 0.003 0.003 0.002 0.011 0.011 0.011 0.005 0.014 0.011 0.001 
 163   (0.013) 0.019 0.001 0.007 0.001 0.002 0.003 0.004 0.002 0.010 0.009 0.010 0.018 0.011 0.009 0.001 
 171   (0.013) 0.003 0.001 0.008 0.001 0.002 0.003 0.003 0.002 0.010 0.011 0.009 0.006 0.012 0.009 0.001 

Locus 12 : 
8 alleles
0.0% missing data
 137   (0.512) 0.662 0.441 0.479 0.245 0.413 0.531 0.708 0.840 0.500 0.512 0.532 0.673 0.518 0.513 0.344 
 140   (0.159) 0.148 0.025 0.116 0.492 0.209 0.081 0.065 0.033 0.189 0.164 0.146 0.115 0.157 0.165 0.575 
 134   (0.252) 0.154 0.529 0.359 0.254 0.368 0.321 0.203 0.114 0.248 0.251 0.247 0.160 0.251 0.252 0.061 
 149   (0.013) 0.003 0.001 0.007 0.001 0.002 0.003 0.004 0.002 0.011 0.009 0.009 0.005 0.012 0.009 0.001 
 143   (0.017) 0.004 0.001 0.010 0.002 0.002 0.046 0.006 0.004 0.013 0.013 0.011 0.007 0.015 0.012 0.002 
 128   (0.011) 0.003 0.001 0.007 0.001 0.001 0.010 0.003 0.002 0.009 0.009 0.008 0.005 0.011 0.008 0.001 
 125   (0.018) 0.022 0.001 0.011 0.002 0.002 0.005 0.007 0.003 0.014 0.013 0.013 0.021 0.016 0.012 0.013 
 146   (0.018) 0.005 0.001 0.012 0.002 0.002 0.004 0.005 0.003 0.016 0.029 0.035 0.013 0.020 0.028 0.002 

Locus 13 : 
19 alleles
0.5% missing data
 206   (0.128) 0.117 0.042 0.083 0.173 0.406 0.069 0.107 0.221 0.116 0.115 0.106 0.132 0.123 0.107 0.254 
 210   (0.096) 0.083 0.289 0.073 0.161 0.276 0.028 0.047 0.018 0.116 0.091 0.094 0.057 0.093 0.102 0.166 
 190   (0.070) 0.090 0.005 0.050 0.009 0.009 0.017 0.038 0.029 0.066 0.078 0.080 0.103 0.074 0.078 0.088 
 202   (0.089) 0.091 0.008 0.062 0.012 0.018 0.257 0.217 0.516 0.105 0.095 0.094 0.050 0.092 0.102 0.034 
 214   (0.039) 0.010 0.220 0.080 0.023 0.005 0.012 0.013 0.007 0.035 0.034 0.033 0.019 0.037 0.033 0.072 
 212   (0.032) 0.220 0.126 0.021 0.004 0.004 0.008 0.021 0.005 0.027 0.026 0.025 0.234 0.029 0.025 0.004 
 192   (0.109) 0.095 0.008 0.075 0.272 0.050 0.031 0.056 0.062 0.132 0.127 0.134 0.077 0.114 0.134 0.091 
 204   (0.037) 0.022 0.040 0.048 0.011 0.005 0.015 0.015 0.017 0.034 0.033 0.034 0.025 0.037 0.032 0.020 
 184   (0.053) 0.077 0.003 0.032 0.022 0.102 0.013 0.017 0.009 0.048 0.048 0.046 0.069 0.052 0.046 0.019 
 216   (0.020) 0.017 0.001 0.012 0.259 0.002 0.005 0.006 0.004 0.025 0.020 0.016 0.013 0.018 0.018 0.018 
 208   (0.044) 0.066 0.012 0.028 0.021 0.005 0.010 0.015 0.009 0.049 0.041 0.040 0.045 0.041 0.050 0.183 
 198   (0.037) 0.018 0.002 0.027 0.004 0.004 0.009 0.011 0.020 0.037 0.057 0.068 0.029 0.044 0.057 0.004 
 194   (0.069) 0.020 0.195 0.275 0.008 0.034 0.199 0.325 0.023 0.060 0.060 0.060 0.036 0.067 0.057 0.021 
 186   (0.018) 0.004 0.025 0.030 0.002 0.003 0.005 0.010 0.003 0.015 0.013 0.012 0.008 0.017 0.013 0.002 
 188   (0.020) 0.005 0.001 0.012 0.004 0.002 0.037 0.006 0.003 0.017 0.017 0.016 0.009 0.020 0.016 0.004 
 200   (0.072) 0.037 0.017 0.048 0.008 0.065 0.268 0.070 0.038 0.061 0.067 0.069 0.051 0.070 0.063 0.012 
 196   (0.039) 0.022 0.002 0.026 0.004 0.005 0.010 0.018 0.007 0.034 0.050 0.050 0.032 0.042 0.045 0.005 
 220   (0.012) 0.003 0.001 0.007 0.001 0.001 0.004 0.003 0.006 0.009 0.009 0.008 0.005 0.011 0.008 0.001 
 180   (0.016) 0.004 0.001 0.011 0.002 0.002 0.003 0.004 0.002 0.014 0.017 0.015 0.007 0.019 0.015 0.002 

Locus 14 : 
8 alleles
1.1% missing data
 139   (0.074) 0.032 0.178 0.106 0.242 0.089 0.055 0.132 0.041 0.076 0.062 0.061 0.032 0.068 0.065 0.011 
 145   (0.065) 0.112 0.010 0.042 0.023 0.143 0.038 0.028 0.013 0.055 0.056 0.058 0.107 0.063 0.050 0.012 
 151   (0.301) 0.367 0.402 0.395 0.181 0.453 0.285 0.185 0.353 0.314 0.291 0.293 0.355 0.298 0.302 0.644 
 157   (0.354) 0.368 0.148 0.282 0.479 0.225 0.327 0.438 0.466 0.377 0.399 0.408 0.336 0.360 0.405 0.289 
 154   (0.099) 0.080 0.256 0.108 0.062 0.014 0.029 0.121 0.018 0.088 0.099 0.094 0.112 0.105 0.093 0.031 
 163   (0.043) 0.011 0.003 0.027 0.005 0.067 0.012 0.051 0.097 0.036 0.038 0.034 0.019 0.042 0.034 0.005 
 160   (0.034) 0.007 0.002 0.020 0.004 0.005 0.237 0.014 0.006 0.028 0.028 0.024 0.015 0.032 0.025 0.004 
 142   (0.030) 0.023 0.002 0.019 0.005 0.004 0.018 0.031 0.006 0.026 0.028 0.029 0.024 0.031 0.026 0.004 

Locus 15 : 
13 alleles
1.6% missing data
 256   (0.151) 0.105 0.084 0.133 0.155 0.164 0.163 0.202 0.130 0.132 0.130 0.119 0.139 0.143 0.121 0.166 
 262   (0.023) 0.005 0.001 0.013 0.002 0.262 0.007 0.162 0.004 0.018 0.016 0.015 0.009 0.020 0.015 0.002 
 246   (0.118) 0.103 0.008 0.078 0.129 0.178 0.107 0.103 0.023 0.133 0.139 0.146 0.086 0.121 0.145 0.096 
 258   (0.180) 0.254 0.013 0.128 0.298 0.026 0.156 0.202 0.517 0.222 0.195 0.204 0.178 0.186 0.217 0.227 
 254   (0.108) 0.068 0.224 0.197 0.028 0.014 0.086 0.070 0.186 0.094 0.100 0.097 0.082 0.108 0.094 0.164 
 250   (0.033) 0.017 0.471 0.052 0.004 0.004 0.012 0.019 0.009 0.027 0.027 0.023 0.027 0.031 0.024 0.004 
 242   (0.095) 0.127 0.104 0.120 0.011 0.190 0.061 0.057 0.021 0.087 0.117 0.135 0.141 0.103 0.115 0.011 
 252   (0.067) 0.054 0.017 0.061 0.029 0.113 0.023 0.063 0.014 0.071 0.065 0.062 0.049 0.067 0.063 0.030 
 248   (0.133) 0.207 0.072 0.163 0.324 0.025 0.350 0.089 0.082 0.134 0.121 0.119 0.211 0.130 0.121 0.041 
 260   (0.038) 0.019 0.002 0.022 0.015 0.005 0.020 0.012 0.006 0.037 0.037 0.030 0.018 0.040 0.035 0.252 
 264   (0.015) 0.004 0.001 0.010 0.002 0.002 0.004 0.004 0.002 0.013 0.020 0.023 0.010 0.016 0.019 0.002 
 244   (0.027) 0.034 0.002 0.017 0.003 0.016 0.008 0.013 0.005 0.023 0.023 0.019 0.046 0.026 0.021 0.003 
 276   (0.012) 0.002 0.001 0.007 0.001 0.001 0.003 0.003 0.002 0.009 0.009 0.008 0.005 0.011 0.009 0.001 

Values of parameters used in structure:
DATAFILE=G:\Shared drives\Emily_Schumacher\QUAC_analyses\QUAC_structure_wild_relate\QUAC_allpop_relate_red_12_15_21\project_data,	OUTFILE=G:\Shared drives\Emily_Schumacher\QUAC_analyses\QUAC_structure_wild_relate\QUAC_allpop_relate_red_12_15_21\50-100\Results\50-100_run_73,	NUMINDS=188,	NUMLOCI=15,	MISSING=-9,	LABEL=1,	POPDATA=1,	POPFLAG=0,	PHENOTYPE=0,	EXTRACOLS=0,	MAXPOPS=15,	BURNIN=50000,	NUMREPS=100000,	USEPOPINFO=0,	INFERALPHA=1,	INFERLAMBDA=0,	POPSPECIFICLAMBDA=0,	POPALPHAS=0,	COMPUTEPROB=1,	NOADMIX=0,	ADMBURNIN=2500,	UPDATEFREQ=1,	PRINTLIKES=0,	INTERMEDSAVE=0,	PRINTKLD=0,	PRINTNET=0,	PRINTLAMBDA=0,	ANCESTDIST=0,	NUMBOXES=1000,	ANCESTPINT=0.90000,	GENSBACK=2,	MIGRPRIOR=0.05000,	PRINTQHAT=0,	PRINTQSUM=0,	ALPHA=1.0000,	FREQSCORR=1,	FPRIORMEAN=0.0100,	FPRIORSD=0.0500,	ONEFST=0,	LAMBDA=1.0000,	UNIFPRIORALPHA=1,	ALPHAMAX=10.0000,	ALPHAPRIORA=1.0000,	ALPHAPRIORB=2.0000,	ALPHAPROPSD=0.0250,	STARTATPOPINFO=0,	RANDOMIZE=1,	LINKAGE=0,	METROFREQ=10,	REPORTHITRATE=0,	MARKOVPHASE=-1,	PHASED=0,	PLOIDY=2,	PHASEINFO=0	LOCPRIOR=0, 	LOCPRIORINIT=1.000000, 	LOCDATA=0, 	LOCISPOP=0, 	LOCPRIORSTEP=0.100000, 	MAXLOCPRIOR=20.000000, 	SEED=1639611008,	
[STRAT parameters]:    NUMSIMSTATS=1000,	PHENOTYPECOL=-9,	POOLFREQ=10,	LOCUSxONLY=0,	EMERROR=0.00100,	MISSINGPHENO=-9,	