

----------------------------------------------------
STRUCTURE by Pritchard, Stephens and Donnelly (2000)
     and Falush, Stephens and Pritchard (2003)
       Code by Pritchard, Falush and Hubisz
             Version 2.3.4 (Jul 2012)
----------------------------------------------------



Command line arguments:   bin\structure -m G:\Shared drives\Emily_Schumacher\QUAC_analyses\QUAC_structure_wild_relate\QUAC_allpop_relate_red_12_15_21\50-100\mainparams -e G:\Shared drives\Emily_Schumacher\QUAC_analyses\QUAC_structure_wild_relate\QUAC_allpop_relate_red_12_15_21\50-100\extraparams 
Input File:    G:\Shared drives\Emily_Schumacher\QUAC_analyses\QUAC_structure_wild_relate\QUAC_allpop_relate_red_12_15_21\project_data

Run parameters:
   188 individuals
   15 loci
   16 populations assumed
   50000 Burn-in period
   100000 Reps


--------------------------------------------
Proportion of membership of each pre-defined
 population in each of the 16 clusters

Given    Inferred Clusters                                                                                                  Number of
 Pop       1      2      3      4      5      6      7      8      9     10     11     12     13     14     15     16      Individuals

  1:     0.556  0.010  0.008  0.009  0.005  0.008  0.017  0.004  0.005  0.007  0.325  0.006  0.012  0.009  0.005  0.016        2
  2:     0.034  0.032  0.028  0.035  0.018  0.027  0.269  0.007  0.020  0.078  0.045  0.189  0.047  0.029  0.038  0.106       17
  3:     0.049  0.049  0.038  0.051  0.011  0.038  0.147  0.090  0.027  0.096  0.058  0.013  0.061  0.043  0.014  0.213       19
  4:     0.082  0.058  0.041  0.062  0.017  0.052  0.010  0.014  0.062  0.012  0.094  0.011  0.083  0.055  0.018  0.327       10
  5:     0.012  0.013  0.013  0.015  0.007  0.013  0.554  0.006  0.026  0.273  0.011  0.005  0.016  0.013  0.011  0.014        2
  6:     0.017  0.033  0.028  0.039  0.011  0.036  0.008  0.119  0.007  0.016  0.018  0.154  0.039  0.032  0.019  0.424        2
  7:     0.022  0.053  0.043  0.064  0.009  0.078  0.129  0.021  0.008  0.266  0.025  0.011  0.052  0.057  0.157  0.005        1
  8:     0.007  0.007  0.007  0.007  0.009  0.007  0.864  0.005  0.007  0.036  0.007  0.005  0.007  0.007  0.011  0.008        1
  9:     0.052  0.142  0.118  0.116  0.071  0.107  0.004  0.011  0.005  0.051  0.073  0.006  0.093  0.122  0.021  0.008        1
 10:     0.022  0.055  0.050  0.059  0.012  0.086  0.012  0.377  0.010  0.008  0.018  0.146  0.047  0.078  0.013  0.008        6
 11:     0.029  0.057  0.049  0.054  0.021  0.055  0.039  0.162  0.041  0.115  0.035  0.093  0.056  0.059  0.026  0.110       16
 12:     0.041  0.038  0.131  0.044  0.487  0.049  0.021  0.009  0.022  0.008  0.024  0.003  0.037  0.059  0.012  0.015        1
 13:     0.035  0.047  0.035  0.047  0.018  0.034  0.014  0.020  0.408  0.015  0.041  0.012  0.058  0.038  0.015  0.165       33
 14:     0.014  0.020  0.019  0.022  0.016  0.029  0.070  0.155  0.010  0.356  0.016  0.087  0.024  0.020  0.127  0.017       21
 15:     0.369  0.019  0.017  0.020  0.009  0.022  0.009  0.011  0.014  0.012  0.370  0.027  0.019  0.020  0.041  0.020       14
 16:     0.018  0.033  0.095  0.031  0.611  0.027  0.012  0.010  0.017  0.018  0.022  0.009  0.031  0.033  0.016  0.017       35
 17:     0.047  0.145  0.121  0.132  0.025  0.117  0.012  0.010  0.011  0.010  0.080  0.007  0.101  0.133  0.029  0.019        7
--------------------------------------------

Allele-freq. divergence among pops (Net nucleotide distance),
computed using point estimates of P.

      1       2       3       4       5       6       7       8       9      10      11      12      13      14      15      16      
 1      -    0.0182  0.0199  0.0182  0.0503  0.0183  0.0892  0.0550  0.0602  0.0681  0.0032  0.0753  0.0191  0.0177  0.0581  0.0508  
 2   0.0182     -    0.0011  0.0001  0.0286  0.0008  0.0820  0.0310  0.0441  0.0532  0.0114  0.0534  0.0008  0.0003  0.0360  0.0309  
 3   0.0199  0.0011     -    0.0015  0.0187  0.0014  0.0838  0.0315  0.0479  0.0529  0.0130  0.0546  0.0027  0.0009  0.0363  0.0357  
 4   0.0182  0.0001  0.0015     -    0.0295  0.0011  0.0829  0.0315  0.0440  0.0549  0.0115  0.0533  0.0005  0.0005  0.0363  0.0317  
 5   0.0503  0.0286  0.0187  0.0295     -    0.0278  0.1157  0.0591  0.0837  0.0748  0.0421  0.0796  0.0318  0.0274  0.0625  0.0719  
 6   0.0183  0.0008  0.0014  0.0011  0.0278     -    0.0811  0.0284  0.0478  0.0510  0.0118  0.0518  0.0024  0.0003  0.0284  0.0346  
 7   0.0892  0.0820  0.0838  0.0829  0.1157  0.0811     -    0.1133  0.1298  0.0882  0.0873  0.1396  0.0823  0.0818  0.1163  0.1011  
 8   0.0550  0.0310  0.0315  0.0315  0.0591  0.0284  0.1133     -    0.0881  0.0772  0.0480  0.0670  0.0327  0.0296  0.0544  0.0651  
 9   0.0602  0.0441  0.0479  0.0440  0.0837  0.0478  0.1298  0.0881     -    0.1051  0.0565  0.0988  0.0412  0.0464  0.0995  0.0569  
10   0.0681  0.0532  0.0529  0.0549  0.0748  0.0510  0.0882  0.0772  0.1051     -    0.0632  0.0994  0.0577  0.0520  0.0800  0.0917  
11   0.0032  0.0114  0.0130  0.0115  0.0421  0.0118  0.0873  0.0480  0.0565  0.0632     -    0.0670  0.0123  0.0112  0.0496  0.0448  
12   0.0753  0.0534  0.0546  0.0533  0.0796  0.0518  0.1396  0.0670  0.0988  0.0994  0.0670     -    0.0540  0.0528  0.0771  0.0966  
13   0.0191  0.0008  0.0027  0.0005  0.0318  0.0024  0.0823  0.0327  0.0412  0.0577  0.0123  0.0540     -    0.0017  0.0384  0.0290  
14   0.0177  0.0003  0.0009  0.0005  0.0274  0.0003  0.0818  0.0296  0.0464  0.0520  0.0112  0.0528  0.0017     -    0.0343  0.0335  
15   0.0581  0.0360  0.0363  0.0363  0.0625  0.0284  0.1163  0.0544  0.0995  0.0800  0.0496  0.0771  0.0384  0.0343     -    0.0776  
16   0.0508  0.0309  0.0357  0.0317  0.0719  0.0346  0.1011  0.0651  0.0569  0.0917  0.0448  0.0966  0.0290  0.0335  0.0776     -    

Average distances (expected heterozygosity) between individuals in same cluster:
cluster  1  : 0.5891 
cluster  2  : 0.6347 
cluster  3  : 0.6282 
cluster  4  : 0.6315 
cluster  5  : 0.5374 
cluster  6  : 0.6507 
cluster  7  : 0.4298 
cluster  8  : 0.6043 
cluster  9  : 0.5175 
cluster 10  : 0.5116 
cluster 11  : 0.6004 
cluster 12  : 0.5254 
cluster 13  : 0.6227 
cluster 14  : 0.6444 
cluster 15  : 0.6235 
cluster 16  : 0.5197 

--------------------------------------------
Estimated Ln Prob of Data   = -8211.0
Mean value of ln likelihood = -6949.3
Variance of ln likelihood   = 2523.5
Mean value of alpha         = 0.0392

Mean value of Fst_1         = 0.1788
Mean value of Fst_2         = 0.0551
Mean value of Fst_3         = 0.0816
Mean value of Fst_4         = 0.0601
Mean value of Fst_5         = 0.1551
Mean value of Fst_6         = 0.0340
Mean value of Fst_7         = 0.4022
Mean value of Fst_8         = 0.1469
Mean value of Fst_9         = 0.2223
Mean value of Fst_10         = 0.2487
Mean value of Fst_11         = 0.1451
Mean value of Fst_12         = 0.2535
Mean value of Fst_13         = 0.0839
Mean value of Fst_14         = 0.0277
Mean value of Fst_15         = 0.2134
Mean value of Fst_16         = 0.2062


Inferred ancestry of individuals:
        Label (%Miss) Pop:  Inferred clusters
  1 QAc-G-0029    (0)    1 :  0.525 0.014 0.011 0.013 0.005 0.011 0.029 0.005 0.006 0.006 0.304 0.006 0.019 0.012 0.006 0.027 
  2 QAc-G-0030    (0)    1 :  0.586 0.005 0.005 0.005 0.005 0.006 0.004 0.004 0.004 0.008 0.345 0.005 0.005 0.005 0.003 0.004 
  3 QAc-G-0062    (0)    2 :  0.012 0.020 0.024 0.027 0.036 0.025 0.030 0.008 0.005 0.256 0.012 0.425 0.024 0.029 0.062 0.005 
  4 QAc-G-0063    (0)    2 :  0.017 0.032 0.030 0.039 0.020 0.031 0.603 0.009 0.018 0.049 0.020 0.010 0.038 0.036 0.022 0.026 
  5 QAc-G-0064    (0)    2 :  0.005 0.005 0.006 0.006 0.006 0.005 0.006 0.006 0.004 0.019 0.005 0.903 0.006 0.005 0.004 0.007 
  6 QAc-G-0065    (0)    2 :  0.006 0.005 0.004 0.005 0.003 0.005 0.003 0.010 0.004 0.003 0.005 0.929 0.006 0.004 0.004 0.005 
  7 QAc-G-0066    (0)    2 :  0.005 0.004 0.003 0.004 0.004 0.004 0.942 0.003 0.003 0.005 0.004 0.003 0.004 0.004 0.004 0.004 
  8 QAc-G-0067    (0)    2 :  0.016 0.019 0.015 0.016 0.006 0.015 0.005 0.012 0.009 0.005 0.018 0.813 0.017 0.015 0.007 0.013 
  9 QAc-G-0068    (0)    2 :  0.004 0.004 0.006 0.006 0.008 0.042 0.454 0.008 0.004 0.006 0.005 0.007 0.004 0.005 0.433 0.003 
 10 QAc-G-0070    (0)    2 :  0.017 0.029 0.043 0.026 0.091 0.025 0.486 0.005 0.007 0.148 0.016 0.023 0.022 0.029 0.022 0.009 
 11 QAc-G-0071   (13)    2 :  0.007 0.006 0.005 0.006 0.005 0.006 0.874 0.005 0.003 0.044 0.008 0.003 0.006 0.006 0.006 0.008 
 12 QAc-G-0072    (0)    2 :  0.005 0.005 0.005 0.005 0.006 0.005 0.928 0.004 0.004 0.004 0.005 0.004 0.005 0.005 0.005 0.006 
 13 QAc-G-0073    (0)    2 :  0.040 0.061 0.037 0.058 0.011 0.017 0.004 0.004 0.012 0.004 0.075 0.004 0.122 0.026 0.008 0.516 
 14 QAc-G-0074    (0)    2 :  0.019 0.045 0.035 0.042 0.018 0.036 0.173 0.006 0.029 0.047 0.035 0.006 0.058 0.047 0.010 0.394 
 15 QAc-G-0075    (0)    2 :  0.021 0.027 0.024 0.026 0.007 0.026 0.011 0.009 0.041 0.013 0.022 0.011 0.028 0.033 0.009 0.693 
 16 QAc-G-0076    (0)    2 :  0.079 0.105 0.052 0.121 0.006 0.034 0.010 0.005 0.085 0.005 0.105 0.034 0.239 0.037 0.009 0.074 
 17 QAc-G-0080    (0)    2 :  0.259 0.049 0.030 0.050 0.006 0.052 0.009 0.007 0.005 0.020 0.355 0.025 0.046 0.058 0.015 0.015 
 18 QAc-G-0081    (0)    2 :  0.047 0.103 0.134 0.140 0.059 0.113 0.005 0.008 0.012 0.013 0.057 0.007 0.150 0.133 0.016 0.004 
 19 QAc-G-0083    (0)    2 :  0.016 0.021 0.014 0.017 0.010 0.013 0.031 0.006 0.092 0.688 0.017 0.012 0.020 0.015 0.006 0.021 
 20 QAc-G-0285    (0)    3 :  0.010 0.007 0.008 0.007 0.006 0.008 0.071 0.010 0.005 0.829 0.008 0.004 0.007 0.007 0.008 0.005 
 21 QAc-G-0287    (0)    3 :  0.003 0.003 0.003 0.003 0.003 0.003 0.952 0.003 0.003 0.004 0.003 0.003 0.003 0.003 0.003 0.004 
 22 QAc-G-0288    (6)    3 :  0.017 0.006 0.008 0.007 0.009 0.007 0.884 0.006 0.007 0.005 0.010 0.005 0.007 0.007 0.008 0.006 
 23 QAc-G-0292    (0)    3 :  0.007 0.011 0.011 0.010 0.011 0.010 0.154 0.009 0.005 0.717 0.008 0.007 0.010 0.013 0.012 0.005 
 24 QAc-G-0294    (0)    3 :  0.070 0.114 0.063 0.155 0.005 0.036 0.005 0.009 0.044 0.004 0.107 0.016 0.253 0.056 0.024 0.039 
 25 QAc-G-0295    (0)    3 :  0.049 0.064 0.033 0.072 0.005 0.025 0.017 0.007 0.032 0.022 0.050 0.020 0.079 0.030 0.007 0.486 
 26 QAc-G-0296    (0)    3 :  0.041 0.061 0.027 0.049 0.008 0.018 0.008 0.007 0.045 0.014 0.055 0.038 0.125 0.023 0.006 0.478 
 27 QAc-G-0297    (0)    3 :  0.041 0.112 0.085 0.090 0.008 0.114 0.003 0.024 0.039 0.004 0.055 0.003 0.065 0.113 0.015 0.229 
 28 QAc-G-0298    (6)    3 :  0.021 0.023 0.014 0.021 0.005 0.014 0.004 0.006 0.011 0.016 0.022 0.008 0.026 0.014 0.007 0.787 
 29 QAc-G-0299    (0)    3 :  0.011 0.017 0.010 0.015 0.004 0.011 0.011 0.010 0.121 0.006 0.021 0.005 0.024 0.012 0.010 0.714 
 30 QAc-G-0300    (0)    3 :  0.041 0.066 0.036 0.069 0.018 0.023 0.005 0.011 0.094 0.004 0.065 0.037 0.124 0.025 0.010 0.371 
 31 QAc-G-0301    (0)    3 :  0.009 0.010 0.010 0.010 0.005 0.011 0.011 0.005 0.019 0.010 0.009 0.036 0.009 0.011 0.005 0.831 
 32 QAc-G-0302    (0)    3 :  0.010 0.020 0.019 0.020 0.005 0.016 0.005 0.789 0.025 0.006 0.012 0.004 0.019 0.018 0.018 0.013 
 33 QAc-G-0303    (0)    3 :  0.010 0.017 0.019 0.018 0.025 0.024 0.005 0.765 0.004 0.015 0.011 0.010 0.016 0.018 0.038 0.004 
 34 QAc-G-0305    (0)    3 :  0.018 0.025 0.022 0.023 0.014 0.022 0.629 0.025 0.004 0.100 0.022 0.006 0.019 0.021 0.043 0.006 
 35 QAc-G-0307    (0)    3 :  0.423 0.010 0.012 0.010 0.020 0.011 0.004 0.008 0.006 0.010 0.446 0.006 0.011 0.011 0.007 0.007 
 36 QAc-G-0313    (0)    3 :  0.045 0.121 0.104 0.116 0.018 0.141 0.010 0.005 0.008 0.053 0.053 0.019 0.117 0.163 0.019 0.008 
 37 QAc-G-0314    (0)    3 :  0.054 0.120 0.095 0.135 0.013 0.121 0.004 0.015 0.030 0.003 0.070 0.010 0.118 0.154 0.013 0.046 
 38 QAc-G-0316    (0)    3 :  0.054 0.124 0.146 0.148 0.026 0.104 0.010 0.006 0.015 0.007 0.075 0.014 0.121 0.119 0.023 0.008 
 39 QAc-G-0033    (0)    4 :  0.015 0.021 0.008 0.011 0.007 0.008 0.006 0.006 0.136 0.004 0.013 0.011 0.018 0.008 0.005 0.723 
 40 QAc-G-0034    (0)    4 :  0.029 0.012 0.012 0.009 0.013 0.011 0.005 0.010 0.010 0.004 0.018 0.008 0.013 0.011 0.006 0.829 
 41 QAc-G-0035    (0)    4 :  0.049 0.066 0.048 0.087 0.006 0.028 0.016 0.009 0.371 0.014 0.070 0.024 0.130 0.047 0.011 0.021 
 42 QAc-G-0036    (0)    4 :  0.008 0.011 0.010 0.010 0.008 0.010 0.012 0.004 0.007 0.008 0.008 0.012 0.011 0.010 0.007 0.864 
 43 QAc-G-0039    (0)    4 :  0.087 0.110 0.071 0.163 0.011 0.039 0.010 0.011 0.021 0.005 0.104 0.008 0.231 0.088 0.016 0.025 
 44 QAc-G-0040    (0)    4 :  0.061 0.097 0.062 0.116 0.079 0.063 0.018 0.015 0.039 0.052 0.079 0.008 0.170 0.066 0.015 0.061 
 45 QAc-G-0045    (0)    4 :  0.026 0.035 0.015 0.013 0.005 0.007 0.010 0.005 0.023 0.004 0.048 0.007 0.065 0.008 0.005 0.724 
 46 QAc-G-0050    (0)    4 :  0.077 0.119 0.083 0.080 0.012 0.141 0.012 0.061 0.005 0.015 0.075 0.006 0.086 0.136 0.087 0.004 
 47 QAc-G-0052    (0)    4 :  0.407 0.010 0.010 0.013 0.007 0.010 0.004 0.005 0.005 0.005 0.465 0.021 0.013 0.012 0.007 0.006 
 48 QAc-G-0056    (0)    4 :  0.062 0.099 0.088 0.122 0.025 0.201 0.007 0.018 0.008 0.006 0.055 0.010 0.097 0.170 0.024 0.009 
 49 QAc-G-0276    (0)    5 :  0.010 0.012 0.011 0.014 0.006 0.013 0.310 0.005 0.023 0.532 0.012 0.003 0.016 0.011 0.009 0.014 
 50 QAc-G-0280    (6)    5 :  0.013 0.014 0.014 0.015 0.008 0.013 0.798 0.006 0.029 0.015 0.011 0.006 0.016 0.015 0.012 0.014 
 51 QAc-G-0018    (0)    6 :  0.012 0.015 0.010 0.010 0.007 0.011 0.006 0.017 0.009 0.004 0.013 0.007 0.015 0.012 0.021 0.832 
 52 QAc-G-0017    (0)    6 :  0.022 0.052 0.045 0.067 0.016 0.061 0.010 0.221 0.004 0.028 0.024 0.302 0.063 0.053 0.017 0.016 
 53 QAc-G-0250    (0)    7 :  0.022 0.053 0.043 0.064 0.009 0.078 0.129 0.021 0.008 0.266 0.025 0.011 0.052 0.057 0.157 0.005 
 54 QAc-G-0003    (6)    8 :  0.007 0.007 0.007 0.007 0.009 0.007 0.864 0.005 0.007 0.036 0.007 0.005 0.007 0.007 0.011 0.008 
 55 QAc-G-0283    (0)    9 :  0.052 0.142 0.118 0.116 0.071 0.107 0.004 0.011 0.005 0.051 0.073 0.006 0.093 0.122 0.021 0.008 
 56 QAc-G-0255    (0)   10 :  0.023 0.049 0.051 0.051 0.007 0.054 0.005 0.575 0.028 0.006 0.018 0.008 0.049 0.041 0.025 0.009 
 57 QAc-G-0256    (0)   10 :  0.007 0.007 0.007 0.007 0.005 0.008 0.016 0.871 0.008 0.012 0.007 0.016 0.008 0.007 0.007 0.008 
 58 QAc-G-0257    (0)   10 :  0.014 0.015 0.017 0.017 0.017 0.021 0.003 0.735 0.004 0.006 0.014 0.080 0.022 0.020 0.009 0.006 
 59 QAc-G-0259    (0)   10 :  0.026 0.126 0.104 0.139 0.006 0.253 0.003 0.012 0.008 0.002 0.017 0.003 0.075 0.214 0.009 0.003 
 60 QAc-G-0260    (0)   10 :  0.039 0.083 0.072 0.096 0.033 0.129 0.041 0.056 0.010 0.013 0.026 0.182 0.071 0.128 0.011 0.010 
 61 QAc-G-0261    (0)   10 :  0.021 0.051 0.048 0.048 0.005 0.048 0.004 0.013 0.004 0.006 0.026 0.587 0.053 0.057 0.016 0.012 
 62 QAc-G-0109    (0)   11 :  0.028 0.059 0.058 0.059 0.031 0.075 0.006 0.423 0.005 0.010 0.035 0.069 0.043 0.068 0.013 0.018 
 63 QAc-G-0113    (0)   11 :  0.018 0.022 0.017 0.021 0.007 0.032 0.010 0.629 0.005 0.052 0.027 0.023 0.019 0.026 0.081 0.011 
 64 QAc-G-0114    (0)   11 :  0.019 0.033 0.029 0.026 0.005 0.039 0.010 0.607 0.102 0.007 0.015 0.004 0.033 0.034 0.014 0.024 
 65 QAc-G-0117    (0)   11 :  0.036 0.080 0.057 0.078 0.008 0.057 0.007 0.122 0.041 0.057 0.058 0.084 0.103 0.065 0.084 0.064 
 66 QAc-G-0120    (0)   11 :  0.040 0.083 0.060 0.098 0.011 0.128 0.005 0.289 0.012 0.009 0.033 0.008 0.070 0.125 0.014 0.014 
 67 QAc-G-0125    (0)   11 :  0.034 0.028 0.022 0.026 0.023 0.023 0.019 0.019 0.005 0.052 0.027 0.661 0.021 0.025 0.010 0.004 
 68 QAc-G-0141    (0)   11 :  0.044 0.109 0.094 0.099 0.022 0.082 0.020 0.079 0.016 0.018 0.079 0.026 0.114 0.090 0.079 0.032 
 69 QAc-G-0143    (0)   11 :  0.047 0.162 0.136 0.089 0.004 0.141 0.006 0.005 0.004 0.004 0.096 0.003 0.099 0.173 0.023 0.008 
 70 QAc-G-0147    (0)   11 :  0.022 0.037 0.046 0.045 0.070 0.039 0.005 0.081 0.009 0.041 0.018 0.453 0.033 0.039 0.031 0.029 
 71 QAc-G-0174    (0)   11 :  0.005 0.004 0.004 0.005 0.004 0.005 0.061 0.005 0.004 0.869 0.006 0.004 0.005 0.005 0.006 0.008 
 72 QAc-G-0182    (0)   11 :  0.004 0.006 0.006 0.005 0.004 0.007 0.248 0.005 0.004 0.677 0.004 0.011 0.005 0.006 0.004 0.005 
 73 QAc-G-0188    (0)   11 :  0.029 0.049 0.060 0.065 0.005 0.072 0.207 0.278 0.018 0.012 0.022 0.007 0.067 0.076 0.025 0.007 
 74 QAc-G-0229    (0)   11 :  0.009 0.011 0.012 0.011 0.011 0.010 0.005 0.009 0.006 0.009 0.009 0.005 0.012 0.012 0.006 0.863 
 75 QAc-G-0233    (0)   11 :  0.040 0.081 0.088 0.068 0.085 0.082 0.006 0.006 0.297 0.004 0.036 0.011 0.067 0.106 0.010 0.015 
 76 QAc-G-0237    (0)   11 :  0.033 0.037 0.020 0.032 0.012 0.021 0.009 0.022 0.024 0.007 0.022 0.048 0.043 0.019 0.006 0.644 
 77 QAc-G-0243    (0)   11 :  0.055 0.114 0.067 0.132 0.031 0.065 0.003 0.009 0.106 0.008 0.081 0.064 0.157 0.077 0.015 0.016 
 78 QAc-G-0249    (0)   12 :  0.041 0.038 0.131 0.044 0.487 0.049 0.021 0.009 0.022 0.008 0.024 0.003 0.037 0.059 0.012 0.015 
 79 QAc-W-0001    (0)   13 :  0.006 0.008 0.008 0.010 0.005 0.008 0.003 0.013 0.858 0.003 0.007 0.014 0.010 0.008 0.004 0.035 
 80 QAc-W-0002    (0)   13 :  0.019 0.030 0.032 0.029 0.014 0.023 0.034 0.028 0.017 0.008 0.029 0.004 0.057 0.033 0.010 0.634 
 81 QAc-W-0003    (0)   13 :  0.015 0.014 0.012 0.015 0.005 0.014 0.008 0.016 0.779 0.026 0.022 0.011 0.016 0.014 0.011 0.021 
 82 QAc-W-0004    (0)   13 :  0.008 0.007 0.005 0.006 0.005 0.005 0.008 0.004 0.903 0.004 0.007 0.004 0.009 0.005 0.004 0.015 
 83 QAc-W-0005    (0)   13 :  0.005 0.007 0.006 0.007 0.007 0.006 0.006 0.005 0.910 0.006 0.005 0.004 0.007 0.006 0.004 0.007 
 84 QAc-W-0007   (13)   13 :  0.007 0.008 0.008 0.008 0.007 0.007 0.005 0.006 0.892 0.006 0.007 0.006 0.009 0.007 0.005 0.014 
 85 QAc-W-0008    (6)   13 :  0.015 0.030 0.026 0.032 0.015 0.034 0.006 0.008 0.707 0.007 0.016 0.004 0.029 0.031 0.021 0.018 
 86 QAc-W-0009    (0)   13 :  0.046 0.071 0.055 0.090 0.026 0.068 0.020 0.215 0.019 0.007 0.036 0.012 0.103 0.066 0.015 0.149 
 87 QAc-W-0010    (0)   13 :  0.012 0.024 0.021 0.026 0.030 0.020 0.007 0.018 0.697 0.019 0.016 0.036 0.032 0.017 0.014 0.011 
 88 QAc-W-0011    (0)   13 :  0.044 0.063 0.032 0.063 0.006 0.034 0.039 0.013 0.397 0.016 0.056 0.011 0.109 0.033 0.012 0.071 
 89 QAc-W-0012    (0)   13 :  0.018 0.026 0.022 0.024 0.014 0.022 0.014 0.011 0.623 0.006 0.020 0.010 0.032 0.023 0.015 0.122 
 90 QAc-W-0013    (0)   13 :  0.130 0.083 0.035 0.081 0.006 0.022 0.014 0.055 0.013 0.007 0.148 0.007 0.157 0.035 0.010 0.196 
 91 QAc-W-0014    (0)   13 :  0.008 0.014 0.012 0.012 0.017 0.010 0.004 0.004 0.846 0.010 0.009 0.005 0.018 0.010 0.006 0.016 
 92 QAc-W-0015    (0)   13 :  0.037 0.056 0.033 0.052 0.018 0.021 0.016 0.011 0.012 0.143 0.059 0.004 0.100 0.028 0.009 0.399 
 93 QAc-W-0017    (0)   13 :  0.060 0.118 0.086 0.124 0.041 0.094 0.010 0.014 0.011 0.046 0.094 0.007 0.117 0.111 0.024 0.043 
 94 QAc-W-0018    (0)   13 :  0.048 0.050 0.046 0.068 0.010 0.057 0.005 0.029 0.447 0.004 0.042 0.014 0.055 0.062 0.039 0.025 
 95 QAc-W-0020    (0)   13 :  0.010 0.024 0.020 0.024 0.004 0.021 0.004 0.004 0.803 0.005 0.014 0.011 0.015 0.023 0.011 0.008 
 96 QAc-W-0021    (0)   13 :  0.113 0.061 0.054 0.074 0.010 0.061 0.011 0.023 0.340 0.003 0.076 0.010 0.062 0.065 0.018 0.016 
 97 QAc-W-0022    (0)   13 :  0.045 0.126 0.081 0.134 0.024 0.075 0.015 0.009 0.022 0.026 0.074 0.007 0.148 0.108 0.014 0.092 
 98 QAc-W-0023    (6)   13 :  0.058 0.094 0.069 0.082 0.035 0.047 0.003 0.034 0.118 0.006 0.077 0.042 0.137 0.062 0.010 0.125 
 99 QAc-W-0024    (0)   13 :  0.082 0.066 0.064 0.060 0.011 0.051 0.055 0.011 0.377 0.005 0.072 0.006 0.047 0.058 0.010 0.025 
100 QAc-W-0025    (0)   13 :  0.022 0.037 0.034 0.029 0.009 0.023 0.008 0.011 0.334 0.004 0.023 0.004 0.032 0.023 0.010 0.395 
101 QAc-W-0026    (0)   13 :  0.062 0.037 0.037 0.037 0.027 0.034 0.049 0.015 0.454 0.017 0.062 0.023 0.032 0.039 0.016 0.059 
102 QAc-W-0027    (0)   13 :  0.009 0.019 0.014 0.016 0.011 0.013 0.005 0.012 0.075 0.004 0.011 0.004 0.016 0.013 0.006 0.771 
103 QAc-W-0028    (0)   13 :  0.019 0.040 0.027 0.036 0.009 0.022 0.009 0.007 0.584 0.008 0.025 0.004 0.035 0.025 0.009 0.142 
104 QAc-W-0029    (0)   13 :  0.041 0.073 0.034 0.083 0.004 0.025 0.004 0.014 0.250 0.004 0.062 0.019 0.129 0.023 0.024 0.211 
105 QAc-W-0032    (0)   13 :  0.009 0.016 0.010 0.015 0.007 0.008 0.003 0.004 0.838 0.003 0.011 0.023 0.017 0.009 0.005 0.022 
106 QAc-W-0033    (0)   13 :  0.036 0.080 0.077 0.092 0.023 0.120 0.004 0.013 0.172 0.009 0.037 0.032 0.096 0.111 0.079 0.020 
107 QAc-W-0035    (0)   13 :  0.033 0.049 0.035 0.044 0.025 0.042 0.021 0.006 0.112 0.014 0.033 0.007 0.054 0.039 0.027 0.457 
108 QAc-W-0037    (0)   13 :  0.014 0.011 0.009 0.011 0.006 0.011 0.008 0.005 0.020 0.006 0.011 0.017 0.013 0.010 0.008 0.839 
109 QAc-W-0038    (0)   13 :  0.038 0.112 0.079 0.107 0.010 0.069 0.008 0.015 0.159 0.035 0.066 0.012 0.085 0.093 0.014 0.098 
110 QAc-W-0040    (0)   13 :  0.018 0.021 0.032 0.022 0.131 0.021 0.009 0.008 0.628 0.010 0.015 0.024 0.017 0.020 0.006 0.019 
111 QAc-W-0041    (0)   13 :  0.059 0.062 0.031 0.051 0.010 0.026 0.031 0.030 0.044 0.006 0.100 0.006 0.113 0.032 0.032 0.368 
112 QAc-W-0042    (0)   14 :  0.016 0.022 0.015 0.026 0.006 0.020 0.036 0.399 0.006 0.011 0.027 0.298 0.039 0.014 0.048 0.016 
113 QAc-W-0044    (0)   14 :  0.038 0.069 0.049 0.075 0.026 0.028 0.040 0.086 0.008 0.079 0.066 0.158 0.144 0.033 0.027 0.073 
114 QAc-W-0045    (0)   14 :  0.009 0.012 0.012 0.014 0.005 0.022 0.012 0.774 0.006 0.006 0.011 0.022 0.015 0.014 0.053 0.014 
115 QAc-W-0048    (0)   14 :  0.017 0.022 0.015 0.019 0.005 0.026 0.005 0.722 0.012 0.005 0.015 0.076 0.016 0.021 0.010 0.013 
116 QAc-W-0050    (0)   14 :  0.011 0.018 0.017 0.021 0.012 0.068 0.008 0.169 0.004 0.006 0.012 0.019 0.017 0.021 0.587 0.010 
117 QAc-W-0051    (0)   14 :  0.013 0.012 0.010 0.012 0.004 0.061 0.005 0.041 0.006 0.035 0.014 0.097 0.012 0.011 0.661 0.006 
118 QAc-W-0052    (0)   14 :  0.004 0.005 0.005 0.005 0.004 0.005 0.006 0.007 0.010 0.006 0.004 0.920 0.005 0.005 0.004 0.005 
119 QAc-W-0053    (0)   14 :  0.009 0.011 0.011 0.012 0.009 0.013 0.005 0.842 0.009 0.008 0.009 0.017 0.014 0.011 0.014 0.009 
120 QAc-W-0054    (0)   14 :  0.026 0.057 0.062 0.072 0.021 0.084 0.107 0.041 0.009 0.063 0.024 0.090 0.065 0.062 0.207 0.011 
121 QAc-W-0056    (0)   14 :  0.022 0.053 0.048 0.056 0.010 0.087 0.007 0.015 0.053 0.010 0.031 0.008 0.052 0.069 0.400 0.080 
122 QAc-W-0057    (0)   14 :  0.025 0.028 0.024 0.033 0.012 0.069 0.007 0.082 0.007 0.077 0.023 0.011 0.026 0.034 0.527 0.016 
123 QAc-W-0060    (0)   14 :  0.005 0.006 0.006 0.007 0.006 0.007 0.008 0.005 0.003 0.869 0.005 0.033 0.007 0.007 0.005 0.019 
124 QAc-W-0061    (0)   14 :  0.018 0.027 0.031 0.026 0.050 0.028 0.014 0.018 0.011 0.658 0.019 0.005 0.022 0.025 0.017 0.031 
125 QAc-W-0062    (0)   14 :  0.005 0.004 0.004 0.004 0.005 0.004 0.006 0.004 0.003 0.930 0.005 0.009 0.004 0.004 0.004 0.004 
126 QAc-W-0063    (0)   14 :  0.019 0.012 0.011 0.013 0.011 0.014 0.020 0.007 0.016 0.801 0.015 0.025 0.013 0.012 0.006 0.006 
127 QAc-W-0064    (0)   14 :  0.006 0.008 0.008 0.008 0.008 0.009 0.018 0.005 0.011 0.879 0.007 0.005 0.008 0.007 0.008 0.006 
128 QAc-W-0065    (0)   14 :  0.013 0.022 0.018 0.018 0.019 0.020 0.010 0.009 0.008 0.762 0.015 0.006 0.015 0.019 0.031 0.015 
129 QAc-W-0066    (0)   14 :  0.004 0.003 0.003 0.003 0.003 0.003 0.951 0.003 0.003 0.004 0.004 0.003 0.003 0.003 0.003 0.004 
130 QAc-W-0072    (0)   14 :  0.011 0.014 0.029 0.014 0.098 0.018 0.006 0.006 0.016 0.707 0.011 0.004 0.012 0.017 0.033 0.006 
131 QAc-W-0073    (0)   14 :  0.010 0.016 0.013 0.016 0.008 0.013 0.006 0.016 0.006 0.828 0.010 0.008 0.016 0.013 0.013 0.008 
132 QAc-W-0077    (0)   14 :  0.005 0.006 0.005 0.006 0.005 0.006 0.191 0.008 0.005 0.725 0.005 0.005 0.006 0.006 0.009 0.007 
133 QAc-W-0078    (0)   15 :  0.400 0.032 0.032 0.036 0.017 0.038 0.033 0.006 0.014 0.008 0.262 0.017 0.030 0.044 0.008 0.023 
134 QAc-W-0079    (6)   15 :  0.589 0.005 0.006 0.006 0.006 0.006 0.011 0.006 0.005 0.004 0.328 0.003 0.006 0.006 0.005 0.007 
135 QAc-W-0081    (0)   15 :  0.431 0.006 0.006 0.007 0.004 0.006 0.004 0.004 0.009 0.007 0.481 0.011 0.008 0.006 0.005 0.005 
136 QAc-W-0082    (0)   15 :  0.204 0.006 0.005 0.006 0.004 0.041 0.004 0.012 0.003 0.004 0.251 0.003 0.005 0.006 0.439 0.005 
137 QAc-W-0083    (0)   15 :  0.409 0.008 0.009 0.008 0.010 0.009 0.007 0.007 0.007 0.029 0.451 0.008 0.008 0.009 0.013 0.007 
138 QAc-W-0086    (0)   15 :  0.410 0.007 0.008 0.008 0.009 0.007 0.015 0.006 0.006 0.005 0.479 0.005 0.009 0.007 0.012 0.007 
139 QAc-W-0087    (0)   15 :  0.454 0.006 0.006 0.006 0.008 0.006 0.006 0.009 0.004 0.003 0.466 0.003 0.005 0.007 0.005 0.005 
140 QAc-W-0088    (0)   15 :  0.398 0.018 0.016 0.016 0.007 0.018 0.006 0.012 0.006 0.005 0.438 0.005 0.015 0.017 0.009 0.013 
141 QAc-W-0092    (0)   15 :  0.302 0.029 0.017 0.027 0.011 0.023 0.011 0.017 0.025 0.005 0.346 0.020 0.036 0.026 0.008 0.098 
142 QAc-W-0093    (0)   15 :  0.383 0.029 0.026 0.032 0.015 0.029 0.004 0.013 0.027 0.005 0.341 0.009 0.025 0.028 0.014 0.019 
143 QAc-W-0094    (0)   15 :  0.136 0.045 0.033 0.041 0.007 0.041 0.007 0.024 0.057 0.047 0.208 0.249 0.037 0.043 0.016 0.009 
144 QAc-W-0097    (0)   15 :  0.310 0.036 0.023 0.027 0.005 0.026 0.007 0.014 0.025 0.007 0.364 0.019 0.036 0.030 0.012 0.059 
145 QAc-W-0099    (0)   15 :  0.307 0.035 0.035 0.056 0.019 0.044 0.005 0.018 0.004 0.005 0.341 0.019 0.042 0.043 0.018 0.010 
146 QAc-W-0107    (0)   15 :  0.433 0.010 0.010 0.010 0.007 0.010 0.013 0.005 0.006 0.030 0.424 0.007 0.010 0.010 0.009 0.006 
147 QAc-W-0115    (0)   16 :  0.010 0.025 0.087 0.012 0.748 0.012 0.005 0.005 0.012 0.007 0.010 0.007 0.012 0.023 0.008 0.020 
148 QAc-W-0116    (0)   16 :  0.015 0.035 0.101 0.031 0.615 0.031 0.003 0.023 0.007 0.004 0.020 0.014 0.031 0.036 0.016 0.018 
149 QAc-W-0117    (0)   16 :  0.006 0.016 0.102 0.015 0.770 0.011 0.004 0.012 0.005 0.004 0.009 0.004 0.014 0.016 0.006 0.008 
150 QAc-W-0118    (0)   16 :  0.020 0.020 0.077 0.015 0.692 0.016 0.041 0.008 0.007 0.022 0.017 0.006 0.014 0.028 0.011 0.006 
151 QAc-W-0119    (0)   16 :  0.016 0.022 0.115 0.019 0.689 0.021 0.016 0.007 0.006 0.004 0.012 0.007 0.019 0.024 0.016 0.008 
152 QAc-W-0120    (0)   16 :  0.022 0.034 0.119 0.043 0.574 0.040 0.018 0.012 0.010 0.009 0.015 0.005 0.034 0.046 0.011 0.009 
153 QAc-W-0121    (0)   16 :  0.008 0.014 0.104 0.015 0.672 0.017 0.068 0.007 0.007 0.010 0.008 0.003 0.018 0.016 0.028 0.006 
154 QAc-W-0122    (0)   16 :  0.017 0.069 0.114 0.053 0.475 0.055 0.004 0.012 0.020 0.007 0.025 0.004 0.049 0.065 0.025 0.006 
155 QAc-W-0123    (6)   16 :  0.015 0.033 0.090 0.030 0.645 0.034 0.007 0.010 0.004 0.010 0.019 0.018 0.026 0.034 0.012 0.013 
156 QAc-W-0124    (0)   16 :  0.044 0.039 0.097 0.025 0.439 0.024 0.010 0.004 0.017 0.112 0.067 0.007 0.025 0.034 0.012 0.044 
157 QAc-W-0125    (0)   16 :  0.017 0.012 0.070 0.014 0.770 0.012 0.008 0.009 0.008 0.005 0.016 0.009 0.013 0.018 0.008 0.011 
158 QAc-W-0132    (6)   16 :  0.032 0.035 0.083 0.027 0.530 0.027 0.056 0.006 0.017 0.029 0.027 0.019 0.026 0.033 0.012 0.040 
159 QAc-W-0134    (0)   16 :  0.007 0.007 0.083 0.007 0.828 0.006 0.005 0.006 0.005 0.007 0.007 0.007 0.006 0.008 0.004 0.007 
160 QAc-W-0135    (0)   16 :  0.013 0.030 0.100 0.025 0.545 0.018 0.015 0.007 0.105 0.030 0.015 0.004 0.027 0.030 0.010 0.026 
161 QAc-W-0136    (0)   16 :  0.005 0.010 0.062 0.007 0.849 0.008 0.003 0.005 0.005 0.005 0.006 0.007 0.007 0.009 0.006 0.006 
162 QAc-W-0138    (0)   16 :  0.005 0.010 0.064 0.010 0.837 0.008 0.005 0.004 0.007 0.005 0.007 0.007 0.012 0.010 0.006 0.005 
163 QAc-W-0140    (0)   16 :  0.016 0.024 0.108 0.027 0.665 0.017 0.005 0.025 0.009 0.006 0.016 0.004 0.028 0.022 0.009 0.021 
164 QAc-W-0141    (6)   16 :  0.046 0.106 0.111 0.127 0.105 0.068 0.029 0.016 0.021 0.009 0.066 0.008 0.119 0.100 0.021 0.049 
165 QAc-W-0142    (0)   16 :  0.006 0.007 0.089 0.007 0.802 0.007 0.013 0.005 0.004 0.016 0.006 0.004 0.007 0.012 0.011 0.004 
166 QAc-W-0143    (0)   16 :  0.019 0.012 0.118 0.015 0.713 0.016 0.003 0.013 0.008 0.006 0.020 0.006 0.017 0.019 0.010 0.005 
167 QAc-W-0145    (0)   16 :  0.006 0.023 0.103 0.010 0.745 0.018 0.003 0.006 0.004 0.007 0.006 0.004 0.011 0.032 0.016 0.006 
168 QAc-W-0148    (0)   16 :  0.006 0.011 0.070 0.007 0.826 0.007 0.004 0.005 0.006 0.007 0.006 0.007 0.007 0.016 0.005 0.012 
169 QAc-W-0149    (0)   16 :  0.024 0.097 0.111 0.098 0.242 0.073 0.004 0.018 0.014 0.015 0.040 0.035 0.121 0.074 0.026 0.006 
170 QAc-W-0150    (0)   16 :  0.037 0.062 0.096 0.069 0.315 0.050 0.006 0.007 0.097 0.007 0.048 0.019 0.080 0.056 0.018 0.034 
171 QAc-W-0151    (0)   16 :  0.012 0.028 0.082 0.018 0.692 0.019 0.004 0.006 0.010 0.006 0.013 0.006 0.016 0.027 0.011 0.051 
172 QAc-W-0152    (0)   16 :  0.006 0.028 0.108 0.011 0.704 0.011 0.006 0.011 0.005 0.031 0.006 0.005 0.009 0.025 0.025 0.009 
173 QAc-W-0153    (0)   16 :  0.068 0.138 0.126 0.137 0.015 0.077 0.005 0.006 0.006 0.021 0.116 0.004 0.119 0.116 0.019 0.028 
174 QAc-W-0154    (0)   16 :  0.012 0.025 0.116 0.025 0.637 0.027 0.004 0.006 0.054 0.004 0.013 0.004 0.028 0.030 0.008 0.008 
175 QAc-W-0157    (0)   16 :  0.019 0.042 0.102 0.037 0.532 0.054 0.013 0.012 0.005 0.020 0.019 0.028 0.031 0.051 0.013 0.022 
176 QAc-W-0158    (0)   16 :  0.029 0.028 0.080 0.029 0.550 0.020 0.026 0.006 0.046 0.008 0.032 0.008 0.035 0.026 0.008 0.068 
177 QAc-W-0159    (0)   16 :  0.008 0.009 0.104 0.010 0.785 0.010 0.004 0.006 0.007 0.003 0.007 0.008 0.011 0.012 0.009 0.007 
178 QAc-W-0160    (0)   16 :  0.019 0.022 0.091 0.027 0.670 0.025 0.004 0.005 0.025 0.005 0.019 0.004 0.031 0.030 0.005 0.018 
179 QAc-W-0162    (0)   16 :  0.011 0.020 0.072 0.017 0.630 0.020 0.006 0.029 0.004 0.087 0.011 0.018 0.017 0.019 0.036 0.004 
180 QAc-W-0163    (0)   16 :  0.014 0.030 0.099 0.025 0.523 0.040 0.007 0.035 0.006 0.010 0.017 0.011 0.026 0.034 0.113 0.007 
181 QAc-W-0164    (0)   16 :  0.017 0.044 0.084 0.030 0.555 0.041 0.008 0.012 0.007 0.075 0.019 0.010 0.029 0.040 0.021 0.008 
182 QAc-W-0167    (0)   17 :  0.045 0.167 0.147 0.141 0.007 0.071 0.006 0.010 0.006 0.008 0.117 0.006 0.099 0.133 0.030 0.006 
183 QAc-W-0168    (0)   17 :  0.055 0.111 0.110 0.110 0.116 0.115 0.049 0.015 0.010 0.025 0.051 0.008 0.071 0.119 0.020 0.017 
184 QAc-W-0169    (0)   17 :  0.041 0.134 0.102 0.111 0.006 0.164 0.010 0.016 0.023 0.009 0.057 0.004 0.092 0.146 0.068 0.017 
185 QAc-W-0170    (0)   17 :  0.042 0.132 0.104 0.114 0.013 0.148 0.003 0.009 0.012 0.006 0.062 0.005 0.110 0.156 0.028 0.057 
186 QAc-W-0172    (0)   17 :  0.061 0.137 0.091 0.134 0.008 0.182 0.002 0.005 0.009 0.002 0.053 0.016 0.134 0.142 0.013 0.011 
187 QAc-W-0173    (0)   17 :  0.043 0.168 0.140 0.162 0.014 0.062 0.004 0.005 0.013 0.011 0.108 0.005 0.105 0.123 0.021 0.015 
188 QAc-W-0174    (0)   17 :  0.041 0.167 0.150 0.154 0.010 0.079 0.010 0.010 0.004 0.011 0.114 0.004 0.095 0.115 0.027 0.009 


Estimated Allele Frequencies in each cluster
First column gives estimated ancestral frequencies


Locus 1 : 
18 alleles
0.0% missing data
 210   (0.115) 0.181 0.109 0.128 0.115 0.184 0.118 0.007 0.258 0.018 0.023 0.108 0.031 0.105 0.118 0.089 0.072 
 212   (0.114) 0.208 0.122 0.117 0.119 0.073 0.112 0.198 0.034 0.049 0.015 0.204 0.023 0.127 0.119 0.095 0.402 
 202   (0.059) 0.110 0.049 0.043 0.051 0.007 0.055 0.004 0.017 0.069 0.007 0.087 0.301 0.046 0.058 0.025 0.036 
 226   (0.046) 0.020 0.034 0.028 0.034 0.005 0.043 0.241 0.025 0.005 0.133 0.026 0.217 0.028 0.040 0.035 0.005 
 216   (0.071) 0.103 0.061 0.067 0.061 0.140 0.066 0.005 0.050 0.019 0.057 0.123 0.182 0.057 0.065 0.035 0.009 
 200   (0.243) 0.169 0.297 0.261 0.301 0.150 0.241 0.512 0.198 0.510 0.134 0.215 0.121 0.352 0.255 0.154 0.375 
 224   (0.043) 0.024 0.045 0.034 0.046 0.006 0.042 0.004 0.011 0.009 0.260 0.033 0.010 0.048 0.043 0.025 0.022 
 218   (0.055) 0.073 0.045 0.072 0.044 0.151 0.052 0.004 0.013 0.083 0.018 0.075 0.010 0.041 0.053 0.042 0.011 
 228   (0.012) 0.003 0.008 0.006 0.008 0.001 0.010 0.001 0.003 0.001 0.125 0.004 0.002 0.006 0.009 0.004 0.001 
 214   (0.062) 0.023 0.056 0.052 0.054 0.021 0.088 0.013 0.163 0.007 0.206 0.027 0.042 0.047 0.059 0.421 0.007 
 208   (0.062) 0.042 0.071 0.061 0.071 0.007 0.062 0.005 0.081 0.211 0.007 0.050 0.019 0.060 0.067 0.029 0.044 
 220   (0.029) 0.012 0.031 0.028 0.028 0.010 0.030 0.002 0.007 0.003 0.004 0.016 0.005 0.024 0.032 0.014 0.006 
 196   (0.010) 0.004 0.008 0.007 0.008 0.001 0.009 0.001 0.002 0.001 0.001 0.004 0.002 0.007 0.009 0.004 0.001 
 238   (0.011) 0.004 0.011 0.009 0.010 0.002 0.011 0.001 0.003 0.001 0.002 0.006 0.002 0.008 0.011 0.004 0.001 
 206   (0.020) 0.007 0.015 0.019 0.014 0.025 0.018 0.001 0.060 0.003 0.002 0.007 0.004 0.014 0.018 0.007 0.002 
 190   (0.011) 0.004 0.008 0.007 0.008 0.001 0.010 0.001 0.002 0.001 0.001 0.003 0.002 0.007 0.010 0.003 0.001 
 222   (0.026) 0.009 0.021 0.054 0.019 0.213 0.022 0.002 0.006 0.008 0.004 0.009 0.026 0.016 0.024 0.010 0.003 
 232   (0.013) 0.004 0.009 0.007 0.009 0.001 0.012 0.001 0.065 0.001 0.001 0.004 0.003 0.008 0.011 0.005 0.001 

Locus 2 : 
15 alleles
2.1% missing data
 171   (0.203) 0.191 0.219 0.180 0.218 0.062 0.203 0.017 0.457 0.309 0.042 0.214 0.243 0.245 0.202 0.223 0.425 
 175   (0.098) 0.226 0.086 0.077 0.087 0.025 0.109 0.027 0.027 0.045 0.029 0.158 0.202 0.085 0.092 0.246 0.056 
 185   (0.052) 0.094 0.047 0.084 0.045 0.221 0.053 0.005 0.013 0.008 0.016 0.050 0.012 0.041 0.055 0.023 0.006 
 179   (0.075) 0.029 0.085 0.116 0.077 0.269 0.074 0.036 0.019 0.009 0.486 0.038 0.240 0.066 0.083 0.040 0.010 
 181   (0.092) 0.207 0.094 0.073 0.095 0.011 0.086 0.560 0.119 0.033 0.051 0.249 0.033 0.107 0.089 0.070 0.124 
 173   (0.189) 0.104 0.190 0.183 0.204 0.199 0.187 0.329 0.171 0.186 0.152 0.117 0.178 0.218 0.182 0.213 0.221 
 177   (0.035) 0.013 0.028 0.040 0.028 0.083 0.033 0.003 0.010 0.004 0.179 0.013 0.006 0.024 0.033 0.037 0.004 
 187   (0.093) 0.043 0.105 0.098 0.100 0.024 0.097 0.008 0.045 0.109 0.026 0.055 0.018 0.081 0.103 0.085 0.121 
 183   (0.063) 0.038 0.065 0.076 0.067 0.084 0.063 0.006 0.096 0.008 0.007 0.041 0.017 0.062 0.067 0.027 0.008 
 189   (0.032) 0.012 0.028 0.027 0.028 0.015 0.029 0.003 0.008 0.281 0.004 0.014 0.005 0.026 0.030 0.014 0.018 
 191   (0.019) 0.025 0.015 0.012 0.015 0.002 0.018 0.002 0.025 0.003 0.003 0.035 0.036 0.013 0.017 0.008 0.002 
 163   (0.013) 0.004 0.009 0.008 0.009 0.001 0.012 0.001 0.003 0.001 0.001 0.004 0.002 0.008 0.012 0.004 0.001 
 165   (0.012) 0.004 0.009 0.008 0.009 0.001 0.012 0.001 0.003 0.001 0.001 0.004 0.002 0.007 0.011 0.004 0.001 
 193   (0.011) 0.004 0.010 0.010 0.008 0.001 0.011 0.001 0.002 0.001 0.001 0.005 0.002 0.007 0.012 0.004 0.001 
 167   (0.013) 0.005 0.010 0.009 0.010 0.001 0.011 0.001 0.003 0.001 0.001 0.004 0.002 0.009 0.011 0.004 0.001 

Locus 3 : 
4 alleles
1.1% missing data
 206   (0.889) 0.946 0.901 0.914 0.902 0.985 0.895 0.989 0.901 0.689 0.884 0.947 0.891 0.917 0.894 0.936 0.984 
 208   (0.057) 0.022 0.049 0.044 0.048 0.008 0.055 0.004 0.067 0.305 0.052 0.023 0.011 0.041 0.054 0.044 0.010 
 204   (0.039) 0.025 0.032 0.028 0.032 0.005 0.036 0.006 0.029 0.005 0.063 0.019 0.096 0.028 0.036 0.014 0.005 
 212   (0.014) 0.008 0.017 0.014 0.018 0.002 0.014 0.001 0.003 0.002 0.002 0.011 0.002 0.014 0.016 0.005 0.002 

Locus 4 : 
15 alleles
1.1% missing data
 165   (0.081) 0.351 0.089 0.068 0.096 0.010 0.077 0.005 0.021 0.014 0.303 0.275 0.048 0.099 0.082 0.071 0.031 
 163   (0.193) 0.101 0.226 0.236 0.236 0.286 0.202 0.015 0.267 0.091 0.079 0.129 0.083 0.227 0.217 0.179 0.061 
 167   (0.144) 0.088 0.137 0.142 0.138 0.143 0.145 0.010 0.100 0.242 0.019 0.106 0.476 0.130 0.141 0.169 0.193 
 161   (0.352) 0.235 0.351 0.376 0.337 0.490 0.359 0.954 0.430 0.470 0.574 0.225 0.329 0.362 0.341 0.453 0.675 
 153   (0.016) 0.008 0.016 0.011 0.017 0.002 0.014 0.001 0.004 0.011 0.002 0.011 0.003 0.022 0.013 0.006 0.003 
 173   (0.033) 0.131 0.027 0.024 0.024 0.004 0.033 0.002 0.024 0.004 0.004 0.165 0.006 0.022 0.031 0.047 0.004 
 171   (0.038) 0.018 0.036 0.036 0.038 0.005 0.039 0.003 0.047 0.005 0.004 0.018 0.031 0.037 0.042 0.020 0.004 
 179   (0.012) 0.005 0.010 0.008 0.009 0.001 0.011 0.001 0.003 0.002 0.001 0.005 0.002 0.008 0.011 0.004 0.003 
 157   (0.025) 0.010 0.019 0.016 0.018 0.003 0.022 0.002 0.017 0.145 0.003 0.009 0.004 0.016 0.021 0.009 0.013 
 149   (0.013) 0.004 0.009 0.007 0.008 0.002 0.011 0.001 0.027 0.001 0.001 0.004 0.002 0.007 0.010 0.006 0.001 
 177   (0.021) 0.015 0.021 0.017 0.024 0.003 0.021 0.001 0.006 0.003 0.002 0.016 0.004 0.021 0.022 0.009 0.004 
 155   (0.018) 0.006 0.015 0.014 0.014 0.003 0.018 0.001 0.004 0.006 0.002 0.006 0.003 0.012 0.018 0.006 0.002 
 175   (0.011) 0.005 0.009 0.007 0.009 0.001 0.010 0.001 0.010 0.001 0.001 0.004 0.002 0.007 0.010 0.004 0.001 
 169   (0.023) 0.016 0.019 0.018 0.017 0.003 0.022 0.001 0.035 0.003 0.002 0.019 0.004 0.015 0.022 0.010 0.003 
 159   (0.020) 0.007 0.016 0.019 0.015 0.047 0.018 0.001 0.005 0.002 0.002 0.007 0.003 0.014 0.018 0.007 0.002 

Locus 5 : 
16 alleles
0.0% missing data
 148   (0.116) 0.285 0.109 0.106 0.111 0.051 0.109 0.364 0.095 0.103 0.049 0.165 0.028 0.106 0.118 0.040 0.197 
 160   (0.027) 0.050 0.021 0.017 0.019 0.003 0.023 0.002 0.027 0.004 0.003 0.034 0.062 0.019 0.023 0.008 0.004 
 154   (0.074) 0.041 0.071 0.103 0.070 0.227 0.073 0.010 0.020 0.018 0.169 0.044 0.054 0.064 0.077 0.056 0.009 
 150   (0.061) 0.027 0.057 0.046 0.059 0.007 0.086 0.013 0.075 0.064 0.010 0.034 0.013 0.062 0.057 0.379 0.029 
 138   (0.123) 0.122 0.119 0.139 0.116 0.245 0.116 0.009 0.091 0.025 0.180 0.139 0.314 0.112 0.118 0.061 0.059 
 166   (0.031) 0.015 0.022 0.019 0.022 0.004 0.027 0.002 0.199 0.034 0.003 0.018 0.255 0.019 0.026 0.011 0.005 
 146   (0.099) 0.117 0.096 0.080 0.090 0.019 0.093 0.333 0.092 0.033 0.233 0.133 0.076 0.078 0.099 0.041 0.029 
 164   (0.016) 0.006 0.013 0.011 0.013 0.002 0.015 0.001 0.004 0.002 0.002 0.007 0.038 0.012 0.015 0.005 0.002 
 142   (0.019) 0.006 0.013 0.015 0.013 0.017 0.032 0.008 0.006 0.002 0.002 0.007 0.003 0.011 0.016 0.182 0.002 
 144   (0.152) 0.083 0.166 0.159 0.167 0.147 0.145 0.227 0.244 0.070 0.300 0.106 0.059 0.183 0.154 0.088 0.383 
 140   (0.083) 0.045 0.093 0.113 0.086 0.217 0.079 0.007 0.021 0.187 0.010 0.059 0.017 0.079 0.089 0.029 0.242 
 158   (0.047) 0.066 0.052 0.042 0.058 0.018 0.044 0.004 0.030 0.010 0.005 0.080 0.032 0.073 0.044 0.020 0.012 
 162   (0.027) 0.068 0.028 0.022 0.027 0.003 0.027 0.002 0.008 0.003 0.003 0.092 0.005 0.022 0.028 0.021 0.005 
 152   (0.089) 0.050 0.104 0.097 0.116 0.036 0.095 0.016 0.039 0.438 0.026 0.058 0.019 0.130 0.101 0.044 0.017 
 134   (0.017) 0.007 0.016 0.015 0.015 0.002 0.017 0.001 0.044 0.002 0.002 0.007 0.003 0.013 0.016 0.010 0.002 
 156   (0.020) 0.013 0.020 0.016 0.018 0.002 0.019 0.001 0.005 0.003 0.002 0.017 0.022 0.017 0.020 0.007 0.004 

Locus 6 : 
12 alleles
0.0% missing data
 225   (0.042) 0.139 0.035 0.038 0.036 0.019 0.040 0.292 0.010 0.010 0.006 0.059 0.007 0.031 0.039 0.032 0.005 
 239   (0.103) 0.066 0.100 0.085 0.099 0.018 0.099 0.427 0.051 0.014 0.232 0.057 0.240 0.096 0.098 0.057 0.111 
 229   (0.017) 0.182 0.012 0.010 0.012 0.002 0.014 0.001 0.004 0.002 0.002 0.147 0.003 0.012 0.014 0.005 0.002 
 235   (0.297) 0.298 0.314 0.344 0.310 0.490 0.319 0.228 0.141 0.272 0.312 0.365 0.090 0.313 0.307 0.498 0.410 
 237   (0.210) 0.110 0.224 0.220 0.228 0.163 0.211 0.026 0.178 0.203 0.264 0.131 0.067 0.218 0.225 0.153 0.272 
 233   (0.100) 0.074 0.098 0.074 0.094 0.016 0.093 0.010 0.091 0.456 0.157 0.090 0.253 0.108 0.090 0.077 0.167 
 227   (0.032) 0.011 0.024 0.021 0.023 0.004 0.030 0.002 0.401 0.003 0.003 0.011 0.278 0.021 0.028 0.033 0.003 
 245   (0.069) 0.037 0.076 0.087 0.078 0.142 0.068 0.005 0.022 0.023 0.008 0.044 0.023 0.092 0.070 0.035 0.014 
 241   (0.038) 0.045 0.032 0.031 0.032 0.023 0.036 0.003 0.036 0.007 0.007 0.052 0.014 0.029 0.035 0.035 0.005 
 231   (0.052) 0.023 0.053 0.052 0.056 0.055 0.053 0.003 0.024 0.005 0.006 0.028 0.017 0.051 0.058 0.055 0.006 
 243   (0.028) 0.012 0.023 0.031 0.024 0.067 0.025 0.002 0.040 0.003 0.003 0.012 0.005 0.024 0.026 0.015 0.005 
 251   (0.011) 0.004 0.009 0.008 0.008 0.001 0.011 0.001 0.003 0.001 0.001 0.003 0.002 0.007 0.011 0.003 0.001 

Locus 7 : 
5 alleles
0.0% missing data
 118   (0.916) 0.966 0.926 0.941 0.926 0.990 0.897 0.993 0.978 0.925 0.991 0.959 0.680 0.928 0.924 0.639 0.938 
 124   (0.043) 0.019 0.038 0.029 0.038 0.005 0.037 0.003 0.010 0.070 0.004 0.021 0.312 0.042 0.038 0.013 0.058 
 116   (0.013) 0.004 0.008 0.007 0.008 0.001 0.039 0.002 0.005 0.001 0.001 0.005 0.002 0.007 0.010 0.336 0.001 
 114   (0.017) 0.008 0.018 0.015 0.018 0.002 0.015 0.001 0.004 0.003 0.002 0.010 0.004 0.016 0.017 0.006 0.002 
 122   (0.012) 0.004 0.010 0.008 0.009 0.001 0.011 0.001 0.003 0.001 0.001 0.005 0.002 0.008 0.011 0.005 0.001 

Locus 8 : 
5 alleles
0.0% missing data
 135   (0.055) 0.052 0.064 0.058 0.077 0.027 0.051 0.012 0.013 0.014 0.007 0.051 0.010 0.100 0.061 0.020 0.028 
 139   (0.751) 0.803 0.775 0.747 0.767 0.671 0.742 0.915 0.653 0.930 0.956 0.792 0.947 0.753 0.759 0.606 0.913 
 137   (0.146) 0.128 0.123 0.150 0.120 0.236 0.161 0.070 0.322 0.051 0.033 0.140 0.034 0.116 0.135 0.355 0.054 
 143   (0.034) 0.012 0.029 0.032 0.026 0.037 0.033 0.002 0.008 0.004 0.004 0.013 0.006 0.024 0.034 0.015 0.004 
 141   (0.014) 0.005 0.010 0.013 0.010 0.030 0.012 0.001 0.003 0.002 0.001 0.005 0.002 0.008 0.012 0.004 0.002 

Locus 9 : 
11 alleles
0.0% missing data
 116   (0.287) 0.448 0.307 0.302 0.331 0.308 0.279 0.371 0.119 0.509 0.183 0.353 0.111 0.354 0.293 0.203 0.281 
 112   (0.089) 0.072 0.091 0.103 0.084 0.172 0.088 0.012 0.022 0.037 0.371 0.063 0.016 0.078 0.091 0.040 0.077 
 122   (0.064) 0.023 0.050 0.043 0.050 0.011 0.064 0.427 0.256 0.010 0.294 0.025 0.296 0.050 0.056 0.134 0.008 
 114   (0.219) 0.129 0.231 0.246 0.225 0.299 0.215 0.022 0.237 0.357 0.047 0.156 0.058 0.216 0.228 0.094 0.343 
 120   (0.043) 0.015 0.033 0.031 0.032 0.020 0.039 0.003 0.011 0.005 0.022 0.015 0.208 0.029 0.038 0.014 0.145 
 130   (0.037) 0.022 0.037 0.026 0.038 0.004 0.033 0.003 0.076 0.006 0.004 0.024 0.169 0.049 0.033 0.012 0.042 
 118   (0.124) 0.236 0.130 0.133 0.123 0.143 0.122 0.020 0.054 0.042 0.019 0.300 0.116 0.123 0.129 0.062 0.075 
 124   (0.062) 0.023 0.053 0.052 0.052 0.034 0.072 0.137 0.074 0.007 0.051 0.027 0.011 0.044 0.058 0.211 0.007 
 126   (0.038) 0.016 0.030 0.029 0.031 0.004 0.052 0.003 0.142 0.009 0.004 0.015 0.009 0.029 0.035 0.216 0.018 
 108   (0.014) 0.006 0.016 0.016 0.011 0.002 0.016 0.001 0.003 0.001 0.001 0.009 0.002 0.010 0.017 0.006 0.001 
 128   (0.022) 0.009 0.023 0.020 0.023 0.003 0.021 0.002 0.005 0.017 0.002 0.012 0.004 0.017 0.023 0.008 0.003 

Locus 10 : 
4 alleles
0.0% missing data
 232   (0.892) 0.957 0.906 0.903 0.912 0.930 0.895 0.993 0.689 0.987 0.988 0.952 0.972 0.917 0.894 0.957 0.944 
 238   (0.080) 0.032 0.067 0.072 0.066 0.067 0.077 0.006 0.305 0.010 0.009 0.033 0.023 0.063 0.076 0.033 0.053 
 234   (0.016) 0.007 0.017 0.017 0.012 0.002 0.016 0.001 0.003 0.002 0.002 0.009 0.002 0.011 0.018 0.006 0.002 
 244   (0.013) 0.004 0.011 0.009 0.010 0.001 0.012 0.001 0.003 0.001 0.001 0.006 0.002 0.009 0.012 0.004 0.002 

Locus 11 : 
7 alleles
0.0% missing data
 165   (0.762) 0.876 0.773 0.800 0.781 0.927 0.746 0.774 0.892 0.920 0.800 0.847 0.928 0.793 0.762 0.563 0.777 
 167   (0.077) 0.051 0.062 0.057 0.060 0.029 0.095 0.216 0.022 0.010 0.183 0.055 0.023 0.053 0.070 0.333 0.013 
 161   (0.113) 0.056 0.126 0.103 0.124 0.013 0.113 0.008 0.076 0.065 0.013 0.079 0.041 0.124 0.122 0.086 0.204 
 155   (0.012) 0.004 0.009 0.008 0.009 0.001 0.011 0.001 0.003 0.001 0.001 0.004 0.002 0.007 0.011 0.003 0.001 
 173   (0.012) 0.004 0.011 0.010 0.009 0.001 0.012 0.001 0.003 0.001 0.001 0.006 0.002 0.008 0.012 0.004 0.001 
 163   (0.013) 0.004 0.010 0.014 0.009 0.027 0.012 0.001 0.003 0.001 0.001 0.004 0.002 0.008 0.012 0.007 0.001 
 171   (0.012) 0.004 0.009 0.008 0.009 0.001 0.011 0.001 0.003 0.001 0.001 0.004 0.002 0.009 0.011 0.003 0.001 

Locus 12 : 
8 alleles
0.0% missing data
 137   (0.515) 0.411 0.520 0.581 0.522 0.817 0.537 0.456 0.537 0.340 0.417 0.472 0.843 0.506 0.529 0.701 0.245 
 140   (0.155) 0.227 0.165 0.136 0.162 0.059 0.146 0.015 0.075 0.582 0.056 0.186 0.032 0.197 0.148 0.071 0.500 
 134   (0.251) 0.331 0.244 0.215 0.246 0.087 0.244 0.523 0.321 0.059 0.519 0.305 0.111 0.241 0.248 0.198 0.246 
 149   (0.013) 0.005 0.010 0.009 0.009 0.001 0.012 0.001 0.003 0.001 0.001 0.004 0.002 0.008 0.011 0.004 0.001 
 143   (0.016) 0.006 0.011 0.011 0.012 0.002 0.014 0.002 0.045 0.002 0.002 0.006 0.004 0.011 0.014 0.005 0.002 
 128   (0.012) 0.004 0.009 0.008 0.009 0.001 0.011 0.001 0.009 0.001 0.001 0.005 0.002 0.008 0.011 0.004 0.001 
 125   (0.020) 0.007 0.016 0.019 0.014 0.030 0.018 0.001 0.005 0.013 0.002 0.007 0.003 0.012 0.018 0.009 0.003 
 146   (0.019) 0.009 0.025 0.022 0.025 0.002 0.019 0.001 0.004 0.002 0.002 0.016 0.003 0.018 0.023 0.007 0.002 

Locus 13 : 
19 alleles
0.5% missing data
 206   (0.128) 0.320 0.111 0.117 0.109 0.151 0.123 0.051 0.067 0.258 0.029 0.251 0.217 0.098 0.119 0.113 0.174 
 210   (0.098) 0.199 0.101 0.082 0.104 0.024 0.092 0.409 0.027 0.169 0.043 0.204 0.018 0.123 0.094 0.048 0.153 
 190   (0.073) 0.034 0.076 0.087 0.079 0.113 0.073 0.005 0.017 0.088 0.012 0.040 0.032 0.074 0.076 0.039 0.009 
 202   (0.085) 0.049 0.092 0.079 0.105 0.012 0.095 0.008 0.261 0.034 0.014 0.057 0.522 0.124 0.089 0.213 0.012 
 214   (0.043) 0.017 0.036 0.032 0.036 0.005 0.039 0.251 0.011 0.067 0.145 0.018 0.008 0.030 0.039 0.016 0.022 
 212   (0.034) 0.011 0.030 0.094 0.027 0.416 0.031 0.185 0.008 0.004 0.004 0.013 0.006 0.024 0.034 0.021 0.004 
 192   (0.105) 0.079 0.130 0.104 0.127 0.038 0.106 0.008 0.029 0.092 0.013 0.100 0.061 0.142 0.111 0.064 0.270 
 204   (0.038) 0.016 0.037 0.036 0.036 0.016 0.038 0.017 0.015 0.021 0.063 0.016 0.017 0.035 0.037 0.019 0.010 
 184   (0.057) 0.064 0.053 0.069 0.050 0.092 0.055 0.004 0.013 0.018 0.007 0.080 0.010 0.047 0.057 0.023 0.023 
 216   (0.020) 0.009 0.020 0.013 0.019 0.002 0.018 0.001 0.004 0.012 0.002 0.010 0.003 0.020 0.017 0.006 0.271 
 208   (0.046) 0.024 0.046 0.039 0.048 0.049 0.041 0.018 0.011 0.187 0.005 0.028 0.010 0.061 0.043 0.018 0.021 
 198   (0.037) 0.018 0.051 0.046 0.054 0.005 0.039 0.002 0.008 0.004 0.004 0.029 0.019 0.046 0.050 0.016 0.004 
 194   (0.068) 0.038 0.057 0.049 0.055 0.012 0.083 0.006 0.201 0.021 0.587 0.049 0.021 0.048 0.063 0.277 0.008 
 186   (0.018) 0.006 0.013 0.011 0.013 0.002 0.016 0.011 0.005 0.002 0.050 0.006 0.003 0.011 0.015 0.009 0.002 
 188   (0.021) 0.009 0.018 0.015 0.017 0.002 0.020 0.001 0.036 0.004 0.002 0.009 0.003 0.015 0.019 0.008 0.004 
 200   (0.067) 0.080 0.061 0.062 0.060 0.034 0.069 0.018 0.270 0.011 0.012 0.054 0.036 0.052 0.066 0.079 0.007 
 196   (0.039) 0.017 0.045 0.041 0.043 0.023 0.039 0.003 0.010 0.005 0.005 0.024 0.007 0.034 0.043 0.022 0.004 
 220   (0.011) 0.004 0.008 0.007 0.008 0.001 0.010 0.001 0.003 0.001 0.001 0.004 0.006 0.007 0.009 0.003 0.001 
 180   (0.013) 0.006 0.015 0.016 0.010 0.001 0.015 0.001 0.003 0.001 0.001 0.009 0.002 0.010 0.016 0.006 0.001 

Locus 14 : 
8 alleles
1.1% missing data
 139   (0.077) 0.079 0.067 0.054 0.064 0.009 0.074 0.186 0.059 0.011 0.163 0.081 0.041 0.070 0.069 0.108 0.232 
 145   (0.066) 0.122 0.063 0.087 0.056 0.157 0.068 0.010 0.037 0.012 0.011 0.089 0.013 0.051 0.068 0.035 0.022 
 151   (0.297) 0.392 0.295 0.316 0.296 0.396 0.284 0.338 0.284 0.653 0.539 0.383 0.348 0.317 0.288 0.195 0.180 
 157   (0.354) 0.290 0.388 0.353 0.410 0.280 0.361 0.159 0.320 0.282 0.159 0.319 0.470 0.407 0.370 0.429 0.496 
 154   (0.102) 0.046 0.097 0.108 0.090 0.124 0.108 0.301 0.029 0.030 0.117 0.052 0.018 0.078 0.104 0.137 0.057 
 163   (0.042) 0.047 0.035 0.030 0.035 0.005 0.042 0.003 0.012 0.005 0.005 0.051 0.097 0.033 0.040 0.049 0.005 
 160   (0.032) 0.012 0.026 0.023 0.024 0.004 0.031 0.002 0.242 0.004 0.003 0.012 0.006 0.022 0.030 0.014 0.003 
 142   (0.029) 0.011 0.028 0.029 0.025 0.025 0.031 0.002 0.017 0.004 0.003 0.013 0.006 0.023 0.030 0.034 0.005 

Locus 15 : 
13 alleles
1.6% missing data
 256   (0.153) 0.142 0.125 0.131 0.126 0.135 0.152 0.078 0.158 0.169 0.121 0.143 0.129 0.115 0.141 0.184 0.159 
 262   (0.023) 0.202 0.017 0.014 0.016 0.003 0.033 0.001 0.008 0.002 0.002 0.128 0.004 0.013 0.020 0.160 0.003 
 246   (0.113) 0.170 0.134 0.110 0.143 0.031 0.112 0.008 0.106 0.093 0.013 0.159 0.023 0.145 0.120 0.103 0.140 
 258   (0.178) 0.101 0.208 0.186 0.215 0.166 0.182 0.014 0.161 0.235 0.023 0.129 0.525 0.265 0.184 0.201 0.282 
 254   (0.109) 0.048 0.098 0.100 0.096 0.067 0.106 0.162 0.081 0.164 0.334 0.048 0.179 0.086 0.108 0.072 0.028 
 250   (0.033) 0.012 0.025 0.027 0.025 0.020 0.031 0.641 0.011 0.003 0.085 0.011 0.009 0.022 0.029 0.018 0.003 
 242   (0.103) 0.130 0.119 0.128 0.111 0.177 0.105 0.070 0.062 0.012 0.154 0.167 0.023 0.093 0.116 0.072 0.012 
 252   (0.065) 0.082 0.063 0.061 0.066 0.034 0.066 0.007 0.022 0.031 0.046 0.096 0.014 0.067 0.064 0.062 0.027 
 248   (0.129) 0.062 0.123 0.150 0.117 0.299 0.124 0.011 0.357 0.038 0.211 0.070 0.079 0.119 0.126 0.093 0.324 
 260   (0.041) 0.019 0.040 0.036 0.038 0.005 0.039 0.003 0.021 0.246 0.004 0.019 0.007 0.034 0.040 0.016 0.017 
 264   (0.015) 0.006 0.018 0.016 0.018 0.002 0.015 0.001 0.004 0.002 0.002 0.010 0.002 0.014 0.017 0.006 0.002 
 244   (0.026) 0.022 0.020 0.032 0.020 0.060 0.024 0.002 0.007 0.003 0.003 0.015 0.005 0.018 0.024 0.012 0.003 
 276   (0.012) 0.004 0.009 0.008 0.009 0.001 0.011 0.001 0.003 0.001 0.001 0.004 0.002 0.007 0.011 0.004 0.001 

Values of parameters used in structure:
DATAFILE=G:\Shared drives\Emily_Schumacher\QUAC_analyses\QUAC_structure_wild_relate\QUAC_allpop_relate_red_12_15_21\project_data,	OUTFILE=G:\Shared drives\Emily_Schumacher\QUAC_analyses\QUAC_structure_wild_relate\QUAC_allpop_relate_red_12_15_21\50-100\Results\50-100_run_79,	NUMINDS=188,	NUMLOCI=15,	MISSING=-9,	LABEL=1,	POPDATA=1,	POPFLAG=0,	PHENOTYPE=0,	EXTRACOLS=0,	MAXPOPS=16,	BURNIN=50000,	NUMREPS=100000,	USEPOPINFO=0,	INFERALPHA=1,	INFERLAMBDA=0,	POPSPECIFICLAMBDA=0,	POPALPHAS=0,	COMPUTEPROB=1,	NOADMIX=0,	ADMBURNIN=2500,	UPDATEFREQ=1,	PRINTLIKES=0,	INTERMEDSAVE=0,	PRINTKLD=0,	PRINTNET=0,	PRINTLAMBDA=0,	ANCESTDIST=0,	NUMBOXES=1000,	ANCESTPINT=0.90000,	GENSBACK=2,	MIGRPRIOR=0.05000,	PRINTQHAT=0,	PRINTQSUM=0,	ALPHA=1.0000,	FREQSCORR=1,	FPRIORMEAN=0.0100,	FPRIORSD=0.0500,	ONEFST=0,	LAMBDA=1.0000,	UNIFPRIORALPHA=1,	ALPHAMAX=10.0000,	ALPHAPRIORA=1.0000,	ALPHAPRIORB=2.0000,	ALPHAPROPSD=0.0250,	STARTATPOPINFO=0,	RANDOMIZE=1,	LINKAGE=0,	METROFREQ=10,	REPORTHITRATE=0,	MARKOVPHASE=-1,	PHASED=0,	PLOIDY=2,	PHASEINFO=0	LOCPRIOR=0, 	LOCPRIORINIT=1.000000, 	LOCDATA=0, 	LOCISPOP=0, 	LOCPRIORSTEP=0.100000, 	MAXLOCPRIOR=20.000000, 	SEED=1639612180,	
[STRAT parameters]:    NUMSIMSTATS=1000,	PHENOTYPECOL=-9,	POOLFREQ=10,	LOCUSxONLY=0,	EMERROR=0.00100,	MISSINGPHENO=-9,	