

----------------------------------------------------
STRUCTURE by Pritchard, Stephens and Donnelly (2000)
     and Falush, Stephens and Pritchard (2003)
       Code by Pritchard, Falush and Hubisz
             Version 2.3.4 (Jul 2012)
----------------------------------------------------



Command line arguments:   bin\structure -m G:\Shared drives\Emily_Schumacher\QUAC_analyses\QUAC_structure_wild_relate\QUAC_allpop_relate_red_12_15_21\50-100\mainparams -e G:\Shared drives\Emily_Schumacher\QUAC_analyses\QUAC_structure_wild_relate\QUAC_allpop_relate_red_12_15_21\50-100\extraparams 
Input File:    G:\Shared drives\Emily_Schumacher\QUAC_analyses\QUAC_structure_wild_relate\QUAC_allpop_relate_red_12_15_21\project_data

Run parameters:
   188 individuals
   15 loci
   14 populations assumed
   50000 Burn-in period
   100000 Reps


--------------------------------------------
Proportion of membership of each pre-defined
 population in each of the 14 clusters

Given    Inferred Clusters                                                                                    Number of
 Pop       1      2      3      4      5      6      7      8      9     10     11     12     13     14      Individuals

  1:     0.005  0.010  0.004  0.889  0.009  0.005  0.006  0.013  0.008  0.016  0.009  0.006  0.010  0.012        2
  2:     0.047  0.339  0.007  0.045  0.029  0.022  0.196  0.050  0.026  0.117  0.029  0.019  0.030  0.043       17
  3:     0.013  0.238  0.091  0.057  0.045  0.029  0.014  0.067  0.046  0.224  0.051  0.013  0.048  0.064       19
  4:     0.018  0.014  0.015  0.114  0.056  0.072  0.012  0.098  0.039  0.338  0.057  0.019  0.066  0.083       10
  5:     0.010  0.837  0.006  0.010  0.014  0.028  0.004  0.015  0.011  0.018  0.014  0.007  0.013  0.014        2
  6:     0.019  0.012  0.136  0.008  0.032  0.006  0.167  0.028  0.039  0.435  0.039  0.014  0.031  0.035        2
  7:     0.167  0.518  0.024  0.009  0.039  0.010  0.011  0.047  0.028  0.006  0.045  0.010  0.050  0.037        1
  8:     0.008  0.920  0.004  0.006  0.006  0.006  0.005  0.006  0.006  0.006  0.005  0.008  0.006  0.006        1
  9:     0.012  0.018  0.012  0.005  0.101  0.005  0.006  0.097  0.215  0.008  0.164  0.092  0.099  0.167        1
 10:     0.010  0.013  0.386  0.006  0.073  0.011  0.160  0.049  0.052  0.008  0.081  0.014  0.087  0.050        6
 11:     0.030  0.139  0.163  0.015  0.058  0.046  0.098  0.063  0.056  0.115  0.066  0.025  0.067  0.060       16
 12:     0.010  0.019  0.011  0.018  0.066  0.021  0.004  0.041  0.141  0.013  0.072  0.461  0.071  0.052        1
 13:     0.016  0.016  0.022  0.028  0.038  0.424  0.012  0.068  0.041  0.175  0.039  0.020  0.042  0.058       33
 14:     0.150  0.389  0.158  0.010  0.023  0.010  0.093  0.026  0.021  0.019  0.027  0.023  0.024  0.026       21
 15:     0.048  0.011  0.011  0.738  0.020  0.014  0.028  0.020  0.018  0.021  0.020  0.011  0.020  0.020       14
 16:     0.015  0.016  0.011  0.013  0.051  0.017  0.010  0.030  0.104  0.019  0.030  0.625  0.026  0.034       35
 17:     0.018  0.013  0.011  0.009  0.127  0.011  0.007  0.113  0.198  0.019  0.157  0.039  0.127  0.151        7
--------------------------------------------

Allele-freq. divergence among pops (Net nucleotide distance),
computed using point estimates of P.

      1       2       3       4       5       6       7       8       9      10      11      12      13      14      
 1      -    0.0780  0.0530  0.0821  0.0352  0.0975  0.0755  0.0402  0.0380  0.0764  0.0348  0.0602  0.0345  0.0389  
 2   0.0780     -    0.0756  0.0831  0.0494  0.0982  0.0970  0.0539  0.0531  0.0765  0.0503  0.0720  0.0499  0.0529  
 3   0.0530  0.0756     -    0.0805  0.0281  0.0834  0.0633  0.0317  0.0296  0.0617  0.0276  0.0540  0.0272  0.0307  
 4   0.0821  0.0831  0.0805     -    0.0407  0.0855  0.0965  0.0440  0.0438  0.0769  0.0412  0.0684  0.0403  0.0431  
 5   0.0352  0.0494  0.0281  0.0407     -    0.0437  0.0497  0.0025  0.0007  0.0320  0.0002  0.0213  0.0002  0.0014  
 6   0.0975  0.0982  0.0834  0.0855  0.0437     -    0.0943  0.0379  0.0471  0.0533  0.0443  0.0760  0.0426  0.0405  
 7   0.0755  0.0970  0.0633  0.0965  0.0497  0.0943     -    0.0526  0.0531  0.0923  0.0501  0.0727  0.0492  0.0520  
 8   0.0402  0.0539  0.0317  0.0440  0.0025  0.0379  0.0526     -    0.0034  0.0260  0.0023  0.0289  0.0020  0.0003  
 9   0.0380  0.0531  0.0296  0.0438  0.0007  0.0471  0.0531  0.0034     -    0.0347  0.0008  0.0187  0.0012  0.0019  
10   0.0764  0.0765  0.0617  0.0769  0.0320  0.0533  0.0923  0.0260  0.0347     -    0.0320  0.0646  0.0312  0.0280  
11   0.0348  0.0503  0.0276  0.0412  0.0002  0.0443  0.0501  0.0023  0.0008  0.0320     -    0.0246  0.0001  0.0012  
12   0.0602  0.0720  0.0540  0.0684  0.0213  0.0760  0.0727  0.0289  0.0187  0.0646  0.0246     -    0.0245  0.0273  
13   0.0345  0.0499  0.0272  0.0403  0.0002  0.0426  0.0492  0.0020  0.0012  0.0312  0.0001  0.0245     -    0.0011  
14   0.0389  0.0529  0.0307  0.0431  0.0014  0.0405  0.0520  0.0003  0.0019  0.0280  0.0012  0.0273  0.0011     -    

Average distances (expected heterozygosity) between individuals in same cluster:
cluster  1  : 0.6211 
cluster  2  : 0.5056 
cluster  3  : 0.6055 
cluster  4  : 0.5369 
cluster  5  : 0.6421 
cluster  6  : 0.5214 
cluster  7  : 0.5308 
cluster  8  : 0.6201 
cluster  9  : 0.6317 
cluster 10  : 0.5221 
cluster 11  : 0.6455 
cluster 12  : 0.5462 
cluster 13  : 0.6476 
cluster 14  : 0.6268 

--------------------------------------------
Estimated Ln Prob of Data   = -8776.1
Mean value of ln likelihood = -7049.0
Variance of ln likelihood   = 3454.2
Mean value of alpha         = 0.0398

Mean value of Fst_1         = 0.2005
Mean value of Fst_2         = 0.2571
Mean value of Fst_3         = 0.1409
Mean value of Fst_4         = 0.1955
Mean value of Fst_5         = 0.0299
Mean value of Fst_6         = 0.2120
Mean value of Fst_7         = 0.2419
Mean value of Fst_8         = 0.0778
Mean value of Fst_9         = 0.0640
Mean value of Fst_10         = 0.1975
Mean value of Fst_11         = 0.0230
Mean value of Fst_12         = 0.1451
Mean value of Fst_13         = 0.0109
Mean value of Fst_14         = 0.0657


Inferred ancestry of individuals:
        Label (%Miss) Pop:  Inferred clusters
  1 QAc-G-0029    (0)    1 :  0.007 0.013 0.005 0.840 0.013 0.005 0.007 0.020 0.011 0.029 0.012 0.005 0.015 0.019 
  2 QAc-G-0030    (0)    1 :  0.003 0.006 0.004 0.937 0.005 0.004 0.004 0.005 0.005 0.004 0.005 0.007 0.005 0.005 
  3 QAc-G-0062    (0)    2 :  0.102 0.147 0.010 0.007 0.032 0.005 0.498 0.024 0.032 0.007 0.043 0.040 0.028 0.026 
  4 QAc-G-0063    (0)    2 :  0.023 0.705 0.011 0.009 0.026 0.024 0.007 0.036 0.024 0.036 0.028 0.011 0.026 0.035 
  5 QAc-G-0064    (0)    2 :  0.005 0.012 0.006 0.005 0.005 0.004 0.922 0.006 0.005 0.007 0.006 0.006 0.005 0.006 
  6 QAc-G-0065    (0)    2 :  0.004 0.003 0.010 0.006 0.005 0.005 0.935 0.005 0.004 0.004 0.005 0.003 0.005 0.005 
  7 QAc-G-0066    (0)    2 :  0.004 0.943 0.003 0.006 0.004 0.004 0.003 0.004 0.004 0.005 0.004 0.005 0.004 0.004 
  8 QAc-G-0067    (0)    2 :  0.008 0.005 0.013 0.020 0.014 0.009 0.831 0.017 0.014 0.014 0.015 0.008 0.017 0.016 
  9 QAc-G-0068    (0)    2 :  0.559 0.356 0.007 0.009 0.007 0.004 0.009 0.006 0.008 0.004 0.006 0.013 0.006 0.007 
 10 QAc-G-0070    (0)    2 :  0.020 0.725 0.006 0.020 0.024 0.006 0.016 0.016 0.024 0.011 0.020 0.076 0.020 0.016 
 11 QAc-G-0071   (13)    2 :  0.005 0.938 0.004 0.007 0.004 0.004 0.003 0.005 0.004 0.008 0.005 0.004 0.004 0.005 
 12 QAc-G-0072    (0)    2 :  0.006 0.911 0.004 0.008 0.007 0.006 0.005 0.007 0.007 0.010 0.006 0.010 0.007 0.007 
 13 QAc-G-0073    (0)    2 :  0.008 0.004 0.004 0.013 0.023 0.017 0.004 0.151 0.019 0.574 0.018 0.016 0.032 0.116 
 14 QAc-G-0074    (0)    2 :  0.008 0.243 0.007 0.005 0.040 0.029 0.006 0.052 0.037 0.448 0.036 0.016 0.033 0.040 
 15 QAc-G-0075    (0)    2 :  0.009 0.013 0.008 0.016 0.027 0.054 0.011 0.032 0.030 0.706 0.031 0.009 0.029 0.025 
 16 QAc-G-0076    (0)    2 :  0.007 0.007 0.007 0.009 0.052 0.094 0.036 0.294 0.038 0.110 0.046 0.008 0.073 0.219 
 17 QAc-G-0080    (0)    2 :  0.018 0.021 0.008 0.594 0.050 0.005 0.033 0.046 0.054 0.017 0.045 0.011 0.056 0.042 
 18 QAc-G-0081    (0)    2 :  0.008 0.009 0.009 0.008 0.150 0.012 0.007 0.122 0.126 0.005 0.163 0.078 0.153 0.149 
 19 QAc-G-0083    (0)    2 :  0.005 0.716 0.006 0.023 0.017 0.100 0.015 0.022 0.013 0.019 0.016 0.013 0.016 0.020 
 20 QAc-G-0285    (0)    3 :  0.009 0.920 0.009 0.008 0.006 0.004 0.004 0.005 0.006 0.004 0.007 0.006 0.006 0.006 
 21 QAc-G-0287    (0)    3 :  0.003 0.946 0.004 0.005 0.004 0.003 0.004 0.004 0.004 0.006 0.004 0.005 0.004 0.004 
 22 QAc-G-0288    (6)    3 :  0.010 0.869 0.007 0.023 0.010 0.011 0.006 0.008 0.010 0.009 0.009 0.011 0.009 0.008 
 23 QAc-G-0292    (0)    3 :  0.027 0.829 0.008 0.004 0.016 0.005 0.010 0.011 0.018 0.005 0.017 0.027 0.011 0.013 
 24 QAc-G-0294    (0)    3 :  0.026 0.005 0.009 0.016 0.072 0.055 0.018 0.291 0.072 0.051 0.059 0.007 0.087 0.232 
 25 QAc-G-0295    (0)    3 :  0.006 0.028 0.009 0.023 0.030 0.033 0.024 0.112 0.035 0.526 0.038 0.006 0.029 0.101 
 26 QAc-G-0296    (0)    3 :  0.006 0.012 0.006 0.005 0.019 0.047 0.033 0.147 0.017 0.545 0.020 0.008 0.023 0.112 
 27 QAc-G-0297    (0)    3 :  0.011 0.004 0.024 0.006 0.129 0.044 0.003 0.092 0.110 0.194 0.136 0.011 0.141 0.095 
 28 QAc-G-0298    (6)    3 :  0.006 0.008 0.006 0.017 0.017 0.011 0.009 0.026 0.021 0.806 0.021 0.006 0.018 0.029 
 29 QAc-G-0299    (0)    3 :  0.010 0.007 0.010 0.005 0.011 0.124 0.005 0.033 0.011 0.735 0.011 0.004 0.013 0.021 
 30 QAc-G-0300    (0)    3 :  0.010 0.005 0.013 0.006 0.028 0.096 0.031 0.147 0.027 0.450 0.024 0.019 0.032 0.114 
 31 QAc-G-0301    (0)    3 :  0.005 0.012 0.006 0.008 0.011 0.022 0.040 0.011 0.010 0.837 0.012 0.005 0.011 0.010 
 32 QAc-G-0302    (0)    3 :  0.018 0.006 0.796 0.005 0.018 0.024 0.004 0.016 0.030 0.011 0.026 0.006 0.018 0.022 
 33 QAc-G-0303    (0)    3 :  0.046 0.009 0.771 0.007 0.023 0.004 0.012 0.015 0.021 0.004 0.022 0.025 0.023 0.017 
 34 QAc-G-0305    (0)    3 :  0.019 0.813 0.017 0.029 0.017 0.005 0.006 0.013 0.017 0.007 0.015 0.012 0.016 0.014 
 35 QAc-G-0307    (0)    3 :  0.008 0.006 0.007 0.875 0.012 0.006 0.007 0.009 0.012 0.007 0.011 0.019 0.010 0.010 
 36 QAc-G-0313    (0)    3 :  0.014 0.032 0.005 0.010 0.155 0.008 0.022 0.116 0.115 0.008 0.179 0.018 0.174 0.142 
 37 QAc-G-0314    (0)    3 :  0.008 0.003 0.013 0.011 0.146 0.028 0.009 0.120 0.126 0.043 0.177 0.018 0.160 0.139 
 38 QAc-G-0316    (0)    3 :  0.009 0.009 0.006 0.025 0.131 0.013 0.018 0.090 0.206 0.008 0.172 0.043 0.133 0.137 
 39 QAc-G-0033    (0)    4 :  0.004 0.005 0.006 0.007 0.008 0.175 0.010 0.024 0.007 0.715 0.007 0.007 0.007 0.017 
 40 QAc-G-0034    (0)    4 :  0.006 0.005 0.010 0.028 0.013 0.010 0.008 0.014 0.010 0.847 0.011 0.016 0.012 0.011 
 41 QAc-G-0035    (0)    4 :  0.011 0.021 0.011 0.014 0.048 0.413 0.024 0.154 0.040 0.031 0.044 0.007 0.060 0.122 
 42 QAc-G-0036    (0)    4 :  0.007 0.014 0.004 0.006 0.010 0.008 0.012 0.011 0.009 0.877 0.012 0.008 0.010 0.012 
 43 QAc-G-0039    (0)    4 :  0.016 0.006 0.012 0.039 0.084 0.032 0.009 0.260 0.075 0.036 0.080 0.014 0.097 0.238 
 44 QAc-G-0040    (0)    4 :  0.009 0.056 0.017 0.011 0.066 0.040 0.010 0.235 0.068 0.070 0.068 0.073 0.096 0.180 
 45 QAc-G-0045    (0)    4 :  0.005 0.006 0.005 0.013 0.007 0.023 0.006 0.076 0.007 0.786 0.008 0.006 0.007 0.045 
 46 QAc-G-0050    (0)    4 :  0.084 0.014 0.064 0.098 0.133 0.004 0.007 0.089 0.075 0.004 0.152 0.013 0.168 0.094 
 47 QAc-G-0052    (0)    4 :  0.009 0.004 0.006 0.880 0.010 0.005 0.021 0.012 0.010 0.006 0.010 0.008 0.010 0.011 
 48 QAc-G-0056    (0)    4 :  0.024 0.007 0.020 0.045 0.178 0.008 0.011 0.100 0.086 0.008 0.181 0.034 0.196 0.103 
 49 QAc-G-0276    (0)    5 :  0.007 0.878 0.005 0.008 0.010 0.024 0.003 0.011 0.008 0.013 0.009 0.006 0.009 0.011 
 50 QAc-G-0280    (6)    5 :  0.013 0.797 0.007 0.013 0.018 0.032 0.005 0.018 0.014 0.023 0.019 0.008 0.017 0.018 
 51 QAc-G-0018    (0)    6 :  0.022 0.005 0.017 0.012 0.011 0.008 0.007 0.014 0.009 0.853 0.011 0.006 0.011 0.013 
 52 QAc-G-0017    (0)    6 :  0.017 0.018 0.256 0.004 0.054 0.004 0.326 0.042 0.068 0.017 0.066 0.022 0.050 0.057 
 53 QAc-G-0250    (0)    7 :  0.167 0.518 0.024 0.009 0.039 0.010 0.011 0.047 0.028 0.006 0.045 0.010 0.050 0.037 
 54 QAc-G-0003    (6)    8 :  0.008 0.920 0.004 0.006 0.006 0.006 0.005 0.006 0.006 0.006 0.005 0.008 0.006 0.006 
 55 QAc-G-0283    (0)    9 :  0.012 0.018 0.012 0.005 0.101 0.005 0.006 0.097 0.215 0.008 0.164 0.092 0.099 0.167 
 56 QAc-G-0255    (0)   10 :  0.016 0.006 0.604 0.005 0.053 0.029 0.009 0.036 0.081 0.009 0.064 0.012 0.037 0.038 
 57 QAc-G-0256    (0)   10 :  0.008 0.019 0.886 0.006 0.007 0.009 0.018 0.009 0.006 0.008 0.007 0.005 0.006 0.008 
 58 QAc-G-0257    (0)   10 :  0.011 0.004 0.735 0.011 0.020 0.003 0.083 0.018 0.023 0.006 0.023 0.017 0.026 0.019 
 59 QAc-G-0259    (0)   10 :  0.004 0.003 0.013 0.003 0.196 0.008 0.003 0.110 0.071 0.003 0.216 0.006 0.264 0.099 
 60 QAc-G-0260    (0)   10 :  0.009 0.039 0.067 0.008 0.110 0.011 0.218 0.081 0.072 0.011 0.113 0.035 0.142 0.084 
 61 QAc-G-0261    (0)   10 :  0.013 0.005 0.012 0.006 0.052 0.005 0.627 0.040 0.060 0.012 0.061 0.007 0.049 0.052 
 62 QAc-G-0109    (0)   11 :  0.010 0.008 0.423 0.016 0.074 0.005 0.070 0.059 0.074 0.022 0.074 0.030 0.081 0.056 
 63 QAc-G-0113    (0)   11 :  0.109 0.033 0.620 0.022 0.033 0.006 0.027 0.021 0.026 0.011 0.032 0.008 0.032 0.019 
 64 QAc-G-0114    (0)   11 :  0.014 0.010 0.600 0.007 0.037 0.109 0.005 0.026 0.040 0.021 0.052 0.007 0.041 0.032 
 65 QAc-G-0117    (0)   11 :  0.116 0.027 0.139 0.014 0.066 0.049 0.081 0.120 0.068 0.069 0.074 0.015 0.077 0.085 
 66 QAc-G-0120    (0)   11 :  0.015 0.007 0.288 0.009 0.110 0.013 0.008 0.076 0.074 0.014 0.127 0.017 0.162 0.080 
 67 QAc-G-0125    (0)   11 :  0.008 0.048 0.022 0.039 0.023 0.006 0.707 0.020 0.026 0.004 0.027 0.024 0.025 0.022 
 68 QAc-G-0141    (0)   11 :  0.094 0.025 0.085 0.028 0.074 0.017 0.025 0.121 0.111 0.042 0.108 0.035 0.092 0.144 
 69 QAc-G-0143    (0)   11 :  0.005 0.005 0.005 0.006 0.167 0.004 0.003 0.132 0.173 0.009 0.198 0.013 0.174 0.106 
 70 QAc-G-0147    (0)   11 :  0.031 0.014 0.086 0.008 0.042 0.010 0.496 0.038 0.048 0.032 0.045 0.059 0.051 0.039 
 71 QAc-G-0174    (0)   11 :  0.007 0.940 0.005 0.004 0.004 0.004 0.004 0.004 0.004 0.006 0.004 0.005 0.004 0.004 
 72 QAc-G-0182    (0)   11 :  0.004 0.927 0.006 0.003 0.006 0.004 0.014 0.005 0.006 0.004 0.006 0.004 0.006 0.005 
 73 QAc-G-0188    (0)   11 :  0.030 0.153 0.280 0.004 0.090 0.019 0.008 0.054 0.076 0.009 0.096 0.009 0.099 0.075 
 74 QAc-G-0229    (0)   11 :  0.006 0.007 0.009 0.007 0.011 0.006 0.004 0.009 0.014 0.880 0.011 0.013 0.010 0.011 
 75 QAc-G-0233    (0)   11 :  0.008 0.005 0.006 0.040 0.088 0.354 0.009 0.064 0.056 0.013 0.087 0.104 0.097 0.069 
 76 QAc-G-0237    (0)   11 :  0.007 0.008 0.022 0.020 0.020 0.024 0.052 0.060 0.015 0.677 0.019 0.012 0.018 0.044 
 77 QAc-G-0243    (0)   11 :  0.009 0.005 0.008 0.014 0.078 0.106 0.058 0.205 0.093 0.020 0.091 0.037 0.098 0.177 
 78 QAc-G-0249    (0)   12 :  0.010 0.019 0.011 0.018 0.066 0.021 0.004 0.041 0.141 0.013 0.072 0.461 0.071 0.052 
 79 QAc-W-0001    (0)   13 :  0.004 0.003 0.012 0.005 0.009 0.874 0.012 0.009 0.008 0.032 0.008 0.005 0.009 0.008 
 80 QAc-W-0002    (0)   13 :  0.010 0.020 0.030 0.007 0.031 0.020 0.004 0.068 0.028 0.672 0.026 0.012 0.030 0.043 
 81 QAc-W-0003    (0)   13 :  0.013 0.023 0.017 0.023 0.015 0.786 0.013 0.017 0.015 0.022 0.015 0.007 0.016 0.019 
 82 QAc-W-0004    (0)   13 :  0.004 0.005 0.004 0.007 0.005 0.915 0.004 0.009 0.005 0.019 0.005 0.005 0.006 0.007 
 83 QAc-W-0005    (0)   13 :  0.004 0.006 0.005 0.004 0.006 0.924 0.004 0.008 0.007 0.007 0.006 0.006 0.006 0.007 
 84 QAc-W-0007   (13)   13 :  0.005 0.005 0.006 0.005 0.008 0.901 0.006 0.010 0.007 0.017 0.007 0.007 0.007 0.010 
 85 QAc-W-0008    (6)   13 :  0.021 0.007 0.009 0.004 0.030 0.728 0.005 0.035 0.024 0.016 0.035 0.016 0.037 0.033 
 86 QAc-W-0009    (0)   13 :  0.016 0.014 0.249 0.010 0.068 0.021 0.013 0.100 0.064 0.173 0.070 0.024 0.079 0.101 
 87 QAc-W-0010    (0)   13 :  0.017 0.011 0.019 0.005 0.021 0.722 0.042 0.029 0.023 0.011 0.020 0.031 0.024 0.024 
 88 QAc-W-0011    (0)   13 :  0.017 0.033 0.015 0.015 0.042 0.422 0.014 0.129 0.030 0.085 0.035 0.008 0.051 0.104 
 89 QAc-W-0012    (0)   13 :  0.015 0.011 0.010 0.011 0.023 0.664 0.010 0.032 0.020 0.118 0.022 0.014 0.026 0.025 
 90 QAc-W-0013    (0)   13 :  0.009 0.010 0.063 0.164 0.030 0.015 0.007 0.200 0.023 0.250 0.027 0.007 0.041 0.153 
 91 QAc-W-0014    (0)   13 :  0.005 0.007 0.004 0.005 0.011 0.860 0.005 0.019 0.010 0.017 0.011 0.019 0.010 0.015 
 92 QAc-W-0015    (0)   13 :  0.006 0.126 0.012 0.014 0.023 0.013 0.004 0.128 0.035 0.486 0.018 0.027 0.023 0.084 
 93 QAc-W-0017    (0)   13 :  0.026 0.033 0.015 0.025 0.107 0.012 0.007 0.129 0.170 0.054 0.126 0.062 0.100 0.133 
 94 QAc-W-0018    (0)   13 :  0.038 0.004 0.030 0.040 0.070 0.430 0.014 0.065 0.063 0.024 0.078 0.016 0.072 0.058 
 95 QAc-W-0020    (0)   13 :  0.010 0.004 0.004 0.004 0.019 0.829 0.009 0.017 0.028 0.006 0.023 0.005 0.021 0.021 
 96 QAc-W-0021    (0)   13 :  0.018 0.006 0.023 0.145 0.070 0.361 0.008 0.072 0.051 0.017 0.069 0.014 0.085 0.060 
 97 QAc-W-0022    (0)   13 :  0.010 0.037 0.009 0.013 0.092 0.023 0.008 0.149 0.122 0.119 0.101 0.044 0.103 0.170 
 98 QAc-W-0023    (6)   13 :  0.008 0.004 0.038 0.024 0.068 0.122 0.039 0.181 0.074 0.134 0.066 0.036 0.077 0.129 
 99 QAc-W-0024    (0)   13 :  0.008 0.018 0.012 0.131 0.049 0.423 0.007 0.057 0.090 0.024 0.058 0.020 0.048 0.055 
100 QAc-W-0025    (0)   13 :  0.009 0.006 0.012 0.020 0.033 0.375 0.005 0.047 0.023 0.374 0.024 0.012 0.033 0.028 
101 QAc-W-0026    (0)   13 :  0.019 0.049 0.016 0.093 0.039 0.498 0.020 0.035 0.029 0.059 0.036 0.029 0.045 0.032 
102 QAc-W-0027    (0)   13 :  0.007 0.005 0.013 0.005 0.016 0.085 0.004 0.014 0.015 0.775 0.015 0.013 0.016 0.018 
103 QAc-W-0028    (0)   13 :  0.005 0.009 0.008 0.004 0.030 0.627 0.004 0.048 0.043 0.127 0.027 0.011 0.022 0.034 
104 QAc-W-0029    (0)   13 :  0.030 0.003 0.013 0.007 0.026 0.285 0.019 0.182 0.023 0.206 0.027 0.006 0.043 0.129 
105 QAc-W-0032    (0)   13 :  0.005 0.003 0.004 0.006 0.011 0.863 0.021 0.017 0.009 0.023 0.010 0.007 0.009 0.013 
106 QAc-W-0033    (0)   13 :  0.092 0.007 0.012 0.015 0.103 0.165 0.031 0.097 0.063 0.020 0.113 0.025 0.152 0.106 
107 QAc-W-0035    (0)   13 :  0.029 0.021 0.006 0.019 0.051 0.133 0.009 0.069 0.034 0.458 0.044 0.024 0.045 0.058 
108 QAc-W-0037    (0)   13 :  0.008 0.006 0.006 0.014 0.011 0.021 0.017 0.014 0.009 0.851 0.009 0.007 0.012 0.013 
109 QAc-W-0038    (0)   13 :  0.010 0.025 0.014 0.007 0.083 0.192 0.012 0.112 0.156 0.104 0.088 0.022 0.071 0.104 
110 QAc-W-0040    (0)   13 :  0.006 0.009 0.009 0.015 0.029 0.651 0.027 0.021 0.034 0.018 0.022 0.118 0.026 0.016 
111 QAc-W-0041    (0)   13 :  0.040 0.013 0.031 0.062 0.029 0.042 0.005 0.136 0.021 0.451 0.032 0.011 0.033 0.094 
112 QAc-W-0042    (0)   14 :  0.072 0.026 0.394 0.017 0.015 0.006 0.315 0.046 0.012 0.017 0.017 0.006 0.020 0.037 
113 QAc-W-0044    (0)   14 :  0.037 0.114 0.105 0.005 0.026 0.009 0.191 0.161 0.023 0.098 0.033 0.036 0.037 0.123 
114 QAc-W-0045    (0)   14 :  0.059 0.009 0.781 0.008 0.012 0.007 0.027 0.012 0.018 0.013 0.015 0.007 0.017 0.016 
115 QAc-W-0048    (0)   14 :  0.011 0.005 0.726 0.017 0.022 0.011 0.079 0.021 0.016 0.015 0.026 0.006 0.027 0.020 
116 QAc-W-0050    (0)   14 :  0.653 0.008 0.163 0.005 0.022 0.004 0.021 0.017 0.023 0.009 0.025 0.012 0.020 0.019 
117 QAc-W-0051    (0)   14 :  0.748 0.016 0.034 0.016 0.011 0.007 0.086 0.013 0.009 0.006 0.024 0.005 0.012 0.012 
118 QAc-W-0052    (0)   14 :  0.004 0.006 0.007 0.003 0.004 0.009 0.932 0.005 0.004 0.006 0.005 0.005 0.004 0.005 
119 QAc-W-0053    (0)   14 :  0.014 0.006 0.859 0.005 0.012 0.009 0.018 0.015 0.010 0.008 0.011 0.008 0.011 0.013 
120 QAc-W-0054    (0)   14 :  0.236 0.141 0.047 0.010 0.079 0.010 0.107 0.050 0.052 0.013 0.097 0.021 0.082 0.055 
121 QAc-W-0056    (0)   14 :  0.437 0.009 0.017 0.010 0.073 0.046 0.008 0.045 0.051 0.076 0.076 0.016 0.081 0.054 
122 QAc-W-0057    (0)   14 :  0.628 0.033 0.072 0.025 0.032 0.007 0.011 0.026 0.027 0.018 0.042 0.016 0.034 0.029 
123 QAc-W-0060    (0)   14 :  0.007 0.831 0.007 0.005 0.011 0.004 0.046 0.010 0.010 0.026 0.011 0.011 0.012 0.010 
124 QAc-W-0061    (0)   14 :  0.025 0.549 0.023 0.013 0.047 0.014 0.007 0.031 0.052 0.034 0.051 0.072 0.041 0.041 
125 QAc-W-0062    (0)   14 :  0.007 0.911 0.005 0.007 0.007 0.004 0.015 0.006 0.007 0.005 0.006 0.011 0.006 0.006 
126 QAc-W-0063    (0)   14 :  0.008 0.784 0.009 0.019 0.016 0.015 0.063 0.013 0.014 0.005 0.014 0.011 0.014 0.014 
127 QAc-W-0064    (0)   14 :  0.010 0.878 0.007 0.008 0.010 0.013 0.005 0.009 0.011 0.006 0.012 0.011 0.010 0.010 
128 QAc-W-0065    (0)   14 :  0.021 0.760 0.009 0.012 0.020 0.010 0.008 0.018 0.032 0.020 0.025 0.022 0.019 0.024 
129 QAc-W-0066    (0)   14 :  0.003 0.947 0.003 0.008 0.004 0.004 0.003 0.004 0.003 0.006 0.004 0.003 0.004 0.004 
130 QAc-W-0072    (0)   14 :  0.142 0.441 0.010 0.008 0.041 0.015 0.006 0.019 0.042 0.006 0.041 0.180 0.026 0.022 
131 QAc-W-0073    (0)   14 :  0.026 0.754 0.025 0.012 0.021 0.008 0.010 0.028 0.021 0.011 0.024 0.014 0.023 0.024 
132 QAc-W-0077    (0)   14 :  0.006 0.938 0.006 0.003 0.004 0.005 0.005 0.005 0.004 0.006 0.004 0.005 0.004 0.004 
133 QAc-W-0078    (0)   15 :  0.010 0.017 0.006 0.691 0.040 0.013 0.018 0.032 0.027 0.022 0.035 0.019 0.040 0.031 
134 QAc-W-0079    (6)   15 :  0.005 0.006 0.006 0.923 0.006 0.006 0.003 0.005 0.006 0.008 0.006 0.007 0.006 0.006 
135 QAc-W-0081    (0)   15 :  0.005 0.006 0.005 0.918 0.006 0.008 0.009 0.008 0.005 0.006 0.006 0.004 0.006 0.007 
136 QAc-W-0082    (0)   15 :  0.515 0.004 0.009 0.419 0.006 0.003 0.003 0.006 0.006 0.005 0.008 0.004 0.006 0.006 
137 QAc-W-0083    (0)   15 :  0.015 0.024 0.008 0.864 0.010 0.007 0.009 0.009 0.009 0.007 0.009 0.012 0.008 0.009 
138 QAc-W-0086    (0)   15 :  0.019 0.008 0.006 0.886 0.008 0.007 0.005 0.008 0.008 0.008 0.008 0.009 0.008 0.010 
139 QAc-W-0087    (0)   15 :  0.005 0.004 0.008 0.929 0.006 0.004 0.003 0.005 0.007 0.005 0.006 0.007 0.006 0.006 
140 QAc-W-0088    (0)   15 :  0.010 0.006 0.014 0.837 0.018 0.006 0.005 0.015 0.017 0.012 0.020 0.007 0.019 0.015 
141 QAc-W-0092    (0)   15 :  0.008 0.007 0.016 0.649 0.026 0.026 0.019 0.034 0.017 0.103 0.024 0.012 0.029 0.030 
142 QAc-W-0093    (0)   15 :  0.016 0.004 0.012 0.728 0.028 0.028 0.010 0.028 0.032 0.018 0.027 0.018 0.024 0.028 
143 QAc-W-0094    (0)   15 :  0.018 0.026 0.031 0.312 0.047 0.052 0.270 0.035 0.045 0.010 0.051 0.013 0.043 0.047 
144 QAc-W-0097    (0)   15 :  0.011 0.007 0.014 0.645 0.032 0.026 0.015 0.041 0.030 0.074 0.030 0.007 0.029 0.037 
145 QAc-W-0099    (0)   15 :  0.019 0.004 0.019 0.657 0.044 0.004 0.020 0.042 0.030 0.010 0.041 0.020 0.046 0.042 
146 QAc-W-0107    (0)   15 :  0.008 0.030 0.005 0.874 0.009 0.006 0.007 0.009 0.009 0.006 0.009 0.008 0.009 0.010 
147 QAc-W-0115    (0)   16 :  0.005 0.006 0.005 0.009 0.056 0.012 0.007 0.012 0.076 0.020 0.012 0.755 0.012 0.012 
148 QAc-W-0116    (0)   16 :  0.012 0.003 0.022 0.007 0.049 0.008 0.016 0.031 0.118 0.019 0.038 0.608 0.032 0.037 
149 QAc-W-0117    (0)   16 :  0.006 0.004 0.012 0.004 0.023 0.005 0.004 0.013 0.139 0.008 0.013 0.743 0.012 0.014 
150 QAc-W-0118    (0)   16 :  0.009 0.046 0.009 0.021 0.050 0.007 0.006 0.011 0.093 0.007 0.017 0.694 0.016 0.015 
151 QAc-W-0119    (0)   16 :  0.019 0.011 0.008 0.008 0.036 0.007 0.008 0.021 0.134 0.007 0.023 0.674 0.021 0.024 
152 QAc-W-0120    (0)   16 :  0.008 0.017 0.012 0.011 0.054 0.011 0.005 0.027 0.128 0.009 0.033 0.620 0.038 0.025 
153 QAc-W-0121    (0)   16 :  0.041 0.038 0.008 0.004 0.025 0.008 0.004 0.018 0.140 0.006 0.017 0.658 0.018 0.015 
154 QAc-W-0122    (0)   16 :  0.008 0.006 0.012 0.007 0.090 0.020 0.004 0.055 0.084 0.006 0.049 0.569 0.037 0.054 
155 QAc-W-0123    (6)   16 :  0.007 0.009 0.010 0.011 0.054 0.004 0.019 0.024 0.090 0.016 0.028 0.678 0.024 0.027 
156 QAc-W-0124    (0)   16 :  0.007 0.079 0.004 0.075 0.074 0.018 0.007 0.026 0.050 0.045 0.019 0.558 0.020 0.017 
157 QAc-W-0125    (0)   16 :  0.008 0.006 0.009 0.019 0.024 0.008 0.008 0.011 0.104 0.012 0.015 0.749 0.014 0.013 
158 QAc-W-0132    (6)   16 :  0.009 0.054 0.007 0.036 0.062 0.016 0.026 0.026 0.078 0.051 0.032 0.553 0.025 0.026 
159 QAc-W-0134    (0)   16 :  0.004 0.006 0.006 0.006 0.023 0.005 0.006 0.007 0.120 0.007 0.006 0.792 0.006 0.006 
160 QAc-W-0135    (0)   16 :  0.006 0.032 0.007 0.009 0.068 0.104 0.004 0.023 0.069 0.025 0.018 0.591 0.020 0.023 
161 QAc-W-0136    (0)   16 :  0.006 0.004 0.005 0.005 0.026 0.005 0.007 0.008 0.085 0.005 0.008 0.818 0.008 0.009 
162 QAc-W-0138    (0)   16 :  0.006 0.005 0.004 0.004 0.021 0.008 0.007 0.011 0.096 0.006 0.008 0.807 0.008 0.010 
163 QAc-W-0140    (0)   16 :  0.009 0.005 0.025 0.007 0.027 0.009 0.004 0.032 0.144 0.022 0.022 0.638 0.019 0.035 
164 QAc-W-0141    (6)   16 :  0.012 0.017 0.019 0.009 0.086 0.024 0.009 0.122 0.148 0.062 0.112 0.120 0.082 0.177 
165 QAc-W-0142    (0)   16 :  0.012 0.014 0.006 0.005 0.023 0.004 0.004 0.007 0.134 0.004 0.007 0.766 0.007 0.007 
166 QAc-W-0143    (0)   16 :  0.011 0.004 0.012 0.026 0.037 0.008 0.006 0.014 0.111 0.005 0.016 0.719 0.014 0.016 
167 QAc-W-0145    (0)   16 :  0.005 0.004 0.005 0.004 0.070 0.004 0.005 0.011 0.072 0.005 0.012 0.780 0.011 0.011 
168 QAc-W-0148    (0)   16 :  0.005 0.005 0.005 0.004 0.045 0.007 0.007 0.007 0.081 0.012 0.007 0.801 0.006 0.007 
169 QAc-W-0149    (0)   16 :  0.013 0.010 0.018 0.011 0.096 0.013 0.037 0.101 0.079 0.007 0.083 0.337 0.078 0.115 
170 QAc-W-0150    (0)   16 :  0.010 0.006 0.007 0.032 0.089 0.100 0.019 0.067 0.073 0.039 0.056 0.383 0.057 0.062 
171 QAc-W-0151    (0)   16 :  0.008 0.005 0.007 0.011 0.057 0.011 0.006 0.017 0.072 0.046 0.017 0.709 0.019 0.015 
172 QAc-W-0152    (0)   16 :  0.014 0.020 0.012 0.005 0.064 0.006 0.006 0.010 0.069 0.009 0.011 0.754 0.011 0.009 
173 QAc-W-0153    (0)   16 :  0.005 0.013 0.007 0.024 0.098 0.006 0.004 0.128 0.208 0.038 0.141 0.033 0.086 0.208 
174 QAc-W-0154    (0)   16 :  0.007 0.004 0.006 0.006 0.046 0.053 0.004 0.024 0.110 0.008 0.033 0.645 0.030 0.024 
175 QAc-W-0157    (0)   16 :  0.010 0.017 0.013 0.005 0.058 0.005 0.029 0.035 0.130 0.020 0.046 0.548 0.049 0.035 
176 QAc-W-0158    (0)   16 :  0.007 0.019 0.006 0.033 0.043 0.042 0.009 0.043 0.073 0.086 0.021 0.562 0.020 0.035 
177 QAc-W-0159    (0)   16 :  0.010 0.004 0.006 0.007 0.022 0.008 0.008 0.009 0.144 0.006 0.010 0.746 0.010 0.009 
178 QAc-W-0160    (0)   16 :  0.005 0.004 0.005 0.009 0.047 0.028 0.004 0.029 0.106 0.021 0.022 0.664 0.026 0.030 
179 QAc-W-0162    (0)   16 :  0.055 0.035 0.035 0.008 0.039 0.004 0.025 0.015 0.089 0.004 0.020 0.638 0.019 0.015 
180 QAc-W-0163    (0)   16 :  0.134 0.008 0.038 0.005 0.046 0.007 0.010 0.022 0.107 0.008 0.035 0.513 0.035 0.030 
181 QAc-W-0164    (0)   16 :  0.025 0.023 0.011 0.011 0.063 0.007 0.011 0.021 0.083 0.008 0.035 0.647 0.032 0.022 
182 QAc-W-0167    (0)   17 :  0.013 0.010 0.010 0.017 0.095 0.006 0.007 0.118 0.287 0.006 0.144 0.033 0.072 0.182 
183 QAc-W-0168    (0)   17 :  0.013 0.043 0.019 0.014 0.139 0.011 0.009 0.099 0.135 0.022 0.134 0.122 0.134 0.106 
184 QAc-W-0169    (0)   17 :  0.062 0.013 0.014 0.005 0.163 0.020 0.004 0.109 0.126 0.016 0.163 0.008 0.183 0.113 
185 QAc-W-0170    (0)   17 :  0.012 0.004 0.009 0.008 0.140 0.012 0.005 0.123 0.155 0.055 0.161 0.021 0.157 0.138 
186 QAc-W-0172    (0)   17 :  0.006 0.002 0.005 0.009 0.171 0.009 0.013 0.126 0.105 0.011 0.181 0.012 0.209 0.141 
187 QAc-W-0173    (0)   17 :  0.007 0.007 0.005 0.007 0.086 0.013 0.005 0.111 0.288 0.015 0.159 0.039 0.063 0.195 
188 QAc-W-0174    (0)   17 :  0.013 0.012 0.011 0.006 0.096 0.005 0.005 0.106 0.292 0.009 0.156 0.039 0.070 0.181 


Estimated Allele Frequencies in each cluster
First column gives estimated ancestral frequencies


Locus 1 : 
18 alleles
0.0% missing data
 210   (0.110) 0.084 0.009 0.255 0.147 0.119 0.018 0.030 0.096 0.120 0.072 0.112 0.181 0.111 0.105 
 212   (0.120) 0.096 0.097 0.036 0.271 0.128 0.055 0.024 0.128 0.105 0.387 0.120 0.086 0.122 0.126 
 202   (0.061) 0.023 0.004 0.019 0.137 0.056 0.067 0.285 0.043 0.046 0.035 0.060 0.009 0.061 0.047 
 226   (0.036) 0.038 0.200 0.024 0.015 0.032 0.004 0.220 0.024 0.024 0.004 0.032 0.005 0.034 0.024 
 216   (0.076) 0.036 0.022 0.053 0.169 0.072 0.021 0.189 0.060 0.071 0.010 0.070 0.127 0.074 0.061 
 200   (0.241) 0.159 0.316 0.203 0.091 0.245 0.507 0.124 0.363 0.260 0.389 0.253 0.168 0.254 0.336 
 224   (0.045) 0.025 0.146 0.012 0.013 0.043 0.010 0.011 0.055 0.042 0.028 0.044 0.009 0.045 0.049 
 218   (0.052) 0.048 0.005 0.013 0.103 0.055 0.084 0.010 0.037 0.059 0.011 0.050 0.144 0.050 0.039 
 228   (0.012) 0.004 0.072 0.003 0.001 0.011 0.001 0.002 0.008 0.007 0.001 0.010 0.001 0.011 0.007 
 214   (0.061) 0.422 0.118 0.158 0.008 0.057 0.007 0.043 0.043 0.053 0.007 0.064 0.024 0.059 0.050 
 208   (0.063) 0.023 0.004 0.084 0.028 0.062 0.206 0.018 0.059 0.080 0.042 0.070 0.013 0.061 0.066 
 220   (0.029) 0.011 0.002 0.008 0.003 0.029 0.003 0.006 0.024 0.036 0.005 0.033 0.011 0.029 0.028 
 196   (0.011) 0.004 0.001 0.003 0.002 0.010 0.001 0.002 0.008 0.007 0.001 0.010 0.002 0.011 0.007 
 238   (0.012) 0.004 0.001 0.003 0.001 0.010 0.001 0.002 0.008 0.012 0.001 0.013 0.003 0.011 0.011 
 206   (0.022) 0.007 0.001 0.058 0.003 0.019 0.003 0.004 0.013 0.017 0.002 0.019 0.025 0.020 0.014 
 190   (0.011) 0.003 0.001 0.003 0.001 0.010 0.001 0.002 0.007 0.007 0.001 0.010 0.001 0.011 0.007 
 222   (0.024) 0.008 0.002 0.006 0.003 0.030 0.008 0.027 0.015 0.046 0.003 0.020 0.190 0.022 0.015 
 232   (0.013) 0.005 0.001 0.062 0.002 0.011 0.001 0.004 0.008 0.008 0.001 0.011 0.002 0.012 0.008 

Locus 2 : 
15 alleles
2.1% missing data
 171   (0.210) 0.232 0.020 0.448 0.181 0.202 0.311 0.239 0.258 0.191 0.415 0.210 0.074 0.214 0.233 
 175   (0.100) 0.242 0.023 0.028 0.255 0.091 0.049 0.193 0.085 0.077 0.056 0.095 0.028 0.100 0.085 
 185   (0.051) 0.022 0.005 0.013 0.080 0.064 0.008 0.013 0.038 0.070 0.006 0.050 0.209 0.051 0.040 
 179   (0.065) 0.031 0.326 0.017 0.008 0.089 0.007 0.246 0.055 0.092 0.008 0.069 0.267 0.063 0.065 
 181   (0.093) 0.097 0.263 0.123 0.344 0.086 0.036 0.034 0.113 0.081 0.133 0.091 0.016 0.093 0.104 
 173   (0.183) 0.202 0.235 0.171 0.041 0.176 0.187 0.183 0.222 0.175 0.232 0.178 0.185 0.187 0.211 
 177   (0.035) 0.043 0.101 0.010 0.005 0.038 0.004 0.007 0.024 0.035 0.004 0.033 0.083 0.034 0.025 
 187   (0.099) 0.075 0.015 0.048 0.012 0.097 0.110 0.020 0.081 0.123 0.112 0.112 0.032 0.097 0.099 
 183   (0.066) 0.024 0.005 0.097 0.022 0.066 0.008 0.018 0.055 0.086 0.009 0.073 0.080 0.065 0.068 
 189   (0.033) 0.012 0.002 0.008 0.004 0.031 0.272 0.006 0.026 0.024 0.017 0.029 0.017 0.032 0.026 
 191   (0.021) 0.008 0.001 0.026 0.043 0.018 0.003 0.035 0.014 0.015 0.002 0.019 0.003 0.020 0.015 
 163   (0.012) 0.003 0.001 0.003 0.001 0.010 0.001 0.002 0.007 0.007 0.001 0.010 0.002 0.012 0.008 
 165   (0.011) 0.003 0.001 0.003 0.001 0.010 0.001 0.002 0.007 0.007 0.001 0.010 0.001 0.011 0.008 
 193   (0.012) 0.003 0.001 0.003 0.001 0.011 0.001 0.002 0.008 0.010 0.001 0.011 0.002 0.011 0.008 
 167   (0.011) 0.003 0.001 0.002 0.001 0.010 0.001 0.002 0.008 0.008 0.001 0.010 0.002 0.011 0.008 

Locus 3 : 
4 alleles
1.1% missing data
 206   (0.885) 0.929 0.943 0.899 0.974 0.895 0.701 0.880 0.918 0.903 0.984 0.886 0.979 0.889 0.905 
 208   (0.060) 0.053 0.022 0.067 0.008 0.055 0.293 0.012 0.042 0.047 0.009 0.058 0.011 0.059 0.044 
 204   (0.040) 0.014 0.034 0.030 0.017 0.036 0.005 0.106 0.027 0.029 0.005 0.038 0.006 0.038 0.030 
 212   (0.015) 0.004 0.001 0.003 0.002 0.014 0.002 0.002 0.014 0.020 0.002 0.018 0.003 0.014 0.021 

Locus 4 : 
15 alleles
1.1% missing data
 165   (0.082) 0.071 0.169 0.022 0.456 0.080 0.015 0.053 0.108 0.081 0.034 0.086 0.014 0.086 0.111 
 163   (0.200) 0.174 0.031 0.266 0.031 0.216 0.094 0.089 0.230 0.267 0.068 0.224 0.282 0.205 0.241 
 167   (0.144) 0.162 0.009 0.100 0.073 0.139 0.237 0.461 0.125 0.147 0.187 0.143 0.142 0.141 0.128 
 161   (0.346) 0.471 0.777 0.430 0.135 0.355 0.474 0.329 0.365 0.327 0.671 0.332 0.486 0.345 0.342 
 153   (0.016) 0.005 0.001 0.004 0.002 0.014 0.011 0.003 0.024 0.011 0.004 0.014 0.002 0.015 0.020 
 173   (0.031) 0.049 0.002 0.024 0.254 0.028 0.003 0.006 0.021 0.023 0.003 0.029 0.004 0.030 0.021 
 171   (0.041) 0.018 0.003 0.048 0.005 0.040 0.005 0.035 0.031 0.040 0.004 0.044 0.007 0.041 0.035 
 179   (0.012) 0.004 0.001 0.003 0.001 0.010 0.002 0.002 0.008 0.009 0.003 0.011 0.002 0.012 0.008 
 157   (0.023) 0.008 0.001 0.016 0.003 0.020 0.141 0.004 0.016 0.015 0.012 0.020 0.003 0.022 0.016 
 149   (0.012) 0.006 0.001 0.027 0.001 0.010 0.001 0.002 0.007 0.007 0.001 0.010 0.002 0.011 0.008 
 177   (0.021) 0.008 0.001 0.006 0.013 0.021 0.003 0.004 0.020 0.019 0.004 0.023 0.004 0.022 0.022 
 155   (0.017) 0.005 0.001 0.004 0.003 0.015 0.007 0.003 0.011 0.010 0.002 0.015 0.003 0.017 0.011 
 175   (0.012) 0.004 0.001 0.009 0.001 0.011 0.001 0.002 0.008 0.008 0.001 0.011 0.002 0.012 0.008 
 169   (0.022) 0.008 0.001 0.035 0.018 0.020 0.003 0.004 0.015 0.017 0.002 0.021 0.003 0.021 0.015 
 159   (0.020) 0.006 0.001 0.005 0.002 0.020 0.002 0.003 0.013 0.017 0.002 0.018 0.043 0.020 0.014 

Locus 5 : 
16 alleles
0.0% missing data
 148   (0.118) 0.035 0.198 0.095 0.283 0.113 0.108 0.028 0.101 0.106 0.192 0.119 0.056 0.119 0.107 
 160   (0.027) 0.007 0.002 0.027 0.057 0.023 0.004 0.058 0.020 0.017 0.004 0.023 0.004 0.025 0.019 
 154   (0.077) 0.077 0.064 0.022 0.028 0.088 0.020 0.065 0.060 0.104 0.009 0.086 0.219 0.076 0.065 
 150   (0.062) 0.377 0.012 0.071 0.010 0.057 0.064 0.013 0.065 0.045 0.030 0.062 0.009 0.063 0.061 
 138   (0.125) 0.061 0.089 0.094 0.150 0.127 0.026 0.323 0.115 0.138 0.062 0.120 0.234 0.122 0.119 
 166   (0.033) 0.011 0.002 0.191 0.015 0.028 0.036 0.237 0.020 0.020 0.005 0.028 0.005 0.031 0.021 
 146   (0.092) 0.035 0.302 0.093 0.167 0.088 0.035 0.081 0.073 0.088 0.031 0.092 0.024 0.089 0.083 
 164   (0.016) 0.004 0.001 0.004 0.002 0.014 0.002 0.037 0.011 0.011 0.002 0.014 0.002 0.016 0.011 
 142   (0.018) 0.189 0.002 0.005 0.002 0.015 0.002 0.003 0.011 0.015 0.002 0.015 0.015 0.017 0.011 
 144   (0.140) 0.080 0.292 0.244 0.026 0.142 0.072 0.056 0.181 0.155 0.387 0.144 0.148 0.141 0.177 
 140   (0.082) 0.023 0.006 0.021 0.021 0.089 0.189 0.016 0.082 0.115 0.233 0.083 0.202 0.080 0.081 
 158   (0.044) 0.020 0.003 0.031 0.087 0.042 0.010 0.033 0.079 0.033 0.013 0.042 0.021 0.048 0.067 
 162   (0.029) 0.025 0.002 0.009 0.123 0.026 0.003 0.005 0.024 0.032 0.005 0.031 0.006 0.028 0.027 
 152   (0.097) 0.041 0.024 0.040 0.013 0.110 0.423 0.020 0.131 0.086 0.018 0.101 0.051 0.108 0.119 
 134   (0.018) 0.007 0.001 0.046 0.002 0.017 0.002 0.003 0.012 0.017 0.002 0.018 0.003 0.017 0.013 
 156   (0.021) 0.007 0.001 0.006 0.013 0.019 0.003 0.022 0.016 0.018 0.004 0.021 0.003 0.020 0.018 

Locus 6 : 
12 alleles
0.0% missing data
 225   (0.047) 0.038 0.140 0.011 0.125 0.042 0.013 0.008 0.031 0.041 0.005 0.044 0.021 0.045 0.034 
 239   (0.099) 0.054 0.335 0.055 0.029 0.094 0.014 0.248 0.093 0.085 0.115 0.099 0.021 0.097 0.097 
 229   (0.015) 0.005 0.001 0.004 0.278 0.013 0.002 0.002 0.012 0.009 0.002 0.012 0.002 0.014 0.011 
 235   (0.291) 0.486 0.275 0.143 0.370 0.313 0.271 0.093 0.309 0.320 0.412 0.297 0.490 0.294 0.311 
 237   (0.215) 0.163 0.148 0.176 0.040 0.222 0.203 0.071 0.218 0.239 0.265 0.229 0.174 0.217 0.225 
 233   (0.102) 0.081 0.086 0.094 0.065 0.092 0.452 0.248 0.121 0.068 0.166 0.091 0.021 0.102 0.106 
 227   (0.033) 0.033 0.002 0.386 0.004 0.029 0.003 0.265 0.020 0.023 0.003 0.030 0.005 0.031 0.022 
 245   (0.066) 0.034 0.004 0.024 0.008 0.069 0.025 0.025 0.094 0.086 0.015 0.066 0.130 0.070 0.085 
 241   (0.039) 0.035 0.003 0.037 0.070 0.036 0.007 0.015 0.026 0.029 0.005 0.036 0.024 0.038 0.027 
 231   (0.053) 0.053 0.003 0.025 0.006 0.054 0.006 0.018 0.042 0.062 0.006 0.060 0.053 0.053 0.051 
 243   (0.029) 0.015 0.002 0.042 0.003 0.027 0.003 0.005 0.025 0.032 0.005 0.025 0.058 0.028 0.024 
 251   (0.012) 0.003 0.001 0.003 0.001 0.010 0.001 0.002 0.007 0.007 0.001 0.011 0.002 0.012 0.008 

Locus 7 : 
5 alleles
0.0% missing data
 118   (0.917) 0.647 0.995 0.980 0.989 0.926 0.920 0.696 0.924 0.937 0.940 0.924 0.988 0.918 0.924 
 124   (0.039) 0.011 0.002 0.009 0.005 0.036 0.075 0.296 0.042 0.026 0.056 0.034 0.005 0.040 0.038 
 116   (0.013) 0.332 0.001 0.004 0.002 0.011 0.001 0.002 0.008 0.007 0.001 0.011 0.002 0.012 0.008 
 114   (0.017) 0.005 0.001 0.004 0.002 0.016 0.003 0.004 0.017 0.020 0.002 0.019 0.004 0.017 0.020 
 122   (0.013) 0.005 0.001 0.003 0.001 0.012 0.001 0.002 0.008 0.010 0.001 0.012 0.002 0.012 0.009 

Locus 8 : 
5 alleles
0.0% missing data
 135   (0.057) 0.020 0.008 0.014 0.024 0.061 0.016 0.011 0.103 0.052 0.032 0.057 0.028 0.067 0.090 
 139   (0.747) 0.599 0.948 0.658 0.819 0.756 0.924 0.947 0.754 0.758 0.907 0.760 0.699 0.744 0.762 
 137   (0.146) 0.362 0.041 0.315 0.151 0.136 0.054 0.033 0.111 0.148 0.055 0.136 0.212 0.142 0.113 
 143   (0.036) 0.014 0.002 0.009 0.004 0.034 0.004 0.007 0.024 0.031 0.004 0.035 0.034 0.035 0.026 
 141   (0.014) 0.004 0.001 0.003 0.002 0.014 0.002 0.002 0.008 0.011 0.002 0.012 0.027 0.013 0.008 

Locus 9 : 
11 alleles
0.0% missing data
 116   (0.289) 0.206 0.264 0.126 0.428 0.296 0.509 0.117 0.367 0.290 0.288 0.290 0.303 0.303 0.343 
 112   (0.086) 0.036 0.212 0.021 0.058 0.096 0.037 0.016 0.073 0.095 0.078 0.087 0.181 0.083 0.079 
 122   (0.057) 0.174 0.363 0.254 0.007 0.050 0.010 0.309 0.044 0.038 0.007 0.054 0.012 0.055 0.045 
 114   (0.223) 0.084 0.025 0.238 0.082 0.230 0.358 0.057 0.218 0.257 0.329 0.231 0.286 0.223 0.227 
 120   (0.044) 0.013 0.009 0.012 0.005 0.039 0.005 0.200 0.031 0.031 0.140 0.039 0.021 0.042 0.032 
 130   (0.037) 0.012 0.002 0.075 0.005 0.032 0.006 0.160 0.055 0.024 0.047 0.032 0.005 0.037 0.047 
 118   (0.128) 0.058 0.016 0.056 0.397 0.131 0.041 0.113 0.118 0.140 0.081 0.129 0.144 0.126 0.119 
 124   (0.057) 0.199 0.104 0.072 0.007 0.052 0.007 0.010 0.041 0.053 0.007 0.057 0.035 0.055 0.046 
 126   (0.040) 0.206 0.003 0.137 0.006 0.036 0.009 0.010 0.026 0.031 0.019 0.040 0.006 0.039 0.028 
 108   (0.015) 0.004 0.001 0.003 0.002 0.016 0.002 0.002 0.011 0.015 0.002 0.016 0.002 0.015 0.011 
 128   (0.023) 0.007 0.001 0.006 0.003 0.022 0.017 0.004 0.018 0.027 0.003 0.025 0.005 0.022 0.022 

Locus 10 : 
4 alleles
0.0% missing data
 232   (0.891) 0.960 0.993 0.695 0.987 0.898 0.987 0.971 0.920 0.902 0.943 0.895 0.931 0.894 0.916 
 238   (0.078) 0.031 0.005 0.298 0.010 0.073 0.010 0.025 0.059 0.072 0.054 0.074 0.065 0.076 0.061 
 234   (0.017) 0.005 0.001 0.004 0.002 0.017 0.002 0.003 0.012 0.017 0.002 0.018 0.003 0.018 0.013 
 244   (0.013) 0.004 0.001 0.003 0.001 0.011 0.001 0.002 0.009 0.010 0.002 0.012 0.002 0.012 0.010 

Locus 11 : 
7 alleles
0.0% missing data
 165   (0.760) 0.569 0.782 0.892 0.915 0.770 0.917 0.924 0.795 0.786 0.784 0.758 0.915 0.764 0.789 
 167   (0.073) 0.336 0.208 0.021 0.057 0.067 0.010 0.026 0.048 0.052 0.013 0.072 0.030 0.071 0.052 
 161   (0.116) 0.081 0.007 0.076 0.022 0.113 0.068 0.043 0.124 0.125 0.197 0.124 0.022 0.117 0.126 
 155   (0.012) 0.003 0.001 0.003 0.001 0.011 0.001 0.002 0.008 0.008 0.001 0.011 0.002 0.012 0.008 
 173   (0.012) 0.003 0.001 0.003 0.001 0.012 0.001 0.002 0.008 0.010 0.001 0.012 0.002 0.012 0.009 
 163   (0.014) 0.004 0.001 0.003 0.002 0.016 0.001 0.002 0.008 0.010 0.001 0.011 0.028 0.013 0.008 
 171   (0.012) 0.003 0.001 0.003 0.001 0.011 0.001 0.002 0.008 0.008 0.001 0.011 0.002 0.012 0.008 

Locus 12 : 
8 alleles
0.0% missing data
 137   (0.514) 0.695 0.428 0.538 0.415 0.537 0.349 0.833 0.493 0.559 0.251 0.519 0.796 0.515 0.502 
 140   (0.155) 0.067 0.032 0.078 0.212 0.147 0.569 0.033 0.208 0.127 0.489 0.147 0.064 0.159 0.180 
 134   (0.251) 0.212 0.535 0.320 0.363 0.241 0.063 0.120 0.242 0.237 0.251 0.255 0.100 0.250 0.249 
 149   (0.012) 0.004 0.001 0.003 0.002 0.010 0.001 0.002 0.007 0.008 0.001 0.010 0.002 0.011 0.008 
 143   (0.016) 0.006 0.001 0.042 0.002 0.014 0.002 0.004 0.010 0.012 0.002 0.015 0.002 0.016 0.011 
 128   (0.013) 0.004 0.001 0.009 0.002 0.011 0.001 0.002 0.008 0.008 0.001 0.012 0.002 0.012 0.009 
 125   (0.020) 0.007 0.001 0.005 0.002 0.020 0.014 0.003 0.013 0.014 0.003 0.017 0.030 0.019 0.013 
 146   (0.019) 0.005 0.001 0.004 0.002 0.019 0.002 0.003 0.018 0.034 0.002 0.025 0.005 0.018 0.028 

Locus 13 : 
19 alleles
0.5% missing data
 206   (0.129) 0.106 0.036 0.069 0.404 0.128 0.248 0.218 0.100 0.112 0.173 0.120 0.145 0.124 0.100 
 210   (0.096) 0.053 0.208 0.028 0.277 0.092 0.169 0.018 0.128 0.076 0.163 0.089 0.032 0.096 0.111 
 190   (0.071) 0.039 0.005 0.018 0.009 0.071 0.089 0.032 0.071 0.094 0.009 0.076 0.106 0.074 0.081 
 202   (0.087) 0.214 0.008 0.259 0.018 0.087 0.036 0.510 0.120 0.073 0.013 0.092 0.018 0.097 0.111 
 214   (0.036) 0.012 0.201 0.011 0.005 0.034 0.075 0.007 0.028 0.033 0.022 0.035 0.006 0.035 0.027 
 212   (0.032) 0.025 0.084 0.007 0.004 0.045 0.004 0.005 0.023 0.082 0.004 0.028 0.375 0.030 0.024 
 192   (0.108) 0.058 0.007 0.032 0.052 0.108 0.092 0.063 0.152 0.115 0.271 0.114 0.047 0.111 0.144 
 204   (0.037) 0.016 0.054 0.017 0.005 0.036 0.020 0.017 0.030 0.031 0.010 0.036 0.018 0.037 0.030 
 184   (0.054) 0.018 0.003 0.013 0.100 0.063 0.019 0.010 0.044 0.045 0.023 0.049 0.099 0.054 0.042 
 216   (0.021) 0.007 0.001 0.005 0.002 0.018 0.016 0.004 0.026 0.013 0.256 0.018 0.003 0.020 0.021 
 208   (0.046) 0.016 0.009 0.011 0.006 0.043 0.181 0.010 0.063 0.037 0.025 0.042 0.045 0.047 0.056 
 198   (0.041) 0.013 0.002 0.009 0.005 0.043 0.005 0.021 0.041 0.064 0.005 0.056 0.010 0.041 0.056 
 194   (0.070) 0.315 0.325 0.200 0.035 0.064 0.022 0.024 0.050 0.058 0.008 0.071 0.018 0.067 0.055 
 186   (0.018) 0.009 0.034 0.005 0.003 0.016 0.002 0.003 0.011 0.011 0.002 0.016 0.003 0.017 0.012 
 188   (0.020) 0.007 0.001 0.035 0.002 0.018 0.004 0.003 0.014 0.016 0.004 0.020 0.003 0.020 0.015 
 200   (0.068) 0.067 0.017 0.264 0.066 0.067 0.011 0.039 0.051 0.067 0.007 0.067 0.040 0.065 0.055 
 196   (0.038) 0.018 0.002 0.010 0.005 0.040 0.004 0.007 0.031 0.050 0.004 0.045 0.027 0.038 0.041 
 220   (0.012) 0.004 0.001 0.004 0.001 0.010 0.001 0.007 0.007 0.008 0.001 0.010 0.002 0.011 0.008 
 180   (0.015) 0.004 0.001 0.003 0.002 0.016 0.002 0.002 0.011 0.016 0.002 0.016 0.002 0.016 0.012 

Locus 14 : 
8 alleles
1.1% missing data
 139   (0.073) 0.134 0.175 0.058 0.088 0.064 0.011 0.045 0.070 0.050 0.229 0.069 0.012 0.072 0.067 
 145   (0.064) 0.030 0.009 0.037 0.142 0.076 0.012 0.013 0.046 0.060 0.022 0.059 0.161 0.063 0.047 
 151   (0.296) 0.194 0.442 0.288 0.452 0.296 0.640 0.350 0.319 0.305 0.191 0.288 0.390 0.296 0.304 
 157   (0.362) 0.431 0.141 0.325 0.229 0.365 0.293 0.463 0.418 0.391 0.487 0.382 0.282 0.370 0.420 
 154   (0.098) 0.118 0.227 0.029 0.014 0.096 0.032 0.018 0.072 0.112 0.059 0.101 0.116 0.096 0.082 
 163   (0.042) 0.049 0.003 0.012 0.066 0.038 0.005 0.098 0.031 0.032 0.005 0.039 0.006 0.041 0.032 
 160   (0.034) 0.013 0.002 0.233 0.005 0.031 0.004 0.006 0.022 0.023 0.004 0.032 0.005 0.033 0.024 
 142   (0.031) 0.030 0.002 0.018 0.004 0.033 0.004 0.006 0.023 0.027 0.005 0.031 0.028 0.030 0.024 

Locus 15 : 
13 alleles
1.6% missing data
 256   (0.147) 0.193 0.091 0.156 0.164 0.136 0.163 0.130 0.107 0.130 0.156 0.137 0.130 0.143 0.114 
 262   (0.022) 0.151 0.001 0.008 0.260 0.019 0.002 0.004 0.013 0.013 0.002 0.020 0.003 0.021 0.014 
 246   (0.118) 0.103 0.007 0.107 0.178 0.114 0.097 0.023 0.156 0.131 0.140 0.124 0.037 0.120 0.154 
 258   (0.188) 0.204 0.013 0.163 0.027 0.192 0.228 0.507 0.272 0.177 0.294 0.194 0.171 0.200 0.245 
 254   (0.105) 0.068 0.264 0.082 0.013 0.107 0.166 0.187 0.078 0.097 0.027 0.106 0.071 0.103 0.083 
 250   (0.032) 0.021 0.355 0.012 0.004 0.029 0.003 0.010 0.021 0.028 0.003 0.029 0.023 0.031 0.022 
 242   (0.097) 0.062 0.126 0.061 0.187 0.112 0.011 0.022 0.085 0.143 0.011 0.111 0.182 0.094 0.107 
 252   (0.064) 0.075 0.024 0.024 0.115 0.065 0.030 0.014 0.070 0.053 0.030 0.061 0.041 0.065 0.061 
 248   (0.134) 0.090 0.113 0.353 0.026 0.138 0.041 0.088 0.126 0.139 0.317 0.128 0.276 0.132 0.121 
 260   (0.038) 0.013 0.002 0.020 0.005 0.037 0.251 0.007 0.035 0.030 0.013 0.037 0.006 0.040 0.034 
 264   (0.015) 0.005 0.001 0.004 0.002 0.015 0.002 0.002 0.012 0.023 0.002 0.019 0.004 0.015 0.017 
 244   (0.028) 0.013 0.002 0.008 0.017 0.026 0.003 0.005 0.018 0.029 0.003 0.025 0.055 0.027 0.020 
 276   (0.012) 0.003 0.001 0.003 0.001 0.010 0.001 0.002 0.007 0.007 0.001 0.010 0.002 0.011 0.008 

Values of parameters used in structure:
DATAFILE=G:\Shared drives\Emily_Schumacher\QUAC_analyses\QUAC_structure_wild_relate\QUAC_allpop_relate_red_12_15_21\project_data,	OUTFILE=G:\Shared drives\Emily_Schumacher\QUAC_analyses\QUAC_structure_wild_relate\QUAC_allpop_relate_red_12_15_21\50-100\Results\50-100_run_67,	NUMINDS=188,	NUMLOCI=15,	MISSING=-9,	LABEL=1,	POPDATA=1,	POPFLAG=0,	PHENOTYPE=0,	EXTRACOLS=0,	MAXPOPS=14,	BURNIN=50000,	NUMREPS=100000,	USEPOPINFO=0,	INFERALPHA=1,	INFERLAMBDA=0,	POPSPECIFICLAMBDA=0,	POPALPHAS=0,	COMPUTEPROB=1,	NOADMIX=0,	ADMBURNIN=2500,	UPDATEFREQ=1,	PRINTLIKES=0,	INTERMEDSAVE=0,	PRINTKLD=0,	PRINTNET=0,	PRINTLAMBDA=0,	ANCESTDIST=0,	NUMBOXES=1000,	ANCESTPINT=0.90000,	GENSBACK=2,	MIGRPRIOR=0.05000,	PRINTQHAT=0,	PRINTQSUM=0,	ALPHA=1.0000,	FREQSCORR=1,	FPRIORMEAN=0.0100,	FPRIORSD=0.0500,	ONEFST=0,	LAMBDA=1.0000,	UNIFPRIORALPHA=1,	ALPHAMAX=10.0000,	ALPHAPRIORA=1.0000,	ALPHAPRIORB=2.0000,	ALPHAPROPSD=0.0250,	STARTATPOPINFO=0,	RANDOMIZE=1,	LINKAGE=0,	METROFREQ=10,	REPORTHITRATE=0,	MARKOVPHASE=-1,	PHASED=0,	PLOIDY=2,	PHASEINFO=0	LOCPRIOR=0, 	LOCPRIORINIT=1.000000, 	LOCDATA=0, 	LOCISPOP=0, 	LOCPRIORSTEP=0.100000, 	MAXLOCPRIOR=20.000000, 	SEED=1639609906,	
[STRAT parameters]:    NUMSIMSTATS=1000,	PHENOTYPECOL=-9,	POOLFREQ=10,	LOCUSxONLY=0,	EMERROR=0.00100,	MISSINGPHENO=-9,	