

----------------------------------------------------
STRUCTURE by Pritchard, Stephens and Donnelly (2000)
     and Falush, Stephens and Pritchard (2003)
       Code by Pritchard, Falush and Hubisz
             Version 2.3.4 (Jul 2012)
----------------------------------------------------



Command line arguments:   bin\structure -m G:\Shared drives\Emily_Schumacher\QUAC_analyses\QUAC_structure_wild_relate\QUAC_allpop_relate_red_12_15_21\50-100\mainparams -e G:\Shared drives\Emily_Schumacher\QUAC_analyses\QUAC_structure_wild_relate\QUAC_allpop_relate_red_12_15_21\50-100\extraparams 
Input File:    G:\Shared drives\Emily_Schumacher\QUAC_analyses\QUAC_structure_wild_relate\QUAC_allpop_relate_red_12_15_21\project_data

Run parameters:
   188 individuals
   15 loci
   18 populations assumed
   50000 Burn-in period
   100000 Reps


--------------------------------------------
Proportion of membership of each pre-defined
 population in each of the 18 clusters

Given    Inferred Clusters                                                                                                                Number of
 Pop       1      2      3      4      5      6      7      8      9     10     11     12     13     14     15     16     17     18      Individuals

  1:     0.015  0.004  0.006  0.004  0.010  0.009  0.860  0.009  0.008  0.009  0.004  0.009  0.009  0.005  0.015  0.005  0.009  0.008        2
  2:     0.265  0.006  0.074  0.037  0.039  0.031  0.038  0.030  0.024  0.030  0.019  0.026  0.031  0.016  0.103  0.184  0.027  0.022       17
  3:     0.145  0.085  0.094  0.013  0.048  0.038  0.054  0.041  0.037  0.037  0.026  0.037  0.044  0.010  0.199  0.013  0.043  0.034       19
  4:     0.010  0.014  0.011  0.018  0.059  0.048  0.107  0.045  0.045  0.045  0.064  0.041  0.058  0.016  0.310  0.011  0.049  0.050       10
  5:     0.550  0.006  0.249  0.010  0.016  0.013  0.009  0.015  0.013  0.014  0.026  0.015  0.015  0.007  0.013  0.005  0.013  0.012        2
  6:     0.008  0.100  0.015  0.016  0.027  0.027  0.008  0.034  0.032  0.031  0.006  0.031  0.028  0.011  0.418  0.144  0.034  0.032        2
  7:     0.128  0.019  0.239  0.123  0.043  0.045  0.010  0.067  0.046  0.048  0.007  0.060  0.049  0.007  0.005  0.011  0.047  0.048        1
  8:     0.852  0.005  0.031  0.011  0.007  0.007  0.007  0.007  0.007  0.007  0.007  0.007  0.008  0.010  0.008  0.005  0.006  0.007        1
  9:     0.005  0.010  0.049  0.011  0.084  0.099  0.006  0.115  0.100  0.097  0.005  0.094  0.058  0.061  0.008  0.006  0.107  0.085        1
 10:     0.013  0.351  0.007  0.013  0.032  0.035  0.006  0.039  0.064  0.049  0.010  0.052  0.060  0.011  0.007  0.138  0.046  0.067        6
 11:     0.039  0.137  0.111  0.026  0.046  0.046  0.013  0.044  0.048  0.049  0.037  0.048  0.050  0.019  0.103  0.084  0.048  0.050       16
 12:     0.021  0.009  0.007  0.008  0.033  0.042  0.014  0.045  0.053  0.046  0.018  0.048  0.057  0.466  0.012  0.003  0.054  0.066        1
 13:     0.013  0.018  0.013  0.013  0.050  0.043  0.023  0.038  0.034  0.040  0.388  0.035  0.044  0.017  0.146  0.012  0.040  0.033       33
 14:     0.070  0.148  0.348  0.120  0.025  0.020  0.009  0.019  0.020  0.020  0.009  0.018  0.020  0.014  0.016  0.084  0.019  0.020       21
 15:     0.009  0.010  0.012  0.044  0.020  0.017  0.693  0.018  0.019  0.018  0.013  0.018  0.019  0.009  0.018  0.025  0.019  0.018       14
 16:     0.012  0.010  0.017  0.013  0.026  0.039  0.013  0.032  0.026  0.027  0.015  0.040  0.028  0.618  0.016  0.009  0.028  0.030       35
 17:     0.011  0.009  0.009  0.016  0.090  0.098  0.009  0.118  0.105  0.098  0.010  0.096  0.073  0.022  0.017  0.007  0.110  0.100        7
--------------------------------------------

Allele-freq. divergence among pops (Net nucleotide distance),
computed using point estimates of P.

      1       2       3       4       5       6       7       8       9      10      11      12      13      14      15      16      17      18      
 1      -    0.1175  0.0914  0.1279  0.0815  0.0825  0.1136  0.0851  0.0820  0.0816  0.1338  0.0835  0.0812  0.1200  0.1047  0.1446  0.0828  0.0808  
 2   0.1175     -    0.0812  0.0649  0.0357  0.0347  0.0884  0.0347  0.0318  0.0328  0.0950  0.0333  0.0332  0.0631  0.0700  0.0714  0.0334  0.0315  
 3   0.0914  0.0812     -    0.0909  0.0566  0.0551  0.0932  0.0566  0.0534  0.0550  0.1101  0.0538  0.0557  0.0789  0.0954  0.1042  0.0553  0.0519  
 4   0.1279  0.0649  0.0909     -    0.0464  0.0472  0.0938  0.0465  0.0437  0.0460  0.1148  0.0452  0.0462  0.0738  0.0893  0.0895  0.0456  0.0433  
 5   0.0815  0.0357  0.0566  0.0464     -    0.0005  0.0463  0.0007  0.0012  0.0005  0.0446  0.0011  0.0003  0.0340  0.0290  0.0585  0.0006  0.0016  
 6   0.0825  0.0347  0.0551  0.0472  0.0005     -    0.0457  0.0003  0.0006  0.0002  0.0470  0.0003  0.0004  0.0296  0.0313  0.0576  0.0002  0.0008  
 7   0.1136  0.0884  0.0932  0.0938  0.0463  0.0457     -    0.0456  0.0434  0.0447  0.0932  0.0446  0.0445  0.0785  0.0830  0.1060  0.0445  0.0430  
 8   0.0851  0.0347  0.0566  0.0465  0.0007  0.0003  0.0456     -    0.0006  0.0003  0.0483  0.0003  0.0006  0.0312  0.0339  0.0569  0.0002  0.0009  
 9   0.0820  0.0318  0.0534  0.0437  0.0012  0.0006  0.0434  0.0006     -    0.0002  0.0481  0.0003  0.0005  0.0299  0.0338  0.0554  0.0002  0.0001  
10   0.0816  0.0328  0.0550  0.0460  0.0005  0.0002  0.0447  0.0003  0.0002     -    0.0461  0.0003  0.0001  0.0312  0.0315  0.0566  0.0001  0.0004  
11   0.1338  0.0950  0.1101  0.1148  0.0446  0.0470  0.0932  0.0483  0.0481  0.0461     -    0.0482  0.0448  0.0898  0.0610  0.1053  0.0470  0.0487  
12   0.0835  0.0333  0.0538  0.0452  0.0011  0.0003  0.0446  0.0003  0.0003  0.0003  0.0482     -    0.0005  0.0278  0.0337  0.0562  0.0002  0.0004  
13   0.0812  0.0332  0.0557  0.0462  0.0003  0.0004  0.0445  0.0006  0.0005  0.0001  0.0448  0.0005     -    0.0313  0.0308  0.0562  0.0002  0.0007  
14   0.1200  0.0631  0.0789  0.0738  0.0340  0.0296  0.0785  0.0312  0.0299  0.0312  0.0898  0.0278  0.0313     -    0.0767  0.0857  0.0310  0.0285  
15   0.1047  0.0700  0.0954  0.0893  0.0290  0.0313  0.0830  0.0339  0.0338  0.0315  0.0610  0.0337  0.0308  0.0767     -    0.1014  0.0326  0.0339  
16   0.1446  0.0714  0.1042  0.0895  0.0585  0.0576  0.1060  0.0569  0.0554  0.0566  0.1053  0.0562  0.0562  0.0857  0.1014     -    0.0555  0.0551  
17   0.0828  0.0334  0.0553  0.0456  0.0006  0.0002  0.0445  0.0002  0.0002  0.0001  0.0470  0.0002  0.0002  0.0310  0.0326  0.0555     -    0.0005  
18   0.0808  0.0315  0.0519  0.0433  0.0016  0.0008  0.0430  0.0009  0.0001  0.0004  0.0487  0.0004  0.0007  0.0285  0.0339  0.0551  0.0005     -    

Average distances (expected heterozygosity) between individuals in same cluster:
cluster  1  : 0.4272 
cluster  2  : 0.6000 
cluster  3  : 0.5087 
cluster  4  : 0.6137 
cluster  5  : 0.6216 
cluster  6  : 0.6251 
cluster  7  : 0.5316 
cluster  8  : 0.6264 
cluster  9  : 0.6414 
cluster 10  : 0.6321 
cluster 11  : 0.5112 
cluster 12  : 0.6295 
cluster 13  : 0.6301 
cluster 14  : 0.5341 
cluster 15  : 0.5159 
cluster 16  : 0.5194 
cluster 17  : 0.6310 
cluster 18  : 0.6431 

--------------------------------------------
Estimated Ln Prob of Data   = -8171.1
Mean value of ln likelihood = -6966.0
Variance of ln likelihood   = 2410.1
Mean value of alpha         = 0.0394

Mean value of Fst_1         = 0.4078
Mean value of Fst_2         = 0.1589
Mean value of Fst_3         = 0.2550
Mean value of Fst_4         = 0.2435
Mean value of Fst_5         = 0.1165
Mean value of Fst_6         = 0.0882
Mean value of Fst_7         = 0.2089
Mean value of Fst_8         = 0.0803
Mean value of Fst_9         = 0.0214
Mean value of Fst_10         = 0.0680
Mean value of Fst_11         = 0.2335
Mean value of Fst_12         = 0.0731
Mean value of Fst_13         = 0.0676
Mean value of Fst_14         = 0.1578
Mean value of Fst_15         = 0.2126
Mean value of Fst_16         = 0.2659
Mean value of Fst_17         = 0.0529
Mean value of Fst_18         = 0.0085


Inferred ancestry of individuals:
        Label (%Miss) Pop:  Inferred clusters
  1 QAc-G-0029    (0)    1 :  0.026 0.004 0.005 0.005 0.015 0.012 0.804 0.012 0.011 0.012 0.005 0.012 0.013 0.005 0.027 0.005 0.013 0.012 
  2 QAc-G-0030    (0)    1 :  0.004 0.004 0.007 0.003 0.005 0.005 0.917 0.006 0.006 0.005 0.004 0.006 0.005 0.006 0.004 0.004 0.006 0.005 
  3 QAc-G-0062    (0)    2 :  0.027 0.008 0.265 0.044 0.020 0.027 0.007 0.028 0.030 0.022 0.005 0.024 0.021 0.031 0.006 0.386 0.026 0.024 
  4 QAc-G-0063    (0)    2 :  0.582 0.008 0.050 0.019 0.029 0.029 0.006 0.033 0.031 0.029 0.016 0.033 0.032 0.014 0.024 0.010 0.029 0.026 
  5 QAc-G-0064    (0)    2 :  0.007 0.006 0.024 0.004 0.006 0.006 0.005 0.006 0.006 0.006 0.004 0.006 0.006 0.007 0.007 0.882 0.006 0.006 
  6 QAc-G-0065    (0)    2 :  0.003 0.010 0.003 0.004 0.005 0.005 0.007 0.005 0.004 0.005 0.005 0.005 0.005 0.003 0.004 0.919 0.005 0.005 
  7 QAc-G-0066    (0)    2 :  0.935 0.003 0.005 0.004 0.004 0.004 0.005 0.004 0.004 0.003 0.003 0.004 0.004 0.004 0.004 0.003 0.004 0.004 
  8 QAc-G-0067    (0)    2 :  0.005 0.010 0.004 0.007 0.014 0.015 0.015 0.014 0.015 0.018 0.008 0.015 0.015 0.006 0.013 0.796 0.016 0.014 
  9 QAc-G-0068    (0)    2 :  0.447 0.006 0.005 0.459 0.021 0.005 0.005 0.004 0.005 0.005 0.004 0.005 0.004 0.007 0.003 0.006 0.004 0.005 
 10 QAc-G-0070    (0)    2 :  0.479 0.005 0.129 0.018 0.024 0.036 0.012 0.030 0.025 0.023 0.006 0.036 0.027 0.072 0.010 0.020 0.022 0.029 
 11 QAc-G-0071   (13)    2 :  0.867 0.005 0.042 0.005 0.006 0.006 0.008 0.006 0.005 0.006 0.003 0.006 0.006 0.005 0.008 0.004 0.006 0.006 
 12 QAc-G-0072    (0)    2 :  0.917 0.004 0.004 0.005 0.005 0.005 0.005 0.005 0.005 0.005 0.004 0.005 0.005 0.006 0.005 0.005 0.005 0.005 
 13 QAc-G-0073    (0)    2 :  0.004 0.004 0.004 0.007 0.088 0.056 0.011 0.042 0.021 0.038 0.015 0.028 0.059 0.011 0.561 0.004 0.030 0.018 
 14 QAc-G-0074    (0)    2 :  0.167 0.006 0.040 0.007 0.056 0.047 0.005 0.040 0.040 0.052 0.021 0.042 0.038 0.013 0.349 0.005 0.036 0.035 
 15 QAc-G-0075    (0)    2 :  0.011 0.008 0.012 0.009 0.032 0.023 0.016 0.028 0.028 0.029 0.028 0.023 0.025 0.007 0.658 0.010 0.028 0.023 
 16 QAc-G-0076    (0)    2 :  0.009 0.006 0.005 0.008 0.172 0.111 0.009 0.063 0.043 0.083 0.091 0.052 0.132 0.007 0.055 0.029 0.081 0.043 
 17 QAc-G-0080    (0)    2 :  0.009 0.006 0.021 0.013 0.040 0.045 0.501 0.044 0.051 0.045 0.005 0.041 0.042 0.006 0.013 0.024 0.044 0.050 
 18 QAc-G-0081    (0)    2 :  0.005 0.008 0.012 0.015 0.104 0.090 0.007 0.130 0.079 0.121 0.011 0.099 0.086 0.060 0.005 0.006 0.091 0.071 
 19 QAc-G-0083    (0)    2 :  0.028 0.005 0.633 0.005 0.037 0.020 0.016 0.020 0.016 0.019 0.089 0.017 0.020 0.009 0.019 0.010 0.019 0.015 
 20 QAc-G-0285    (0)    3 :  0.070 0.009 0.819 0.007 0.007 0.006 0.011 0.007 0.007 0.007 0.005 0.007 0.007 0.007 0.005 0.004 0.007 0.007 
 21 QAc-G-0287    (0)    3 :  0.945 0.003 0.005 0.003 0.003 0.003 0.003 0.003 0.003 0.003 0.003 0.003 0.003 0.003 0.004 0.003 0.003 0.003 
 22 QAc-G-0288    (6)    3 :  0.873 0.006 0.005 0.009 0.006 0.006 0.016 0.007 0.007 0.007 0.007 0.007 0.007 0.010 0.006 0.005 0.008 0.007 
 23 QAc-G-0292    (0)    3 :  0.151 0.008 0.695 0.009 0.012 0.013 0.005 0.013 0.013 0.012 0.005 0.011 0.011 0.011 0.005 0.006 0.010 0.010 
 24 QAc-G-0294    (0)    3 :  0.005 0.009 0.004 0.021 0.147 0.121 0.017 0.107 0.063 0.068 0.040 0.078 0.128 0.005 0.039 0.016 0.098 0.034 
 25 QAc-G-0295    (0)    3 :  0.015 0.007 0.021 0.005 0.104 0.051 0.020 0.053 0.029 0.050 0.024 0.036 0.076 0.005 0.415 0.018 0.052 0.018 
 26 QAc-G-0296    (0)    3 :  0.007 0.006 0.013 0.007 0.105 0.058 0.005 0.030 0.024 0.045 0.046 0.027 0.075 0.008 0.446 0.041 0.039 0.020 
 27 QAc-G-0297    (0)    3 :  0.003 0.019 0.004 0.013 0.057 0.065 0.006 0.075 0.104 0.081 0.035 0.081 0.070 0.007 0.200 0.003 0.078 0.100 
 28 QAc-G-0298    (6)    3 :  0.004 0.006 0.016 0.006 0.032 0.020 0.015 0.021 0.019 0.019 0.010 0.018 0.025 0.005 0.740 0.008 0.022 0.015 
 29 QAc-G-0299    (0)    3 :  0.011 0.010 0.005 0.010 0.025 0.028 0.005 0.013 0.011 0.018 0.125 0.014 0.013 0.004 0.672 0.005 0.018 0.012 
 30 QAc-G-0300    (0)    3 :  0.005 0.011 0.004 0.011 0.100 0.054 0.005 0.047 0.031 0.042 0.094 0.035 0.077 0.018 0.351 0.035 0.053 0.027 
 31 QAc-G-0301    (0)    3 :  0.011 0.005 0.009 0.004 0.010 0.011 0.008 0.011 0.011 0.012 0.017 0.010 0.010 0.005 0.810 0.037 0.010 0.010 
 32 QAc-G-0302    (0)    3 :  0.005 0.748 0.007 0.019 0.016 0.019 0.005 0.023 0.017 0.017 0.024 0.024 0.017 0.005 0.012 0.004 0.020 0.018 
 33 QAc-G-0303    (0)    3 :  0.005 0.718 0.014 0.043 0.016 0.018 0.007 0.018 0.020 0.015 0.004 0.023 0.017 0.025 0.004 0.010 0.019 0.022 
 34 QAc-G-0305    (0)    3 :  0.624 0.026 0.084 0.033 0.020 0.019 0.020 0.023 0.021 0.020 0.004 0.022 0.020 0.011 0.006 0.006 0.021 0.021 
 35 QAc-G-0307    (0)    3 :  0.004 0.007 0.010 0.006 0.009 0.010 0.845 0.011 0.009 0.011 0.006 0.010 0.011 0.018 0.007 0.006 0.011 0.011 
 36 QAc-G-0313    (0)    3 :  0.011 0.005 0.053 0.017 0.067 0.073 0.010 0.100 0.128 0.086 0.007 0.093 0.094 0.013 0.007 0.018 0.097 0.119 
 37 QAc-G-0314    (0)    3 :  0.004 0.012 0.003 0.009 0.085 0.078 0.010 0.102 0.099 0.086 0.026 0.109 0.088 0.012 0.046 0.009 0.115 0.106 
 38 QAc-G-0316    (0)    3 :  0.009 0.006 0.007 0.009 0.094 0.075 0.022 0.123 0.093 0.097 0.013 0.105 0.084 0.020 0.007 0.013 0.138 0.085 
 39 QAc-G-0033    (0)    4 :  0.006 0.006 0.004 0.006 0.014 0.010 0.007 0.011 0.008 0.012 0.179 0.011 0.013 0.006 0.675 0.012 0.013 0.008 
 40 QAc-G-0034    (0)    4 :  0.005 0.010 0.004 0.006 0.011 0.014 0.024 0.012 0.011 0.010 0.010 0.011 0.014 0.012 0.815 0.009 0.011 0.011 
 41 QAc-G-0035    (0)    4 :  0.015 0.009 0.013 0.010 0.081 0.066 0.013 0.077 0.039 0.059 0.344 0.059 0.072 0.006 0.025 0.021 0.057 0.035 
 42 QAc-G-0036    (0)    4 :  0.014 0.004 0.008 0.006 0.012 0.013 0.007 0.011 0.010 0.013 0.008 0.011 0.011 0.007 0.829 0.013 0.012 0.011 
 43 QAc-G-0039    (0)    4 :  0.009 0.010 0.005 0.012 0.145 0.105 0.033 0.133 0.063 0.081 0.020 0.085 0.121 0.010 0.023 0.008 0.101 0.036 
 44 QAc-G-0040    (0)    4 :  0.017 0.013 0.043 0.008 0.146 0.094 0.011 0.066 0.056 0.073 0.037 0.058 0.111 0.068 0.050 0.007 0.075 0.066 
 45 QAc-G-0045    (0)    4 :  0.010 0.005 0.005 0.005 0.076 0.046 0.012 0.016 0.009 0.043 0.023 0.009 0.040 0.005 0.668 0.006 0.015 0.008 
 46 QAc-G-0050    (0)    4 :  0.011 0.058 0.015 0.103 0.043 0.057 0.081 0.056 0.120 0.067 0.004 0.062 0.086 0.013 0.004 0.007 0.083 0.129 
 47 QAc-G-0052    (0)    4 :  0.004 0.005 0.004 0.008 0.010 0.011 0.840 0.011 0.011 0.010 0.005 0.012 0.012 0.008 0.006 0.020 0.012 0.010 
 48 QAc-G-0056    (0)    4 :  0.007 0.016 0.006 0.020 0.056 0.065 0.040 0.055 0.118 0.078 0.006 0.094 0.097 0.023 0.008 0.009 0.110 0.190 
 49 QAc-G-0276    (0)    5 :  0.328 0.005 0.482 0.008 0.017 0.013 0.009 0.015 0.012 0.016 0.021 0.015 0.012 0.005 0.014 0.004 0.013 0.011 
 50 QAc-G-0280    (6)    5 :  0.772 0.007 0.016 0.012 0.014 0.013 0.009 0.015 0.013 0.013 0.032 0.015 0.017 0.008 0.012 0.006 0.013 0.013 
 51 QAc-G-0018    (0)    6 :  0.007 0.015 0.004 0.020 0.015 0.012 0.011 0.010 0.011 0.012 0.007 0.010 0.013 0.006 0.819 0.006 0.010 0.011 
 52 QAc-G-0017    (0)    6 :  0.009 0.185 0.026 0.012 0.040 0.042 0.004 0.058 0.053 0.050 0.004 0.051 0.043 0.015 0.017 0.281 0.057 0.052 
 53 QAc-G-0250    (0)    7 :  0.128 0.019 0.239 0.123 0.043 0.045 0.010 0.067 0.046 0.048 0.007 0.060 0.049 0.007 0.005 0.011 0.047 0.048 
 54 QAc-G-0003    (6)    8 :  0.852 0.005 0.031 0.011 0.007 0.007 0.007 0.007 0.007 0.007 0.007 0.007 0.008 0.010 0.008 0.005 0.006 0.007 
 55 QAc-G-0283    (0)    9 :  0.005 0.010 0.049 0.011 0.084 0.099 0.006 0.115 0.100 0.097 0.005 0.094 0.058 0.061 0.008 0.006 0.107 0.085 
 56 QAc-G-0255    (0)   10 :  0.004 0.474 0.006 0.024 0.040 0.038 0.004 0.039 0.052 0.068 0.026 0.078 0.060 0.006 0.009 0.007 0.034 0.030 
 57 QAc-G-0256    (0)   10 :  0.018 0.858 0.012 0.006 0.008 0.007 0.005 0.007 0.007 0.008 0.009 0.007 0.008 0.004 0.007 0.015 0.008 0.007 
 58 QAc-G-0257    (0)   10 :  0.004 0.697 0.006 0.012 0.016 0.013 0.010 0.015 0.019 0.022 0.004 0.025 0.021 0.018 0.006 0.074 0.016 0.023 
 59 QAc-G-0259    (0)   10 :  0.003 0.014 0.002 0.009 0.041 0.063 0.002 0.075 0.158 0.060 0.007 0.102 0.148 0.006 0.003 0.003 0.111 0.193 
 60 QAc-G-0260    (0)   10 :  0.044 0.051 0.012 0.013 0.044 0.050 0.008 0.059 0.101 0.086 0.010 0.057 0.081 0.028 0.008 0.166 0.072 0.110 
 61 QAc-G-0261    (0)   10 :  0.004 0.013 0.006 0.013 0.041 0.037 0.006 0.039 0.049 0.049 0.004 0.042 0.041 0.005 0.011 0.563 0.037 0.039 
 62 QAc-G-0109    (0)   11 :  0.006 0.386 0.010 0.009 0.043 0.045 0.015 0.057 0.060 0.051 0.004 0.056 0.050 0.022 0.019 0.049 0.055 0.063 
 63 QAc-G-0113    (0)   11 :  0.012 0.566 0.053 0.103 0.019 0.021 0.020 0.019 0.023 0.022 0.005 0.028 0.020 0.007 0.013 0.022 0.023 0.027 
 64 QAc-G-0114    (0)   11 :  0.011 0.542 0.007 0.019 0.019 0.020 0.007 0.024 0.039 0.031 0.087 0.054 0.033 0.006 0.022 0.004 0.033 0.041 
 65 QAc-G-0117    (0)   11 :  0.007 0.092 0.051 0.084 0.061 0.060 0.011 0.074 0.064 0.072 0.036 0.056 0.070 0.007 0.060 0.075 0.069 0.051 
 66 QAc-G-0120    (0)   11 :  0.004 0.206 0.010 0.021 0.040 0.050 0.009 0.050 0.104 0.066 0.011 0.087 0.086 0.008 0.013 0.008 0.093 0.136 
 67 QAc-G-0125    (0)   11 :  0.017 0.018 0.055 0.008 0.023 0.017 0.036 0.021 0.023 0.023 0.005 0.022 0.024 0.025 0.004 0.633 0.021 0.026 
 68 QAc-G-0141    (0)   11 :  0.019 0.054 0.016 0.060 0.092 0.086 0.024 0.095 0.082 0.083 0.013 0.076 0.070 0.018 0.031 0.022 0.091 0.068 
 69 QAc-G-0143    (0)   11 :  0.006 0.005 0.004 0.011 0.133 0.158 0.006 0.062 0.079 0.131 0.004 0.087 0.117 0.004 0.008 0.003 0.082 0.099 
 70 QAc-G-0147    (0)   11 :  0.005 0.084 0.038 0.029 0.035 0.032 0.008 0.032 0.045 0.034 0.009 0.034 0.036 0.072 0.028 0.389 0.042 0.048 
 71 QAc-G-0174    (0)   11 :  0.062 0.004 0.859 0.006 0.006 0.005 0.006 0.005 0.005 0.005 0.005 0.004 0.005 0.004 0.007 0.003 0.005 0.005 
 72 QAc-G-0182    (0)   11 :  0.270 0.005 0.633 0.004 0.010 0.006 0.003 0.007 0.006 0.007 0.004 0.006 0.006 0.004 0.004 0.012 0.006 0.007 
 73 QAc-G-0188    (0)   11 :  0.186 0.189 0.012 0.034 0.047 0.042 0.004 0.062 0.064 0.085 0.014 0.073 0.067 0.005 0.007 0.007 0.041 0.061 
 74 QAc-G-0229    (0)   11 :  0.005 0.008 0.009 0.006 0.012 0.012 0.007 0.011 0.012 0.011 0.006 0.012 0.011 0.011 0.841 0.004 0.011 0.011 
 75 QAc-G-0233    (0)   11 :  0.006 0.005 0.004 0.008 0.049 0.055 0.029 0.062 0.067 0.059 0.291 0.064 0.065 0.077 0.014 0.010 0.057 0.079 
 76 QAc-G-0237    (0)   11 :  0.009 0.023 0.007 0.007 0.048 0.022 0.018 0.030 0.020 0.027 0.026 0.027 0.044 0.011 0.568 0.054 0.035 0.023 
 77 QAc-G-0243    (0)   11 :  0.004 0.009 0.008 0.009 0.106 0.099 0.012 0.098 0.078 0.082 0.079 0.081 0.099 0.025 0.015 0.044 0.098 0.054 
 78 QAc-G-0249    (0)   12 :  0.021 0.009 0.007 0.008 0.033 0.042 0.014 0.045 0.053 0.046 0.018 0.048 0.057 0.466 0.012 0.003 0.054 0.066 
 79 QAc-W-0001    (0)   13 :  0.003 0.013 0.004 0.004 0.009 0.009 0.005 0.008 0.011 0.009 0.830 0.009 0.009 0.005 0.039 0.014 0.010 0.008 
 80 QAc-W-0002    (0)   13 :  0.034 0.028 0.007 0.009 0.065 0.055 0.006 0.028 0.030 0.048 0.017 0.028 0.042 0.013 0.522 0.004 0.034 0.028 
 81 QAc-W-0003    (0)   13 :  0.008 0.015 0.025 0.011 0.016 0.014 0.018 0.017 0.013 0.017 0.753 0.014 0.016 0.005 0.017 0.012 0.016 0.014 
 82 QAc-W-0004    (0)   13 :  0.008 0.004 0.004 0.004 0.007 0.006 0.007 0.005 0.006 0.006 0.894 0.006 0.007 0.005 0.015 0.004 0.006 0.005 
 83 QAc-W-0005    (0)   13 :  0.005 0.005 0.006 0.004 0.008 0.008 0.004 0.008 0.007 0.007 0.892 0.007 0.007 0.007 0.007 0.005 0.008 0.006 
 84 QAc-W-0007   (13)   13 :  0.005 0.005 0.006 0.005 0.009 0.007 0.005 0.008 0.007 0.007 0.878 0.007 0.009 0.007 0.015 0.006 0.008 0.007 
 85 QAc-W-0008    (6)   13 :  0.005 0.008 0.007 0.018 0.025 0.031 0.004 0.024 0.029 0.030 0.675 0.027 0.028 0.013 0.015 0.004 0.029 0.029 
 86 QAc-W-0009    (0)   13 :  0.018 0.170 0.006 0.013 0.087 0.055 0.009 0.065 0.058 0.060 0.018 0.057 0.091 0.025 0.123 0.010 0.068 0.069 
 87 QAc-W-0010    (0)   13 :  0.007 0.018 0.017 0.011 0.020 0.024 0.005 0.024 0.018 0.022 0.671 0.022 0.025 0.030 0.010 0.035 0.022 0.018 
 88 QAc-W-0011    (0)   13 :  0.037 0.011 0.014 0.013 0.068 0.052 0.014 0.036 0.039 0.046 0.399 0.036 0.068 0.006 0.065 0.011 0.046 0.039 
 89 QAc-W-0012    (0)   13 :  0.014 0.009 0.006 0.014 0.024 0.024 0.012 0.019 0.022 0.024 0.624 0.020 0.025 0.015 0.094 0.010 0.023 0.021 
 90 QAc-W-0013    (0)   13 :  0.015 0.046 0.007 0.010 0.147 0.084 0.140 0.041 0.029 0.075 0.013 0.040 0.102 0.006 0.158 0.007 0.048 0.030 
 91 QAc-W-0014    (0)   13 :  0.004 0.004 0.009 0.005 0.015 0.013 0.005 0.013 0.012 0.012 0.821 0.014 0.013 0.015 0.016 0.005 0.013 0.010 
 92 QAc-W-0015    (0)   13 :  0.017 0.011 0.124 0.006 0.113 0.073 0.014 0.034 0.025 0.065 0.012 0.030 0.067 0.017 0.335 0.004 0.033 0.022 
 93 QAc-W-0017    (0)   13 :  0.009 0.012 0.043 0.015 0.098 0.108 0.020 0.113 0.069 0.099 0.010 0.078 0.077 0.036 0.031 0.007 0.101 0.073 
 94 QAc-W-0018    (0)   13 :  0.005 0.021 0.004 0.033 0.048 0.040 0.040 0.067 0.068 0.059 0.362 0.056 0.049 0.009 0.020 0.014 0.051 0.054 
 95 QAc-W-0020    (0)   13 :  0.004 0.004 0.006 0.010 0.022 0.023 0.003 0.024 0.021 0.026 0.754 0.021 0.021 0.004 0.007 0.011 0.021 0.017 
 96 QAc-W-0021    (0)   13 :  0.011 0.020 0.004 0.016 0.047 0.049 0.110 0.060 0.057 0.057 0.301 0.056 0.059 0.008 0.015 0.009 0.060 0.061 
 97 QAc-W-0022    (0)   13 :  0.015 0.008 0.024 0.009 0.094 0.098 0.012 0.094 0.084 0.079 0.016 0.094 0.081 0.022 0.091 0.007 0.111 0.060 
 98 QAc-W-0023    (6)   13 :  0.003 0.035 0.005 0.008 0.091 0.089 0.019 0.068 0.059 0.067 0.085 0.068 0.079 0.029 0.113 0.034 0.081 0.064 
 99 QAc-W-0024    (0)   13 :  0.052 0.010 0.005 0.008 0.051 0.050 0.075 0.060 0.053 0.063 0.304 0.058 0.051 0.010 0.021 0.006 0.075 0.050 
100 QAc-W-0025    (0)   13 :  0.008 0.010 0.004 0.010 0.028 0.027 0.017 0.028 0.025 0.031 0.323 0.030 0.041 0.009 0.349 0.004 0.032 0.025 
101 QAc-W-0026    (0)   13 :  0.044 0.015 0.014 0.018 0.033 0.030 0.077 0.025 0.032 0.033 0.433 0.035 0.040 0.026 0.047 0.024 0.035 0.039 
102 QAc-W-0027    (0)   13 :  0.006 0.012 0.004 0.007 0.019 0.017 0.005 0.018 0.016 0.017 0.085 0.015 0.018 0.010 0.716 0.004 0.019 0.014 
103 QAc-W-0028    (0)   13 :  0.008 0.007 0.008 0.008 0.044 0.038 0.004 0.033 0.026 0.035 0.544 0.025 0.036 0.008 0.117 0.003 0.035 0.022 
104 QAc-W-0029    (0)   13 :  0.004 0.011 0.004 0.026 0.104 0.079 0.007 0.052 0.025 0.047 0.255 0.040 0.072 0.004 0.174 0.019 0.058 0.019 
105 QAc-W-0032    (0)   13 :  0.003 0.004 0.003 0.005 0.013 0.011 0.006 0.013 0.011 0.013 0.812 0.011 0.011 0.008 0.026 0.027 0.014 0.010 
106 QAc-W-0033    (0)   13 :  0.004 0.010 0.010 0.065 0.058 0.067 0.014 0.074 0.076 0.069 0.146 0.079 0.076 0.023 0.020 0.029 0.082 0.100 
107 QAc-W-0035    (0)   13 :  0.021 0.005 0.014 0.023 0.043 0.036 0.018 0.038 0.041 0.038 0.110 0.037 0.048 0.022 0.411 0.008 0.045 0.040 
108 QAc-W-0037    (0)   13 :  0.009 0.005 0.006 0.008 0.018 0.011 0.014 0.011 0.012 0.012 0.025 0.011 0.015 0.007 0.797 0.017 0.012 0.010 
109 QAc-W-0038    (0)   13 :  0.009 0.012 0.031 0.011 0.091 0.096 0.007 0.095 0.074 0.083 0.103 0.082 0.068 0.010 0.073 0.011 0.083 0.062 
110 QAc-W-0040    (0)   13 :  0.009 0.007 0.009 0.006 0.019 0.020 0.014 0.018 0.025 0.021 0.585 0.021 0.024 0.131 0.019 0.021 0.021 0.030 
111 QAc-W-0041    (0)   13 :  0.032 0.028 0.006 0.032 0.097 0.065 0.062 0.041 0.029 0.060 0.039 0.030 0.067 0.010 0.333 0.005 0.034 0.032 
112 QAc-W-0042    (0)   14 :  0.032 0.378 0.010 0.048 0.040 0.025 0.014 0.017 0.016 0.025 0.006 0.016 0.027 0.006 0.015 0.288 0.022 0.015 
113 QAc-W-0044    (0)   14 :  0.041 0.071 0.072 0.019 0.103 0.082 0.005 0.051 0.031 0.074 0.008 0.038 0.072 0.022 0.074 0.148 0.062 0.028 
114 QAc-W-0045    (0)   14 :  0.012 0.746 0.006 0.062 0.012 0.012 0.008 0.011 0.014 0.015 0.007 0.013 0.012 0.005 0.012 0.024 0.015 0.015 
115 QAc-W-0048    (0)   14 :  0.005 0.697 0.005 0.009 0.015 0.017 0.015 0.017 0.021 0.018 0.010 0.019 0.022 0.005 0.014 0.067 0.020 0.024 
116 QAc-W-0050    (0)   14 :  0.008 0.169 0.006 0.570 0.039 0.018 0.006 0.020 0.019 0.016 0.003 0.025 0.017 0.012 0.009 0.020 0.020 0.022 
117 QAc-W-0051    (0)   14 :  0.006 0.035 0.035 0.662 0.034 0.011 0.015 0.014 0.013 0.014 0.007 0.012 0.012 0.004 0.005 0.094 0.012 0.014 
118 QAc-W-0052    (0)   14 :  0.006 0.007 0.006 0.004 0.005 0.005 0.003 0.005 0.005 0.005 0.009 0.005 0.005 0.004 0.005 0.911 0.005 0.004 
119 QAc-W-0053    (0)   14 :  0.005 0.821 0.007 0.013 0.011 0.012 0.005 0.012 0.011 0.013 0.008 0.012 0.014 0.007 0.008 0.017 0.012 0.010 
120 QAc-W-0054    (0)   14 :  0.098 0.040 0.071 0.165 0.052 0.053 0.009 0.055 0.070 0.055 0.009 0.049 0.057 0.018 0.011 0.078 0.055 0.055 
121 QAc-W-0056    (0)   14 :  0.007 0.014 0.010 0.358 0.054 0.044 0.010 0.044 0.066 0.048 0.042 0.051 0.053 0.009 0.064 0.007 0.047 0.070 
122 QAc-W-0057    (0)   14 :  0.008 0.066 0.078 0.498 0.040 0.023 0.025 0.030 0.038 0.026 0.006 0.026 0.026 0.012 0.016 0.009 0.030 0.042 
123 QAc-W-0060    (0)   14 :  0.009 0.005 0.858 0.004 0.006 0.006 0.004 0.006 0.007 0.007 0.003 0.006 0.007 0.007 0.018 0.033 0.006 0.007 
124 QAc-W-0061    (0)   14 :  0.014 0.014 0.624 0.014 0.027 0.028 0.011 0.029 0.027 0.026 0.011 0.025 0.024 0.043 0.028 0.005 0.024 0.027 
125 QAc-W-0062    (0)   14 :  0.006 0.004 0.922 0.004 0.004 0.004 0.005 0.004 0.004 0.004 0.003 0.004 0.004 0.006 0.004 0.008 0.004 0.004 
126 QAc-W-0063    (0)   14 :  0.021 0.007 0.768 0.006 0.020 0.012 0.019 0.014 0.013 0.012 0.014 0.012 0.014 0.010 0.006 0.024 0.014 0.013 
127 QAc-W-0064    (0)   14 :  0.023 0.005 0.860 0.007 0.009 0.008 0.007 0.008 0.009 0.008 0.010 0.008 0.007 0.007 0.005 0.005 0.008 0.008 
128 QAc-W-0065    (0)   14 :  0.010 0.007 0.749 0.027 0.017 0.018 0.011 0.019 0.018 0.015 0.007 0.018 0.014 0.015 0.014 0.007 0.018 0.016 
129 QAc-W-0066    (0)   14 :  0.946 0.003 0.005 0.003 0.003 0.003 0.004 0.003 0.003 0.003 0.003 0.003 0.003 0.003 0.004 0.003 0.003 0.003 
130 QAc-W-0072    (0)   14 :  0.006 0.005 0.706 0.024 0.014 0.015 0.010 0.017 0.014 0.013 0.015 0.020 0.014 0.088 0.005 0.004 0.014 0.015 
131 QAc-W-0073    (0)   14 :  0.006 0.014 0.807 0.011 0.015 0.015 0.009 0.015 0.013 0.013 0.006 0.015 0.014 0.007 0.009 0.007 0.014 0.011 
132 QAc-W-0077    (0)   14 :  0.200 0.008 0.695 0.008 0.012 0.006 0.004 0.006 0.006 0.006 0.006 0.007 0.007 0.005 0.007 0.004 0.006 0.006 
133 QAc-W-0078    (0)   15 :  0.031 0.006 0.007 0.008 0.026 0.023 0.605 0.026 0.039 0.030 0.013 0.028 0.032 0.017 0.020 0.013 0.037 0.038 
134 QAc-W-0079    (6)   15 :  0.011 0.006 0.004 0.005 0.006 0.006 0.894 0.007 0.007 0.006 0.005 0.006 0.007 0.006 0.007 0.003 0.007 0.006 
135 QAc-W-0081    (0)   15 :  0.004 0.004 0.007 0.005 0.007 0.006 0.895 0.006 0.006 0.007 0.008 0.006 0.008 0.005 0.005 0.009 0.006 0.006 
136 QAc-W-0082    (0)   15 :  0.005 0.008 0.005 0.474 0.022 0.005 0.422 0.006 0.006 0.006 0.003 0.008 0.006 0.004 0.006 0.003 0.006 0.006 
137 QAc-W-0083    (0)   15 :  0.007 0.007 0.033 0.013 0.009 0.009 0.826 0.009 0.008 0.009 0.008 0.010 0.009 0.010 0.007 0.008 0.009 0.009 
138 QAc-W-0086    (0)   15 :  0.015 0.006 0.005 0.022 0.009 0.007 0.851 0.008 0.007 0.008 0.007 0.009 0.009 0.009 0.007 0.004 0.009 0.008 
139 QAc-W-0087    (0)   15 :  0.006 0.008 0.003 0.005 0.006 0.006 0.904 0.006 0.006 0.006 0.004 0.007 0.005 0.007 0.005 0.003 0.006 0.006 
140 QAc-W-0088    (0)   15 :  0.006 0.010 0.006 0.010 0.015 0.015 0.800 0.013 0.018 0.015 0.006 0.016 0.016 0.007 0.011 0.004 0.017 0.016 
141 QAc-W-0092    (0)   15 :  0.012 0.017 0.006 0.006 0.044 0.027 0.567 0.023 0.027 0.028 0.022 0.020 0.033 0.009 0.090 0.019 0.021 0.028 
142 QAc-W-0093    (0)   15 :  0.003 0.011 0.005 0.013 0.025 0.026 0.663 0.027 0.025 0.028 0.024 0.029 0.027 0.015 0.018 0.009 0.026 0.027 
143 QAc-W-0094    (0)   15 :  0.007 0.022 0.049 0.017 0.043 0.035 0.238 0.045 0.041 0.039 0.047 0.045 0.039 0.007 0.009 0.235 0.045 0.037 
144 QAc-W-0097    (0)   15 :  0.006 0.010 0.007 0.011 0.030 0.029 0.607 0.031 0.028 0.028 0.024 0.023 0.030 0.006 0.057 0.015 0.029 0.028 
145 QAc-W-0099    (0)   15 :  0.005 0.016 0.004 0.014 0.030 0.035 0.590 0.033 0.039 0.036 0.004 0.041 0.038 0.014 0.010 0.016 0.043 0.033 
146 QAc-W-0107    (0)   15 :  0.012 0.004 0.029 0.008 0.010 0.010 0.836 0.010 0.009 0.009 0.006 0.010 0.009 0.006 0.005 0.007 0.010 0.009 
147 QAc-W-0115    (0)   16 :  0.005 0.004 0.007 0.005 0.012 0.038 0.009 0.013 0.013 0.013 0.012 0.038 0.015 0.746 0.022 0.006 0.013 0.028 
148 QAc-W-0116    (0)   16 :  0.003 0.022 0.005 0.012 0.028 0.036 0.006 0.036 0.035 0.029 0.007 0.033 0.039 0.609 0.016 0.012 0.036 0.034 
149 QAc-W-0117    (0)   16 :  0.004 0.013 0.004 0.005 0.012 0.016 0.004 0.015 0.013 0.014 0.005 0.012 0.014 0.835 0.008 0.003 0.012 0.011 
150 QAc-W-0118    (0)   16 :  0.039 0.007 0.021 0.009 0.012 0.039 0.022 0.017 0.016 0.018 0.007 0.036 0.014 0.685 0.006 0.005 0.017 0.028 
151 QAc-W-0119    (0)   16 :  0.016 0.007 0.004 0.015 0.021 0.022 0.007 0.024 0.024 0.023 0.006 0.023 0.027 0.714 0.007 0.007 0.024 0.028 
152 QAc-W-0120    (0)   16 :  0.020 0.013 0.009 0.008 0.025 0.029 0.010 0.034 0.037 0.030 0.010 0.032 0.038 0.629 0.008 0.005 0.025 0.039 
153 QAc-W-0121    (0)   16 :  0.073 0.008 0.009 0.031 0.016 0.017 0.004 0.018 0.019 0.014 0.007 0.016 0.021 0.705 0.005 0.003 0.016 0.017 
154 QAc-W-0122    (0)   16 :  0.004 0.011 0.007 0.008 0.061 0.092 0.006 0.085 0.044 0.052 0.017 0.099 0.045 0.368 0.006 0.004 0.044 0.048 
155 QAc-W-0123    (6)   16 :  0.007 0.009 0.009 0.007 0.023 0.040 0.010 0.035 0.026 0.028 0.004 0.043 0.024 0.635 0.015 0.017 0.030 0.039 
156 QAc-W-0124    (0)   16 :  0.011 0.004 0.103 0.006 0.026 0.060 0.073 0.028 0.023 0.027 0.016 0.072 0.037 0.403 0.042 0.007 0.023 0.039 
157 QAc-W-0125    (0)   16 :  0.008 0.008 0.005 0.007 0.010 0.013 0.020 0.013 0.012 0.014 0.008 0.014 0.013 0.804 0.011 0.008 0.014 0.019 
158 QAc-W-0132    (6)   16 :  0.049 0.006 0.029 0.010 0.025 0.051 0.034 0.033 0.030 0.035 0.018 0.047 0.031 0.481 0.037 0.018 0.028 0.041 
159 QAc-W-0134    (0)   16 :  0.005 0.006 0.007 0.004 0.006 0.009 0.006 0.007 0.007 0.007 0.005 0.008 0.008 0.888 0.006 0.006 0.006 0.009 
160 QAc-W-0135    (0)   16 :  0.016 0.007 0.029 0.006 0.021 0.052 0.009 0.025 0.022 0.020 0.103 0.061 0.030 0.514 0.023 0.004 0.023 0.036 
161 QAc-W-0136    (0)   16 :  0.003 0.005 0.005 0.005 0.008 0.010 0.005 0.008 0.007 0.009 0.005 0.014 0.009 0.873 0.006 0.006 0.008 0.015 
162 QAc-W-0138    (0)   16 :  0.004 0.004 0.005 0.006 0.009 0.010 0.004 0.010 0.008 0.008 0.007 0.010 0.009 0.873 0.005 0.006 0.010 0.012 
163 QAc-W-0140    (0)   16 :  0.005 0.023 0.005 0.008 0.028 0.026 0.006 0.028 0.022 0.024 0.008 0.023 0.026 0.700 0.018 0.004 0.023 0.021 
164 QAc-W-0141    (6)   16 :  0.027 0.014 0.009 0.013 0.087 0.087 0.007 0.129 0.072 0.080 0.018 0.087 0.081 0.075 0.042 0.007 0.104 0.061 
165 QAc-W-0142    (0)   16 :  0.011 0.005 0.015 0.011 0.007 0.008 0.005 0.007 0.008 0.007 0.004 0.008 0.008 0.874 0.004 0.003 0.007 0.008 
166 QAc-W-0143    (0)   16 :  0.004 0.010 0.006 0.008 0.013 0.020 0.031 0.011 0.016 0.012 0.008 0.023 0.026 0.772 0.005 0.005 0.015 0.015 
167 QAc-W-0145    (0)   16 :  0.003 0.005 0.007 0.005 0.014 0.057 0.004 0.014 0.013 0.011 0.004 0.059 0.013 0.732 0.005 0.004 0.012 0.037 
168 QAc-W-0148    (0)   16 :  0.004 0.005 0.008 0.005 0.007 0.030 0.004 0.008 0.008 0.007 0.007 0.024 0.008 0.835 0.012 0.006 0.008 0.013 
169 QAc-W-0149    (0)   16 :  0.004 0.013 0.013 0.009 0.073 0.101 0.010 0.095 0.064 0.078 0.011 0.101 0.068 0.175 0.006 0.032 0.089 0.056 
170 QAc-W-0150    (0)   16 :  0.006 0.007 0.008 0.011 0.057 0.066 0.027 0.060 0.060 0.049 0.080 0.088 0.067 0.253 0.033 0.019 0.062 0.047 
171 QAc-W-0151    (0)   16 :  0.004 0.006 0.007 0.008 0.016 0.039 0.010 0.017 0.017 0.014 0.009 0.051 0.019 0.672 0.058 0.006 0.016 0.032 
172 QAc-W-0152    (0)   16 :  0.006 0.011 0.033 0.012 0.011 0.053 0.005 0.010 0.010 0.012 0.005 0.059 0.013 0.701 0.009 0.005 0.010 0.036 
173 QAc-W-0153    (0)   16 :  0.005 0.005 0.022 0.006 0.127 0.112 0.023 0.158 0.084 0.103 0.005 0.088 0.064 0.014 0.026 0.004 0.093 0.060 
174 QAc-W-0154    (0)   16 :  0.004 0.006 0.004 0.006 0.021 0.026 0.006 0.026 0.024 0.026 0.049 0.034 0.029 0.676 0.008 0.004 0.020 0.031 
175 QAc-W-0157    (0)   16 :  0.012 0.011 0.016 0.012 0.026 0.034 0.004 0.040 0.041 0.035 0.005 0.034 0.043 0.563 0.020 0.026 0.035 0.044 
176 QAc-W-0158    (0)   16 :  0.026 0.006 0.008 0.007 0.033 0.043 0.030 0.025 0.021 0.026 0.040 0.039 0.033 0.538 0.061 0.009 0.028 0.028 
177 QAc-W-0159    (0)   16 :  0.004 0.006 0.004 0.009 0.010 0.011 0.007 0.009 0.010 0.011 0.008 0.010 0.010 0.859 0.007 0.008 0.010 0.010 
178 QAc-W-0160    (0)   16 :  0.004 0.005 0.005 0.005 0.022 0.024 0.008 0.028 0.024 0.025 0.024 0.018 0.035 0.697 0.019 0.004 0.024 0.029 
179 QAc-W-0162    (0)   16 :  0.006 0.025 0.091 0.032 0.014 0.022 0.007 0.015 0.017 0.019 0.004 0.029 0.015 0.649 0.004 0.017 0.016 0.018 
180 QAc-W-0163    (0)   16 :  0.007 0.033 0.010 0.117 0.023 0.025 0.005 0.025 0.031 0.026 0.006 0.033 0.029 0.545 0.007 0.010 0.030 0.038 
181 QAc-W-0164    (0)   16 :  0.008 0.011 0.081 0.018 0.020 0.038 0.011 0.028 0.037 0.031 0.007 0.051 0.032 0.537 0.007 0.009 0.039 0.035 
182 QAc-W-0167    (0)   17 :  0.006 0.009 0.008 0.012 0.103 0.113 0.017 0.156 0.087 0.098 0.006 0.106 0.054 0.007 0.006 0.006 0.132 0.075 
183 QAc-W-0168    (0)   17 :  0.043 0.015 0.019 0.013 0.067 0.089 0.013 0.083 0.091 0.088 0.009 0.076 0.074 0.102 0.015 0.007 0.089 0.106 
184 QAc-W-0169    (0)   17 :  0.010 0.012 0.010 0.053 0.060 0.071 0.004 0.080 0.144 0.083 0.020 0.087 0.101 0.005 0.013 0.004 0.099 0.142 
185 QAc-W-0170    (0)   17 :  0.003 0.009 0.005 0.013 0.090 0.097 0.007 0.088 0.117 0.095 0.010 0.092 0.086 0.011 0.049 0.005 0.097 0.125 
186 QAc-W-0172    (0)   17 :  0.002 0.005 0.002 0.007 0.071 0.074 0.010 0.077 0.145 0.114 0.008 0.105 0.102 0.007 0.010 0.016 0.106 0.139 
187 QAc-W-0173    (0)   17 :  0.004 0.005 0.011 0.006 0.121 0.128 0.006 0.180 0.080 0.105 0.011 0.103 0.049 0.014 0.015 0.005 0.106 0.050 
188 QAc-W-0174    (0)   17 :  0.010 0.010 0.010 0.011 0.118 0.112 0.006 0.164 0.073 0.106 0.004 0.102 0.047 0.009 0.008 0.004 0.141 0.064 


Estimated Allele Frequencies in each cluster
First column gives estimated ancestral frequencies


Locus 1 : 
18 alleles
0.0% missing data
 210   (0.120) 0.007 0.264 0.023 0.086 0.105 0.114 0.149 0.125 0.122 0.115 0.017 0.124 0.115 0.182 0.073 0.030 0.117 0.123 
 212   (0.117) 0.197 0.033 0.015 0.091 0.123 0.126 0.276 0.119 0.120 0.116 0.050 0.130 0.127 0.063 0.419 0.023 0.121 0.120 
 202   (0.055) 0.003 0.016 0.006 0.021 0.039 0.042 0.142 0.049 0.055 0.049 0.062 0.048 0.045 0.006 0.037 0.315 0.048 0.054 
 226   (0.040) 0.248 0.023 0.132 0.031 0.025 0.028 0.013 0.030 0.037 0.031 0.004 0.031 0.030 0.004 0.004 0.224 0.032 0.039 
 216   (0.073) 0.005 0.052 0.056 0.036 0.055 0.060 0.171 0.061 0.070 0.063 0.017 0.062 0.063 0.145 0.010 0.171 0.064 0.074 
 200   (0.250) 0.508 0.192 0.127 0.146 0.346 0.320 0.086 0.305 0.259 0.305 0.524 0.280 0.306 0.140 0.365 0.120 0.299 0.249 
 224   (0.040) 0.004 0.010 0.262 0.020 0.049 0.045 0.010 0.043 0.040 0.043 0.008 0.038 0.043 0.005 0.020 0.009 0.041 0.039 
 218   (0.055) 0.004 0.013 0.019 0.044 0.039 0.046 0.106 0.047 0.052 0.050 0.085 0.053 0.049 0.158 0.011 0.010 0.048 0.054 
 228   (0.011) 0.001 0.002 0.129 0.003 0.005 0.006 0.001 0.007 0.010 0.007 0.001 0.008 0.008 0.001 0.001 0.002 0.008 0.011 
 214   (0.059) 0.012 0.170 0.210 0.456 0.062 0.049 0.007 0.054 0.057 0.052 0.006 0.053 0.048 0.018 0.007 0.038 0.055 0.058 
 208   (0.062) 0.004 0.072 0.008 0.025 0.074 0.071 0.023 0.072 0.067 0.072 0.208 0.069 0.073 0.007 0.038 0.017 0.069 0.061 
 220   (0.030) 0.002 0.008 0.004 0.012 0.026 0.029 0.004 0.029 0.031 0.029 0.003 0.029 0.026 0.009 0.006 0.006 0.030 0.030 
 196   (0.011) 0.001 0.003 0.001 0.003 0.006 0.007 0.001 0.007 0.010 0.008 0.001 0.008 0.008 0.001 0.001 0.002 0.008 0.011 
 238   (0.011) 0.001 0.003 0.001 0.004 0.008 0.009 0.001 0.010 0.011 0.010 0.001 0.010 0.008 0.002 0.001 0.002 0.011 0.011 
 206   (0.020) 0.001 0.060 0.002 0.007 0.010 0.013 0.003 0.013 0.018 0.016 0.003 0.018 0.016 0.028 0.002 0.004 0.015 0.019 
 190   (0.011) 0.001 0.003 0.001 0.003 0.006 0.007 0.001 0.007 0.010 0.008 0.001 0.008 0.009 0.001 0.001 0.002 0.009 0.011 
 222   (0.022) 0.001 0.006 0.003 0.007 0.014 0.021 0.003 0.016 0.021 0.017 0.007 0.024 0.018 0.230 0.003 0.024 0.017 0.026 
 232   (0.011) 0.001 0.070 0.001 0.005 0.006 0.006 0.001 0.007 0.010 0.008 0.001 0.008 0.008 0.001 0.001 0.003 0.009 0.011 

Locus 2 : 
15 alleles
2.1% missing data
 171   (0.212) 0.018 0.466 0.043 0.238 0.228 0.223 0.178 0.217 0.216 0.222 0.306 0.214 0.225 0.058 0.437 0.241 0.224 0.208 
 175   (0.095) 0.025 0.027 0.027 0.270 0.088 0.083 0.262 0.080 0.093 0.085 0.045 0.081 0.086 0.024 0.054 0.206 0.087 0.094 
 185   (0.057) 0.005 0.014 0.016 0.020 0.043 0.055 0.082 0.055 0.057 0.053 0.009 0.063 0.052 0.225 0.007 0.013 0.052 0.061 
 179   (0.077) 0.035 0.019 0.498 0.030 0.070 0.095 0.009 0.085 0.077 0.075 0.009 0.107 0.071 0.261 0.010 0.247 0.080 0.087 
 181   (0.093) 0.562 0.122 0.046 0.077 0.111 0.098 0.346 0.095 0.092 0.102 0.029 0.087 0.099 0.010 0.121 0.032 0.095 0.091 
 173   (0.184) 0.331 0.174 0.143 0.204 0.225 0.186 0.039 0.190 0.183 0.190 0.186 0.177 0.212 0.203 0.214 0.173 0.189 0.181 
 177   (0.033) 0.003 0.009 0.184 0.032 0.022 0.027 0.004 0.027 0.031 0.028 0.004 0.029 0.028 0.088 0.004 0.006 0.027 0.033 
 187   (0.092) 0.008 0.045 0.025 0.071 0.091 0.098 0.011 0.107 0.097 0.096 0.104 0.095 0.087 0.023 0.120 0.018 0.100 0.091 
 183   (0.062) 0.006 0.083 0.007 0.025 0.056 0.062 0.021 0.071 0.066 0.069 0.008 0.071 0.062 0.088 0.008 0.017 0.066 0.062 
 189   (0.030) 0.003 0.007 0.003 0.011 0.022 0.024 0.003 0.025 0.028 0.025 0.294 0.027 0.026 0.014 0.016 0.005 0.026 0.030 
 191   (0.020) 0.001 0.025 0.003 0.008 0.015 0.014 0.039 0.016 0.019 0.016 0.003 0.016 0.016 0.002 0.002 0.035 0.017 0.019 
 163   (0.011) 0.001 0.002 0.001 0.003 0.006 0.007 0.001 0.008 0.010 0.008 0.001 0.008 0.008 0.001 0.001 0.002 0.008 0.011 
 165   (0.011) 0.001 0.002 0.001 0.003 0.006 0.007 0.001 0.007 0.010 0.008 0.001 0.008 0.009 0.001 0.001 0.002 0.009 0.011 
 193   (0.011) 0.001 0.002 0.001 0.003 0.009 0.012 0.001 0.008 0.011 0.011 0.001 0.009 0.010 0.001 0.001 0.002 0.009 0.011 
 167   (0.012) 0.001 0.003 0.001 0.003 0.007 0.008 0.001 0.009 0.011 0.010 0.001 0.009 0.009 0.001 0.001 0.002 0.010 0.011 

Locus 3 : 
4 alleles
1.1% missing data
 206   (0.890) 0.988 0.900 0.885 0.944 0.914 0.914 0.976 0.901 0.893 0.905 0.686 0.907 0.910 0.987 0.984 0.897 0.902 0.893 
 208   (0.057) 0.004 0.068 0.053 0.038 0.040 0.042 0.007 0.049 0.055 0.048 0.308 0.048 0.047 0.007 0.009 0.011 0.051 0.056 
 204   (0.039) 0.007 0.029 0.061 0.013 0.028 0.027 0.014 0.031 0.037 0.031 0.004 0.031 0.031 0.005 0.005 0.090 0.032 0.038 
 212   (0.014) 0.001 0.003 0.002 0.004 0.018 0.016 0.002 0.019 0.015 0.015 0.001 0.014 0.012 0.002 0.002 0.002 0.014 0.014 

Locus 4 : 
15 alleles
1.1% missing data
 165   (0.076) 0.005 0.020 0.312 0.067 0.098 0.084 0.472 0.094 0.079 0.080 0.013 0.080 0.088 0.009 0.029 0.045 0.084 0.074 
 163   (0.195) 0.015 0.281 0.077 0.164 0.225 0.233 0.028 0.248 0.208 0.215 0.081 0.222 0.204 0.287 0.058 0.075 0.229 0.199 
 167   (0.143) 0.009 0.099 0.019 0.155 0.131 0.130 0.065 0.140 0.145 0.135 0.241 0.136 0.136 0.148 0.201 0.492 0.139 0.140 
 161   (0.369) 0.956 0.432 0.569 0.475 0.387 0.378 0.124 0.345 0.361 0.376 0.482 0.374 0.381 0.485 0.675 0.327 0.360 0.375 
 153   (0.016) 0.001 0.004 0.002 0.006 0.018 0.015 0.002 0.013 0.015 0.015 0.011 0.014 0.019 0.002 0.003 0.003 0.015 0.016 
 173   (0.030) 0.002 0.024 0.003 0.063 0.022 0.026 0.263 0.021 0.028 0.025 0.003 0.024 0.025 0.003 0.003 0.005 0.025 0.029 
 171   (0.037) 0.003 0.040 0.004 0.022 0.032 0.031 0.005 0.040 0.039 0.043 0.004 0.039 0.039 0.004 0.004 0.029 0.036 0.037 
 179   (0.011) 0.001 0.003 0.001 0.004 0.007 0.008 0.001 0.008 0.010 0.009 0.001 0.009 0.008 0.001 0.003 0.002 0.009 0.010 
 157   (0.023) 0.002 0.016 0.002 0.009 0.013 0.017 0.003 0.017 0.021 0.019 0.149 0.019 0.018 0.003 0.012 0.004 0.018 0.022 
 149   (0.010) 0.001 0.026 0.001 0.006 0.006 0.006 0.001 0.007 0.009 0.007 0.001 0.007 0.008 0.001 0.001 0.002 0.008 0.010 
 177   (0.020) 0.001 0.005 0.002 0.007 0.016 0.018 0.011 0.020 0.020 0.018 0.002 0.020 0.019 0.002 0.004 0.004 0.022 0.019 
 155   (0.017) 0.001 0.004 0.002 0.006 0.010 0.013 0.002 0.013 0.017 0.014 0.006 0.014 0.014 0.002 0.002 0.003 0.014 0.017 
 175   (0.012) 0.001 0.007 0.001 0.004 0.007 0.007 0.001 0.008 0.011 0.009 0.001 0.009 0.009 0.001 0.001 0.002 0.010 0.011 
 169   (0.021) 0.001 0.035 0.002 0.009 0.016 0.021 0.017 0.015 0.020 0.019 0.002 0.017 0.018 0.002 0.003 0.004 0.018 0.021 
 159   (0.018) 0.001 0.004 0.002 0.006 0.011 0.013 0.002 0.013 0.017 0.015 0.002 0.016 0.015 0.048 0.002 0.003 0.014 0.019 

Locus 5 : 
16 alleles
0.0% missing data
 148   (0.115) 0.364 0.093 0.047 0.036 0.100 0.106 0.285 0.117 0.115 0.113 0.100 0.114 0.110 0.048 0.200 0.028 0.118 0.113 
 160   (0.025) 0.002 0.028 0.003 0.007 0.016 0.018 0.059 0.018 0.023 0.019 0.004 0.019 0.020 0.003 0.004 0.061 0.021 0.025 
 154   (0.075) 0.010 0.021 0.176 0.042 0.061 0.077 0.026 0.078 0.077 0.072 0.018 0.076 0.069 0.230 0.009 0.050 0.075 0.076 
 150   (0.058) 0.012 0.071 0.009 0.407 0.067 0.055 0.009 0.057 0.057 0.054 0.063 0.054 0.056 0.006 0.027 0.013 0.056 0.057 
 138   (0.123) 0.009 0.092 0.184 0.054 0.119 0.115 0.150 0.112 0.121 0.118 0.023 0.122 0.124 0.251 0.054 0.310 0.120 0.125 
 166   (0.030) 0.002 0.216 0.003 0.009 0.018 0.020 0.013 0.020 0.027 0.022 0.033 0.022 0.022 0.003 0.005 0.271 0.024 0.029 
 146   (0.097) 0.337 0.095 0.228 0.036 0.086 0.084 0.165 0.091 0.096 0.089 0.031 0.086 0.085 0.017 0.025 0.074 0.092 0.095 
 164   (0.016) 0.001 0.004 0.002 0.005 0.010 0.011 0.002 0.012 0.015 0.013 0.002 0.013 0.012 0.002 0.002 0.039 0.013 0.015 
 142   (0.018) 0.007 0.006 0.002 0.210 0.017 0.011 0.002 0.012 0.016 0.013 0.002 0.013 0.013 0.017 0.002 0.003 0.014 0.018 
 144   (0.158) 0.225 0.239 0.300 0.081 0.187 0.178 0.028 0.170 0.158 0.170 0.071 0.163 0.173 0.147 0.394 0.057 0.165 0.160 
 140   (0.081) 0.007 0.021 0.010 0.023 0.092 0.100 0.019 0.086 0.084 0.091 0.189 0.087 0.085 0.226 0.241 0.016 0.083 0.084 
 158   (0.044) 0.003 0.028 0.005 0.017 0.067 0.056 0.089 0.044 0.044 0.052 0.009 0.044 0.059 0.016 0.011 0.030 0.052 0.044 
 162   (0.028) 0.002 0.008 0.003 0.023 0.022 0.026 0.127 0.027 0.027 0.026 0.003 0.028 0.023 0.003 0.005 0.005 0.028 0.027 
 152   (0.094) 0.016 0.034 0.024 0.037 0.109 0.113 0.013 0.125 0.102 0.111 0.447 0.123 0.113 0.027 0.017 0.019 0.108 0.095 
 134   (0.017) 0.001 0.039 0.002 0.008 0.012 0.014 0.002 0.014 0.018 0.019 0.002 0.019 0.018 0.002 0.002 0.003 0.014 0.017 
 156   (0.021) 0.001 0.006 0.002 0.006 0.017 0.017 0.012 0.018 0.021 0.018 0.003 0.017 0.017 0.002 0.004 0.021 0.019 0.020 

Locus 6 : 
12 alleles
0.0% missing data
 225   (0.044) 0.293 0.011 0.006 0.030 0.031 0.034 0.120 0.039 0.042 0.038 0.009 0.038 0.037 0.019 0.005 0.008 0.041 0.043 
 239   (0.102) 0.427 0.048 0.231 0.052 0.109 0.097 0.027 0.095 0.101 0.102 0.014 0.094 0.107 0.015 0.106 0.234 0.098 0.100 
 229   (0.015) 0.001 0.004 0.002 0.006 0.010 0.010 0.294 0.010 0.013 0.012 0.002 0.011 0.012 0.002 0.002 0.002 0.012 0.015 
 235   (0.296) 0.227 0.133 0.312 0.520 0.316 0.329 0.376 0.319 0.302 0.302 0.267 0.331 0.298 0.487 0.424 0.083 0.304 0.305 
 237   (0.212) 0.025 0.169 0.266 0.147 0.220 0.230 0.037 0.232 0.219 0.224 0.193 0.226 0.217 0.157 0.269 0.065 0.224 0.212 
 233   (0.104) 0.011 0.094 0.155 0.080 0.112 0.096 0.061 0.091 0.099 0.104 0.475 0.091 0.114 0.015 0.161 0.259 0.099 0.101 
 227   (0.030) 0.002 0.423 0.003 0.034 0.017 0.020 0.004 0.020 0.028 0.025 0.003 0.028 0.024 0.003 0.003 0.291 0.024 0.030 
 245   (0.069) 0.005 0.020 0.008 0.031 0.080 0.080 0.008 0.076 0.071 0.076 0.021 0.068 0.079 0.152 0.013 0.021 0.075 0.069 
 241   (0.036) 0.003 0.036 0.008 0.029 0.026 0.029 0.062 0.030 0.035 0.032 0.006 0.032 0.031 0.022 0.005 0.014 0.033 0.035 
 231   (0.052) 0.003 0.023 0.006 0.052 0.047 0.044 0.006 0.060 0.052 0.054 0.005 0.051 0.044 0.056 0.006 0.016 0.055 0.051 
 243   (0.028) 0.002 0.038 0.003 0.015 0.024 0.023 0.003 0.022 0.026 0.024 0.003 0.023 0.027 0.072 0.005 0.005 0.025 0.028 
 251   (0.011) 0.001 0.003 0.001 0.003 0.006 0.007 0.001 0.007 0.011 0.008 0.001 0.008 0.009 0.001 0.001 0.002 0.009 0.011 

Locus 7 : 
5 alleles
0.0% missing data
 118   (0.921) 0.994 0.981 0.992 0.592 0.926 0.936 0.990 0.934 0.926 0.934 0.922 0.935 0.931 0.991 0.939 0.664 0.928 0.924 
 124   (0.038) 0.003 0.009 0.004 0.011 0.032 0.033 0.005 0.032 0.035 0.033 0.073 0.033 0.036 0.004 0.057 0.329 0.035 0.036 
 116   (0.014) 0.002 0.004 0.001 0.388 0.021 0.008 0.002 0.008 0.012 0.009 0.001 0.009 0.010 0.001 0.001 0.002 0.010 0.013 
 114   (0.015) 0.001 0.004 0.002 0.004 0.014 0.016 0.002 0.017 0.016 0.015 0.002 0.015 0.014 0.002 0.002 0.003 0.017 0.015 
 122   (0.012) 0.001 0.003 0.001 0.005 0.007 0.008 0.001 0.008 0.011 0.009 0.001 0.009 0.009 0.001 0.001 0.002 0.010 0.011 

Locus 8 : 
5 alleles
0.0% missing data
 135   (0.053) 0.010 0.012 0.006 0.018 0.078 0.068 0.022 0.078 0.055 0.065 0.013 0.064 0.071 0.026 0.031 0.010 0.063 0.052 
 139   (0.759) 0.922 0.659 0.957 0.547 0.776 0.786 0.819 0.775 0.763 0.768 0.932 0.771 0.758 0.653 0.917 0.951 0.779 0.763 
 137   (0.141) 0.064 0.317 0.032 0.417 0.117 0.112 0.153 0.112 0.137 0.131 0.050 0.128 0.133 0.254 0.047 0.032 0.120 0.138 
 143   (0.033) 0.002 0.009 0.004 0.014 0.022 0.025 0.004 0.026 0.033 0.027 0.004 0.027 0.028 0.037 0.004 0.006 0.028 0.033 
 141   (0.013) 0.001 0.003 0.001 0.004 0.007 0.009 0.002 0.009 0.012 0.010 0.002 0.010 0.010 0.029 0.002 0.002 0.010 0.014 

Locus 9 : 
11 alleles
0.0% missing data
 116   (0.291) 0.368 0.118 0.177 0.201 0.341 0.315 0.429 0.322 0.300 0.306 0.517 0.304 0.337 0.318 0.275 0.107 0.314 0.287 
 112   (0.089) 0.013 0.022 0.374 0.032 0.084 0.094 0.057 0.089 0.089 0.086 0.035 0.102 0.082 0.167 0.076 0.016 0.087 0.092 
 122   (0.064) 0.432 0.266 0.301 0.141 0.047 0.047 0.007 0.048 0.059 0.053 0.010 0.051 0.051 0.010 0.008 0.300 0.056 0.062 
 114   (0.220) 0.021 0.237 0.046 0.080 0.215 0.229 0.080 0.231 0.223 0.228 0.360 0.231 0.215 0.304 0.345 0.052 0.225 0.224 
 120   (0.041) 0.003 0.011 0.021 0.012 0.026 0.029 0.005 0.029 0.038 0.031 0.005 0.032 0.033 0.019 0.153 0.213 0.033 0.040 
 130   (0.038) 0.003 0.079 0.004 0.012 0.049 0.036 0.005 0.031 0.035 0.038 0.006 0.031 0.047 0.004 0.038 0.173 0.037 0.037 
 118   (0.126) 0.019 0.051 0.018 0.057 0.122 0.133 0.400 0.133 0.126 0.134 0.037 0.130 0.120 0.136 0.074 0.114 0.133 0.130 
 124   (0.061) 0.136 0.073 0.051 0.213 0.050 0.049 0.008 0.053 0.058 0.051 0.007 0.053 0.049 0.033 0.007 0.011 0.054 0.060 
 126   (0.038) 0.003 0.136 0.004 0.242 0.034 0.027 0.006 0.031 0.037 0.037 0.008 0.035 0.034 0.004 0.018 0.009 0.031 0.037 
 108   (0.013) 0.001 0.003 0.001 0.004 0.015 0.021 0.001 0.010 0.014 0.016 0.001 0.012 0.014 0.001 0.001 0.002 0.012 0.013 
 128   (0.020) 0.001 0.005 0.002 0.006 0.018 0.020 0.002 0.023 0.020 0.020 0.014 0.019 0.017 0.003 0.002 0.003 0.019 0.019 

Locus 10 : 
4 alleles
0.0% missing data
 232   (0.897) 0.993 0.672 0.988 0.958 0.920 0.909 0.987 0.917 0.897 0.903 0.988 0.911 0.903 0.927 0.949 0.973 0.910 0.899 
 238   (0.077) 0.006 0.322 0.009 0.034 0.057 0.060 0.010 0.064 0.076 0.070 0.010 0.066 0.072 0.070 0.048 0.023 0.067 0.075 
 234   (0.015) 0.001 0.003 0.001 0.005 0.015 0.022 0.002 0.011 0.015 0.016 0.001 0.013 0.015 0.002 0.002 0.002 0.013 0.015 
 244   (0.012) 0.001 0.003 0.001 0.003 0.008 0.009 0.001 0.009 0.011 0.010 0.001 0.009 0.009 0.001 0.002 0.002 0.010 0.011 

Locus 11 : 
7 alleles
0.0% missing data
 165   (0.767) 0.771 0.893 0.797 0.549 0.789 0.782 0.919 0.789 0.769 0.785 0.925 0.789 0.792 0.931 0.777 0.932 0.782 0.769 
 167   (0.076) 0.219 0.020 0.186 0.358 0.061 0.055 0.056 0.059 0.073 0.060 0.009 0.061 0.060 0.028 0.013 0.022 0.062 0.075 
 161   (0.109) 0.008 0.076 0.012 0.078 0.119 0.124 0.020 0.121 0.114 0.117 0.061 0.110 0.110 0.012 0.204 0.039 0.119 0.107 
 155   (0.012) 0.001 0.003 0.001 0.003 0.006 0.008 0.001 0.008 0.011 0.009 0.001 0.009 0.009 0.001 0.001 0.002 0.009 0.012 
 173   (0.011) 0.001 0.002 0.001 0.003 0.009 0.013 0.001 0.008 0.011 0.011 0.001 0.009 0.010 0.001 0.001 0.002 0.009 0.011 
 163   (0.012) 0.001 0.003 0.001 0.004 0.008 0.012 0.001 0.008 0.011 0.008 0.001 0.014 0.009 0.025 0.001 0.002 0.009 0.014 
 171   (0.012) 0.001 0.003 0.001 0.003 0.007 0.008 0.001 0.008 0.011 0.010 0.001 0.009 0.009 0.001 0.001 0.002 0.009 0.011 

Locus 12 : 
8 alleles
0.0% missing data
 137   (0.518) 0.453 0.550 0.419 0.717 0.497 0.532 0.404 0.536 0.525 0.512 0.326 0.545 0.513 0.827 0.240 0.849 0.531 0.525 
 140   (0.155) 0.015 0.071 0.050 0.067 0.203 0.164 0.212 0.151 0.155 0.174 0.600 0.151 0.185 0.057 0.507 0.032 0.160 0.152 
 134   (0.251) 0.527 0.321 0.523 0.190 0.244 0.240 0.375 0.246 0.248 0.247 0.056 0.234 0.242 0.082 0.244 0.106 0.240 0.247 
 149   (0.012) 0.001 0.003 0.001 0.004 0.007 0.008 0.002 0.008 0.011 0.008 0.001 0.008 0.009 0.001 0.001 0.002 0.009 0.012 
 143   (0.015) 0.002 0.039 0.002 0.007 0.009 0.010 0.002 0.011 0.014 0.014 0.002 0.013 0.013 0.002 0.002 0.004 0.012 0.015 
 128   (0.011) 0.001 0.007 0.001 0.004 0.006 0.007 0.001 0.008 0.011 0.009 0.001 0.009 0.008 0.001 0.001 0.002 0.009 0.011 
 125   (0.018) 0.001 0.005 0.002 0.007 0.011 0.016 0.002 0.012 0.016 0.014 0.012 0.018 0.014 0.028 0.003 0.003 0.014 0.020 
 146   (0.020) 0.001 0.004 0.002 0.006 0.023 0.023 0.002 0.028 0.021 0.022 0.002 0.022 0.016 0.002 0.002 0.003 0.025 0.019 

Locus 13 : 
19 alleles
0.5% missing data
 206   (0.131) 0.048 0.067 0.029 0.118 0.101 0.109 0.418 0.111 0.127 0.119 0.261 0.120 0.116 0.146 0.178 0.218 0.120 0.131 
 210   (0.097) 0.414 0.026 0.040 0.047 0.120 0.107 0.281 0.093 0.095 0.105 0.175 0.092 0.112 0.020 0.147 0.018 0.098 0.095 
 190   (0.074) 0.005 0.017 0.012 0.036 0.070 0.074 0.009 0.084 0.077 0.075 0.084 0.075 0.070 0.121 0.009 0.029 0.078 0.073 
 202   (0.087) 0.008 0.265 0.014 0.211 0.105 0.099 0.017 0.111 0.091 0.099 0.032 0.098 0.102 0.011 0.013 0.533 0.100 0.085 
 214   (0.042) 0.252 0.011 0.145 0.015 0.032 0.034 0.005 0.035 0.041 0.038 0.059 0.036 0.037 0.005 0.020 0.008 0.037 0.041 
 212   (0.033) 0.189 0.007 0.004 0.019 0.022 0.037 0.004 0.025 0.031 0.026 0.004 0.040 0.030 0.440 0.004 0.006 0.026 0.041 
 192   (0.107) 0.008 0.028 0.013 0.056 0.156 0.134 0.043 0.123 0.112 0.129 0.087 0.111 0.131 0.033 0.270 0.059 0.123 0.106 
 204   (0.039) 0.015 0.014 0.058 0.016 0.033 0.038 0.005 0.038 0.039 0.039 0.019 0.040 0.036 0.012 0.010 0.016 0.039 0.039 
 184   (0.055) 0.004 0.013 0.006 0.018 0.041 0.056 0.099 0.047 0.054 0.047 0.018 0.063 0.054 0.089 0.023 0.009 0.049 0.059 
 216   (0.021) 0.001 0.004 0.002 0.007 0.026 0.018 0.002 0.018 0.019 0.020 0.015 0.018 0.025 0.002 0.275 0.004 0.023 0.020 
 208   (0.045) 0.016 0.010 0.005 0.016 0.052 0.044 0.005 0.043 0.044 0.043 0.199 0.040 0.052 0.049 0.019 0.010 0.046 0.044 
 198   (0.040) 0.003 0.009 0.004 0.014 0.048 0.047 0.005 0.062 0.045 0.048 0.005 0.047 0.038 0.005 0.005 0.019 0.051 0.039 
 194   (0.062) 0.006 0.196 0.598 0.311 0.058 0.048 0.030 0.054 0.060 0.053 0.019 0.056 0.051 0.010 0.007 0.019 0.056 0.061 
 186   (0.018) 0.010 0.005 0.050 0.010 0.011 0.012 0.003 0.012 0.016 0.013 0.002 0.012 0.013 0.002 0.002 0.003 0.014 0.017 
 188   (0.020) 0.001 0.030 0.002 0.008 0.013 0.014 0.002 0.015 0.020 0.018 0.004 0.020 0.017 0.002 0.004 0.003 0.017 0.020 
 200   (0.066) 0.016 0.280 0.011 0.068 0.055 0.060 0.064 0.064 0.066 0.065 0.010 0.068 0.061 0.030 0.007 0.034 0.061 0.066 
 196   (0.039) 0.003 0.010 0.005 0.022 0.036 0.039 0.005 0.046 0.041 0.038 0.004 0.042 0.033 0.020 0.004 0.007 0.043 0.039 
 220   (0.011) 0.001 0.003 0.001 0.004 0.007 0.007 0.001 0.008 0.011 0.009 0.001 0.008 0.009 0.001 0.001 0.006 0.009 0.011 
 180   (0.014) 0.001 0.003 0.001 0.004 0.015 0.021 0.001 0.011 0.014 0.016 0.001 0.013 0.015 0.001 0.001 0.002 0.012 0.013 

Locus 14 : 
8 alleles
1.1% missing data
 139   (0.077) 0.186 0.059 0.166 0.109 0.071 0.065 0.090 0.062 0.072 0.070 0.011 0.062 0.068 0.009 0.245 0.038 0.069 0.075 
 145   (0.063) 0.009 0.036 0.010 0.027 0.047 0.071 0.140 0.059 0.062 0.058 0.011 0.079 0.057 0.151 0.023 0.012 0.058 0.071 
 151   (0.300) 0.337 0.286 0.546 0.192 0.307 0.300 0.464 0.287 0.298 0.301 0.667 0.296 0.310 0.409 0.173 0.350 0.300 0.298 
 157   (0.357) 0.152 0.301 0.160 0.456 0.412 0.383 0.221 0.419 0.369 0.387 0.270 0.383 0.393 0.273 0.495 0.473 0.394 0.353 
 154   (0.101) 0.310 0.030 0.107 0.125 0.089 0.098 0.014 0.091 0.099 0.097 0.029 0.091 0.089 0.131 0.052 0.018 0.093 0.099 
 163   (0.041) 0.003 0.011 0.005 0.050 0.031 0.032 0.062 0.034 0.040 0.037 0.005 0.034 0.033 0.005 0.005 0.097 0.035 0.040 
 160   (0.032) 0.002 0.260 0.003 0.015 0.019 0.022 0.005 0.022 0.030 0.024 0.004 0.026 0.025 0.003 0.004 0.006 0.025 0.032 
 142   (0.028) 0.002 0.017 0.003 0.027 0.024 0.028 0.004 0.027 0.029 0.026 0.004 0.030 0.024 0.020 0.004 0.005 0.026 0.031 

Locus 15 : 
13 alleles
1.6% missing data
 256   (0.148) 0.072 0.160 0.123 0.208 0.114 0.113 0.164 0.119 0.140 0.126 0.174 0.122 0.129 0.142 0.157 0.124 0.130 0.145 
 262   (0.023) 0.001 0.008 0.002 0.165 0.019 0.014 0.274 0.015 0.020 0.016 0.002 0.016 0.016 0.003 0.003 0.004 0.017 0.022 
 246   (0.118) 0.008 0.102 0.013 0.104 0.150 0.134 0.178 0.140 0.123 0.129 0.089 0.127 0.137 0.031 0.135 0.024 0.135 0.115 
 258   (0.182) 0.014 0.160 0.024 0.194 0.237 0.220 0.025 0.215 0.192 0.212 0.233 0.202 0.218 0.160 0.286 0.537 0.217 0.181 
 254   (0.108) 0.156 0.070 0.338 0.069 0.091 0.102 0.013 0.100 0.107 0.107 0.163 0.108 0.103 0.062 0.028 0.180 0.096 0.109 
 250   (0.031) 0.651 0.010 0.085 0.018 0.020 0.022 0.004 0.023 0.030 0.025 0.003 0.024 0.026 0.019 0.003 0.008 0.025 0.031 
 242   (0.101) 0.072 0.060 0.149 0.065 0.106 0.121 0.185 0.128 0.104 0.106 0.012 0.125 0.090 0.171 0.012 0.022 0.111 0.107 
 252   (0.064) 0.007 0.021 0.043 0.055 0.063 0.062 0.111 0.067 0.065 0.065 0.027 0.067 0.065 0.033 0.029 0.013 0.061 0.063 
 248   (0.131) 0.012 0.376 0.212 0.086 0.128 0.136 0.023 0.110 0.127 0.129 0.039 0.127 0.131 0.307 0.326 0.073 0.120 0.136 
 260   (0.039) 0.003 0.019 0.004 0.014 0.034 0.035 0.005 0.036 0.039 0.039 0.252 0.038 0.040 0.005 0.014 0.007 0.037 0.038 
 264   (0.016) 0.001 0.004 0.002 0.005 0.015 0.014 0.002 0.019 0.016 0.016 0.002 0.016 0.013 0.002 0.002 0.003 0.020 0.016 
 244   (0.027) 0.002 0.007 0.003 0.013 0.017 0.019 0.014 0.021 0.025 0.022 0.003 0.021 0.023 0.064 0.003 0.005 0.022 0.026 
 276   (0.011) 0.001 0.003 0.001 0.003 0.006 0.007 0.001 0.007 0.011 0.008 0.001 0.008 0.009 0.001 0.001 0.002 0.009 0.011 

Values of parameters used in structure:
DATAFILE=G:\Shared drives\Emily_Schumacher\QUAC_analyses\QUAC_structure_wild_relate\QUAC_allpop_relate_red_12_15_21\project_data,	OUTFILE=G:\Shared drives\Emily_Schumacher\QUAC_analyses\QUAC_structure_wild_relate\QUAC_allpop_relate_red_12_15_21\50-100\Results\50-100_run_88,	NUMINDS=188,	NUMLOCI=15,	MISSING=-9,	LABEL=1,	POPDATA=1,	POPFLAG=0,	PHENOTYPE=0,	EXTRACOLS=0,	MAXPOPS=18,	BURNIN=50000,	NUMREPS=100000,	USEPOPINFO=0,	INFERALPHA=1,	INFERLAMBDA=0,	POPSPECIFICLAMBDA=0,	POPALPHAS=0,	COMPUTEPROB=1,	NOADMIX=0,	ADMBURNIN=2500,	UPDATEFREQ=1,	PRINTLIKES=0,	INTERMEDSAVE=0,	PRINTKLD=0,	PRINTNET=0,	PRINTLAMBDA=0,	ANCESTDIST=0,	NUMBOXES=1000,	ANCESTPINT=0.90000,	GENSBACK=2,	MIGRPRIOR=0.05000,	PRINTQHAT=0,	PRINTQSUM=0,	ALPHA=1.0000,	FREQSCORR=1,	FPRIORMEAN=0.0100,	FPRIORSD=0.0500,	ONEFST=0,	LAMBDA=1.0000,	UNIFPRIORALPHA=1,	ALPHAMAX=10.0000,	ALPHAPRIORA=1.0000,	ALPHAPRIORB=2.0000,	ALPHAPROPSD=0.0250,	STARTATPOPINFO=0,	RANDOMIZE=1,	LINKAGE=0,	METROFREQ=10,	REPORTHITRATE=0,	MARKOVPHASE=-1,	PHASED=0,	PLOIDY=2,	PHASEINFO=0	LOCPRIOR=0, 	LOCPRIORINIT=1.000000, 	LOCDATA=0, 	LOCISPOP=0, 	LOCPRIORSTEP=0.100000, 	MAXLOCPRIOR=20.000000, 	SEED=1639614124,	
[STRAT parameters]:    NUMSIMSTATS=1000,	PHENOTYPECOL=-9,	POOLFREQ=10,	LOCUSxONLY=0,	EMERROR=0.00100,	MISSINGPHENO=-9,	