

----------------------------------------------------
STRUCTURE by Pritchard, Stephens and Donnelly (2000)
     and Falush, Stephens and Pritchard (2003)
       Code by Pritchard, Falush and Hubisz
             Version 2.3.4 (Jul 2012)
----------------------------------------------------



Command line arguments:   bin\structure -m G:\Shared drives\Emily_Schumacher\QUAC_analyses\QUAC_structure_wild_relate\QUAC_allpop_relate_red_12_15_21\50-100\mainparams -e G:\Shared drives\Emily_Schumacher\QUAC_analyses\QUAC_structure_wild_relate\QUAC_allpop_relate_red_12_15_21\50-100\extraparams 
Input File:    G:\Shared drives\Emily_Schumacher\QUAC_analyses\QUAC_structure_wild_relate\QUAC_allpop_relate_red_12_15_21\project_data

Run parameters:
   188 individuals
   15 loci
   19 populations assumed
   50000 Burn-in period
   100000 Reps


--------------------------------------------
Proportion of membership of each pre-defined
 population in each of the 19 clusters

Given    Inferred Clusters                                                                                                                       Number of
 Pop       1      2      3      4      5      6      7      8      9     10     11     12     13     14     15     16     17     18     19      Individuals

  1:     0.004  0.007  0.009  0.008  0.010  0.007  0.004  0.008  0.005  0.012  0.854  0.009  0.005  0.008  0.008  0.010  0.015  0.009  0.007        2
  2:     0.017  0.072  0.032  0.025  0.029  0.033  0.008  0.024  0.015  0.097  0.037  0.029  0.181  0.029  0.025  0.027  0.263  0.026  0.029       17
  3:     0.026  0.092  0.036  0.036  0.039  0.029  0.081  0.034  0.010  0.193  0.053  0.038  0.013  0.031  0.041  0.038  0.145  0.035  0.030       19
  4:     0.061  0.011  0.048  0.042  0.046  0.039  0.017  0.042  0.016  0.305  0.105  0.049  0.011  0.039  0.040  0.046  0.009  0.043  0.032       10
  5:     0.025  0.244  0.013  0.014  0.014  0.011  0.006  0.014  0.006  0.013  0.009  0.013  0.005  0.012  0.013  0.014  0.550  0.012  0.012        2
  6:     0.006  0.015  0.027  0.031  0.029  0.024  0.098  0.029  0.011  0.410  0.008  0.032  0.132  0.024  0.038  0.027  0.008  0.028  0.023        2
  7:     0.008  0.221  0.046  0.053  0.044  0.073  0.021  0.057  0.007  0.005  0.009  0.049  0.010  0.067  0.041  0.039  0.141  0.039  0.070        1
  8:     0.007  0.030  0.007  0.007  0.007  0.008  0.005  0.007  0.009  0.008  0.007  0.007  0.006  0.008  0.007  0.007  0.848  0.007  0.009        1
  9:     0.005  0.044  0.067  0.073  0.070  0.059  0.013  0.086  0.073  0.009  0.005  0.084  0.005  0.053  0.097  0.082  0.004  0.104  0.067        1
 10:     0.010  0.008  0.030  0.051  0.039  0.031  0.326  0.057  0.011  0.007  0.006  0.051  0.130  0.035  0.067  0.045  0.012  0.050  0.033        6
 11:     0.036  0.110  0.042  0.050  0.042  0.038  0.125  0.045  0.018  0.099  0.013  0.048  0.080  0.041  0.050  0.046  0.038  0.045  0.036       16
 12:     0.016  0.007  0.049  0.053  0.041  0.027  0.009  0.056  0.448  0.012  0.013  0.047  0.003  0.033  0.038  0.048  0.021  0.042  0.038        1
 13:     0.379  0.013  0.041  0.037  0.039  0.028  0.020  0.032  0.016  0.141  0.023  0.041  0.012  0.030  0.032  0.037  0.013  0.039  0.028       33
 14:     0.009  0.343  0.020  0.019  0.019  0.059  0.136  0.019  0.014  0.015  0.009  0.020  0.084  0.045  0.028  0.020  0.069  0.019  0.051       21
 15:     0.013  0.012  0.018  0.019  0.020  0.028  0.010  0.019  0.009  0.018  0.679  0.018  0.023  0.025  0.017  0.019  0.009  0.019  0.027       14
 16:     0.015  0.017  0.058  0.025  0.051  0.023  0.011  0.026  0.577  0.015  0.013  0.026  0.008  0.022  0.026  0.026  0.011  0.026  0.022       35
 17:     0.009  0.009  0.069  0.094  0.064  0.072  0.014  0.098  0.020  0.016  0.009  0.084  0.006  0.063  0.099  0.089  0.011  0.106  0.067        7
--------------------------------------------

Allele-freq. divergence among pops (Net nucleotide distance),
computed using point estimates of P.

      1       2       3       4       5       6       7       8       9      10      11      12      13      14      15      16      17      18      19      
 1      -    0.1121  0.0471  0.0485  0.0475  0.0656  0.0914  0.0487  0.0916  0.0631  0.0948  0.0466  0.1069  0.0569  0.0506  0.0481  0.1354  0.0484  0.0612  
 2   0.1121     -    0.0559  0.0557  0.0560  0.0615  0.0791  0.0542  0.0808  0.0972  0.0945  0.0557  0.1059  0.0581  0.0559  0.0560  0.0920  0.0558  0.0584  
 3   0.0471  0.0559     -    0.0008  0.0001  0.0092  0.0318  0.0009  0.0264  0.0314  0.0467  0.0005  0.0577  0.0045  0.0013  0.0007  0.0825  0.0007  0.0065  
 4   0.0485  0.0557  0.0008     -    0.0007  0.0079  0.0288  0.0001  0.0309  0.0331  0.0450  0.0002  0.0572  0.0033  0.0003  0.0000  0.0824  0.0001  0.0051  
 5   0.0475  0.0560  0.0001  0.0007     -    0.0093  0.0315  0.0008  0.0273  0.0323  0.0458  0.0005  0.0577  0.0045  0.0010  0.0006  0.0829  0.0006  0.0065  
 6   0.0656  0.0615  0.0092  0.0079  0.0093     -    0.0327  0.0075  0.0379  0.0466  0.0554  0.0083  0.0599  0.0011  0.0078  0.0079  0.0917  0.0081  0.0004  
 7   0.0914  0.0791  0.0318  0.0288  0.0315  0.0327     -    0.0284  0.0593  0.0666  0.0851  0.0293  0.0692  0.0293  0.0243  0.0291  0.1139  0.0293  0.0306  
 8   0.0487  0.0542  0.0009  0.0001  0.0008  0.0075  0.0284     -    0.0297  0.0343  0.0441  0.0003  0.0560  0.0031  0.0003  0.0001  0.0817  0.0002  0.0048  
 9   0.0916  0.0808  0.0264  0.0309  0.0273  0.0379  0.0593  0.0297     -    0.0787  0.0800  0.0313  0.0869  0.0342  0.0308  0.0308  0.1209  0.0310  0.0353  
10   0.0631  0.0972  0.0314  0.0331  0.0323  0.0466  0.0666  0.0343  0.0787     -    0.0853  0.0311  0.1036  0.0391  0.0349  0.0329  0.1056  0.0330  0.0426  
11   0.0948  0.0945  0.0467  0.0450  0.0458  0.0554  0.0851  0.0441  0.0800  0.0853     -    0.0451  0.1081  0.0499  0.0460  0.0449  0.1143  0.0450  0.0516  
12   0.0466  0.0557  0.0005  0.0002  0.0005  0.0083  0.0293  0.0003  0.0313  0.0311  0.0451     -    0.0576  0.0036  0.0005  0.0001  0.0808  0.0002  0.0055  
13   0.1069  0.1059  0.0577  0.0572  0.0577  0.0599  0.0692  0.0560  0.0869  0.1036  0.1081  0.0576     -    0.0574  0.0562  0.0569  0.1456  0.0577  0.0584  
14   0.0569  0.0581  0.0045  0.0033  0.0045  0.0011  0.0293  0.0031  0.0342  0.0391  0.0499  0.0036  0.0574     -    0.0033  0.0033  0.0868  0.0035  0.0003  
15   0.0506  0.0559  0.0013  0.0003  0.0010  0.0078  0.0243  0.0003  0.0308  0.0349  0.0460  0.0005  0.0562  0.0033     -    0.0003  0.0843  0.0003  0.0051  
16   0.0481  0.0560  0.0007  0.0000  0.0006  0.0079  0.0291  0.0001  0.0308  0.0329  0.0449  0.0001  0.0569  0.0033  0.0003     -    0.0823  0.0001  0.0051  
17   0.1354  0.0920  0.0825  0.0824  0.0829  0.0917  0.1139  0.0817  0.1209  0.1056  0.1143  0.0808  0.1456  0.0868  0.0843  0.0823     -    0.0827  0.0884  
18   0.0484  0.0558  0.0007  0.0001  0.0006  0.0081  0.0293  0.0002  0.0310  0.0330  0.0450  0.0002  0.0577  0.0035  0.0003  0.0001  0.0827     -    0.0053  
19   0.0612  0.0584  0.0065  0.0051  0.0065  0.0004  0.0306  0.0048  0.0353  0.0426  0.0516  0.0055  0.0584  0.0003  0.0051  0.0051  0.0884  0.0053     -    

Average distances (expected heterozygosity) between individuals in same cluster:
cluster  1  : 0.5091 
cluster  2  : 0.5069 
cluster  3  : 0.6158 
cluster  4  : 0.6369 
cluster  5  : 0.6165 
cluster  6  : 0.6454 
cluster  7  : 0.6050 
cluster  8  : 0.6392 
cluster  9  : 0.5337 
cluster 10  : 0.5143 
cluster 11  : 0.5303 
cluster 12  : 0.6319 
cluster 13  : 0.5177 
cluster 14  : 0.6455 
cluster 15  : 0.6370 
cluster 16  : 0.6352 
cluster 17  : 0.4271 
cluster 18  : 0.6326 
cluster 19  : 0.6459 

--------------------------------------------
Estimated Ln Prob of Data   = -8351.0
Mean value of ln likelihood = -6972.6
Variance of ln likelihood   = 2756.8
Mean value of alpha         = 0.0392

Mean value of Fst_1         = 0.2377
Mean value of Fst_2         = 0.2616
Mean value of Fst_3         = 0.1079
Mean value of Fst_4         = 0.0472
Mean value of Fst_5         = 0.1077
Mean value of Fst_6         = 0.1434
Mean value of Fst_7         = 0.1612
Mean value of Fst_8         = 0.0214
Mean value of Fst_9         = 0.1631
Mean value of Fst_10         = 0.2169
Mean value of Fst_11         = 0.2122
Mean value of Fst_12         = 0.0566
Mean value of Fst_13         = 0.2698
Mean value of Fst_14         = 0.1182
Mean value of Fst_15         = 0.0682
Mean value of Fst_16         = 0.0462
Mean value of Fst_17         = 0.4066
Mean value of Fst_18         = 0.0565
Mean value of Fst_19         = 0.1269


Inferred ancestry of individuals:
        Label (%Miss) Pop:  Inferred clusters
  1 QAc-G-0029    (0)    1 :  0.005 0.006 0.013 0.012 0.015 0.010 0.005 0.011 0.004 0.020 0.795 0.012 0.006 0.012 0.011 0.014 0.025 0.012 0.010 
  2 QAc-G-0030    (0)    1 :  0.004 0.008 0.005 0.005 0.005 0.004 0.003 0.005 0.007 0.004 0.913 0.005 0.004 0.004 0.005 0.005 0.004 0.005 0.004 
  3 QAc-G-0062    (0)    2 :  0.005 0.261 0.020 0.023 0.019 0.035 0.010 0.025 0.033 0.005 0.006 0.021 0.376 0.028 0.022 0.024 0.028 0.023 0.036 
  4 QAc-G-0063    (0)    2 :  0.015 0.050 0.027 0.026 0.027 0.025 0.010 0.025 0.014 0.023 0.006 0.028 0.010 0.026 0.029 0.027 0.580 0.027 0.023 
  5 QAc-G-0064    (0)    2 :  0.005 0.026 0.007 0.006 0.006 0.005 0.006 0.006 0.007 0.006 0.005 0.007 0.874 0.005 0.005 0.006 0.006 0.005 0.006 
  6 QAc-G-0065    (0)    2 :  0.005 0.003 0.005 0.005 0.004 0.004 0.008 0.005 0.003 0.004 0.006 0.005 0.916 0.004 0.005 0.005 0.003 0.005 0.004 
  7 QAc-G-0066    (0)    2 :  0.003 0.005 0.004 0.003 0.004 0.004 0.003 0.004 0.004 0.004 0.005 0.004 0.003 0.004 0.004 0.004 0.932 0.004 0.004 
  8 QAc-G-0067    (0)    2 :  0.008 0.005 0.017 0.014 0.014 0.010 0.011 0.015 0.006 0.013 0.017 0.015 0.783 0.012 0.015 0.015 0.005 0.016 0.012 
  9 QAc-G-0068    (0)    2 :  0.004 0.006 0.004 0.005 0.004 0.202 0.009 0.004 0.008 0.003 0.005 0.005 0.006 0.128 0.004 0.004 0.438 0.005 0.156 
 10 QAc-G-0070    (0)    2 :  0.006 0.120 0.039 0.022 0.043 0.026 0.007 0.028 0.066 0.010 0.010 0.025 0.019 0.021 0.022 0.024 0.468 0.022 0.022 
 11 QAc-G-0071   (13)    2 :  0.004 0.030 0.006 0.006 0.007 0.005 0.005 0.005 0.005 0.008 0.008 0.006 0.003 0.006 0.006 0.005 0.872 0.006 0.005 
 12 QAc-G-0072    (0)    2 :  0.004 0.004 0.005 0.005 0.005 0.005 0.004 0.005 0.006 0.005 0.005 0.005 0.004 0.005 0.005 0.005 0.913 0.005 0.005 
 13 QAc-G-0073    (0)    2 :  0.014 0.004 0.077 0.032 0.055 0.037 0.006 0.024 0.009 0.491 0.011 0.062 0.004 0.029 0.023 0.045 0.004 0.049 0.024 
 14 QAc-G-0074    (0)    2 :  0.019 0.041 0.039 0.038 0.036 0.026 0.009 0.036 0.014 0.368 0.004 0.043 0.005 0.022 0.034 0.036 0.154 0.042 0.034 
 15 QAc-G-0075    (0)    2 :  0.032 0.012 0.024 0.027 0.022 0.019 0.009 0.027 0.007 0.639 0.016 0.026 0.009 0.026 0.026 0.025 0.011 0.025 0.019 
 16 QAc-G-0076    (0)    2 :  0.072 0.005 0.134 0.080 0.092 0.060 0.012 0.048 0.007 0.042 0.008 0.104 0.028 0.058 0.050 0.082 0.009 0.070 0.038 
 17 QAc-G-0080    (0)    2 :  0.004 0.018 0.037 0.048 0.040 0.028 0.009 0.048 0.006 0.013 0.490 0.036 0.022 0.032 0.043 0.047 0.009 0.042 0.031 
 18 QAc-G-0081    (0)    2 :  0.010 0.011 0.071 0.072 0.092 0.058 0.012 0.087 0.055 0.004 0.008 0.085 0.006 0.066 0.116 0.086 0.005 0.088 0.069 
 19 QAc-G-0083    (0)    2 :  0.082 0.628 0.024 0.018 0.022 0.014 0.007 0.018 0.009 0.018 0.015 0.022 0.010 0.015 0.016 0.018 0.033 0.018 0.012 
 20 QAc-G-0285    (0)    3 :  0.005 0.816 0.006 0.007 0.006 0.007 0.010 0.007 0.006 0.005 0.010 0.007 0.004 0.007 0.007 0.007 0.069 0.007 0.007 
 21 QAc-G-0287    (0)    3 :  0.003 0.005 0.003 0.003 0.003 0.003 0.003 0.003 0.003 0.004 0.004 0.003 0.003 0.003 0.003 0.003 0.941 0.003 0.003 
 22 QAc-G-0288    (6)    3 :  0.008 0.005 0.007 0.007 0.006 0.007 0.006 0.007 0.010 0.006 0.015 0.007 0.005 0.007 0.007 0.007 0.868 0.007 0.008 
 23 QAc-G-0292    (0)    3 :  0.005 0.686 0.010 0.011 0.010 0.014 0.008 0.011 0.010 0.005 0.005 0.008 0.006 0.011 0.010 0.011 0.152 0.012 0.015 
 24 QAc-G-0294    (0)    3 :  0.043 0.004 0.109 0.074 0.086 0.093 0.019 0.049 0.005 0.033 0.016 0.083 0.017 0.086 0.072 0.089 0.005 0.065 0.051 
 25 QAc-G-0295    (0)    3 :  0.029 0.018 0.060 0.043 0.088 0.029 0.007 0.029 0.005 0.375 0.018 0.057 0.018 0.058 0.033 0.047 0.014 0.030 0.042 
 26 QAc-G-0296    (0)    3 :  0.048 0.012 0.078 0.037 0.059 0.028 0.008 0.026 0.008 0.419 0.005 0.060 0.049 0.027 0.024 0.046 0.008 0.040 0.020 
 27 QAc-G-0297    (0)    3 :  0.029 0.004 0.052 0.069 0.060 0.043 0.017 0.089 0.007 0.199 0.005 0.083 0.003 0.048 0.068 0.073 0.003 0.086 0.062 
 28 QAc-G-0298    (6)    3 :  0.010 0.014 0.021 0.020 0.020 0.013 0.007 0.016 0.004 0.739 0.016 0.017 0.008 0.020 0.016 0.017 0.004 0.019 0.018 
 29 QAc-G-0299    (0)    3 :  0.117 0.005 0.019 0.017 0.017 0.010 0.010 0.011 0.004 0.684 0.005 0.017 0.005 0.013 0.012 0.017 0.011 0.015 0.012 
 30 QAc-G-0300    (0)    3 :  0.092 0.004 0.075 0.042 0.060 0.042 0.015 0.036 0.020 0.318 0.005 0.057 0.036 0.037 0.032 0.043 0.005 0.046 0.034 
 31 QAc-G-0301    (0)    3 :  0.017 0.009 0.012 0.012 0.012 0.008 0.005 0.010 0.005 0.790 0.008 0.012 0.037 0.010 0.012 0.011 0.013 0.010 0.009 
 32 QAc-G-0302    (0)    3 :  0.024 0.006 0.016 0.018 0.020 0.017 0.684 0.015 0.005 0.011 0.005 0.017 0.004 0.017 0.076 0.019 0.005 0.020 0.020 
 33 QAc-G-0303    (0)    3 :  0.004 0.013 0.016 0.019 0.019 0.023 0.667 0.019 0.021 0.004 0.006 0.015 0.010 0.023 0.079 0.016 0.005 0.016 0.023 
 34 QAc-G-0305    (0)    3 :  0.004 0.075 0.020 0.019 0.018 0.025 0.023 0.021 0.012 0.006 0.019 0.017 0.006 0.022 0.021 0.020 0.631 0.020 0.023 
 35 QAc-G-0307    (0)    3 :  0.005 0.009 0.011 0.010 0.011 0.009 0.007 0.011 0.018 0.007 0.834 0.009 0.005 0.009 0.010 0.010 0.004 0.011 0.009 
 36 QAc-G-0313    (0)    3 :  0.008 0.055 0.051 0.091 0.079 0.063 0.010 0.111 0.016 0.007 0.010 0.097 0.016 0.057 0.095 0.084 0.010 0.074 0.066 
 37 QAc-G-0314    (0)    3 :  0.025 0.003 0.061 0.096 0.064 0.060 0.018 0.084 0.012 0.046 0.010 0.090 0.009 0.065 0.096 0.090 0.004 0.087 0.081 
 38 QAc-G-0316    (0)    3 :  0.013 0.007 0.056 0.088 0.099 0.054 0.010 0.089 0.019 0.007 0.020 0.071 0.012 0.063 0.107 0.103 0.009 0.103 0.070 
 39 QAc-G-0033    (0)    4 :  0.169 0.004 0.019 0.011 0.016 0.010 0.008 0.008 0.007 0.654 0.007 0.010 0.012 0.014 0.011 0.013 0.005 0.009 0.012 
 40 QAc-G-0034    (0)    4 :  0.011 0.004 0.015 0.010 0.014 0.008 0.010 0.014 0.012 0.802 0.026 0.011 0.009 0.008 0.010 0.011 0.005 0.011 0.009 
 41 QAc-G-0035    (0)    4 :  0.329 0.013 0.068 0.041 0.055 0.061 0.021 0.041 0.006 0.018 0.012 0.052 0.024 0.063 0.043 0.058 0.014 0.047 0.035 
 42 QAc-G-0036    (0)    4 :  0.008 0.008 0.011 0.012 0.012 0.010 0.004 0.010 0.008 0.826 0.006 0.011 0.014 0.009 0.009 0.011 0.014 0.010 0.009 
 43 QAc-G-0039    (0)    4 :  0.019 0.004 0.107 0.064 0.109 0.091 0.022 0.051 0.010 0.021 0.030 0.087 0.007 0.073 0.087 0.082 0.010 0.067 0.059 
 44 QAc-G-0040    (0)    4 :  0.035 0.043 0.097 0.072 0.096 0.056 0.017 0.065 0.069 0.039 0.011 0.088 0.007 0.060 0.047 0.073 0.017 0.069 0.041 
 45 QAc-G-0045    (0)    4 :  0.023 0.004 0.054 0.013 0.034 0.007 0.005 0.008 0.005 0.670 0.013 0.049 0.007 0.010 0.014 0.020 0.010 0.045 0.010 
 46 QAc-G-0050    (0)    4 :  0.004 0.014 0.050 0.095 0.041 0.078 0.058 0.093 0.014 0.004 0.089 0.077 0.006 0.065 0.078 0.079 0.009 0.064 0.084 
 47 QAc-G-0052    (0)    4 :  0.005 0.005 0.013 0.012 0.018 0.008 0.006 0.012 0.008 0.007 0.817 0.012 0.018 0.012 0.011 0.011 0.004 0.011 0.011 
 48 QAc-G-0056    (0)    4 :  0.007 0.006 0.048 0.089 0.065 0.059 0.018 0.122 0.024 0.007 0.039 0.097 0.010 0.071 0.085 0.102 0.007 0.095 0.050 
 49 QAc-G-0276    (0)    5 :  0.021 0.473 0.014 0.013 0.014 0.011 0.005 0.014 0.005 0.014 0.009 0.012 0.003 0.010 0.012 0.013 0.333 0.012 0.010 
 50 QAc-G-0280    (6)    5 :  0.029 0.014 0.012 0.015 0.014 0.012 0.007 0.014 0.008 0.011 0.009 0.014 0.006 0.013 0.013 0.015 0.767 0.013 0.014 
 51 QAc-G-0018    (0)    6 :  0.007 0.004 0.015 0.011 0.013 0.014 0.015 0.011 0.006 0.806 0.012 0.012 0.006 0.015 0.011 0.011 0.007 0.012 0.013 
 52 QAc-G-0017    (0)    6 :  0.004 0.026 0.038 0.051 0.045 0.034 0.180 0.047 0.017 0.015 0.004 0.052 0.257 0.034 0.066 0.043 0.009 0.044 0.034 
 53 QAc-G-0250    (0)    7 :  0.008 0.221 0.046 0.053 0.044 0.073 0.021 0.057 0.007 0.005 0.009 0.049 0.010 0.067 0.041 0.039 0.141 0.039 0.070 
 54 QAc-G-0003    (6)    8 :  0.007 0.030 0.007 0.007 0.007 0.008 0.005 0.007 0.009 0.008 0.007 0.007 0.006 0.008 0.007 0.007 0.848 0.007 0.009 
 55 QAc-G-0283    (0)    9 :  0.005 0.044 0.067 0.073 0.070 0.059 0.013 0.086 0.073 0.009 0.005 0.084 0.005 0.053 0.097 0.082 0.004 0.104 0.067 
 56 QAc-G-0255    (0)   10 :  0.026 0.006 0.035 0.050 0.053 0.039 0.444 0.032 0.006 0.009 0.004 0.046 0.009 0.040 0.074 0.030 0.004 0.057 0.036 
 57 QAc-G-0256    (0)   10 :  0.009 0.013 0.007 0.007 0.007 0.008 0.780 0.007 0.004 0.008 0.006 0.008 0.015 0.007 0.073 0.007 0.018 0.008 0.007 
 58 QAc-G-0257    (0)   10 :  0.003 0.006 0.015 0.019 0.021 0.012 0.641 0.019 0.017 0.006 0.010 0.018 0.070 0.016 0.068 0.017 0.004 0.021 0.017 
 59 QAc-G-0259    (0)   10 :  0.008 0.003 0.043 0.099 0.071 0.066 0.020 0.139 0.005 0.003 0.003 0.111 0.003 0.066 0.088 0.101 0.003 0.110 0.060 
 60 QAc-G-0260    (0)   10 :  0.010 0.013 0.049 0.078 0.046 0.034 0.056 0.099 0.028 0.007 0.008 0.080 0.149 0.051 0.064 0.067 0.041 0.071 0.047 
 61 QAc-G-0261    (0)   10 :  0.004 0.007 0.029 0.050 0.034 0.027 0.014 0.046 0.005 0.011 0.006 0.040 0.534 0.034 0.038 0.049 0.004 0.036 0.031 
 62 QAc-G-0109    (0)   11 :  0.005 0.010 0.037 0.054 0.043 0.032 0.345 0.058 0.019 0.019 0.014 0.054 0.047 0.041 0.078 0.052 0.006 0.050 0.038 
 63 QAc-G-0113    (0)   11 :  0.005 0.049 0.019 0.026 0.023 0.050 0.495 0.027 0.008 0.011 0.020 0.023 0.023 0.046 0.071 0.024 0.010 0.023 0.047 
 64 QAc-G-0114    (0)   11 :  0.088 0.007 0.020 0.038 0.032 0.026 0.491 0.032 0.006 0.021 0.006 0.028 0.004 0.028 0.072 0.030 0.010 0.035 0.027 
 65 QAc-G-0117    (0)   11 :  0.033 0.045 0.073 0.057 0.063 0.066 0.089 0.061 0.006 0.046 0.010 0.069 0.072 0.063 0.057 0.058 0.007 0.063 0.059 
 66 QAc-G-0120    (0)   11 :  0.011 0.010 0.051 0.079 0.066 0.046 0.183 0.092 0.009 0.013 0.008 0.078 0.008 0.056 0.084 0.073 0.004 0.077 0.051 
 67 QAc-G-0125    (0)   11 :  0.005 0.055 0.019 0.024 0.021 0.015 0.020 0.026 0.021 0.004 0.034 0.022 0.613 0.017 0.021 0.023 0.017 0.024 0.019 
 68 QAc-G-0141    (0)   11 :  0.014 0.016 0.071 0.073 0.066 0.078 0.048 0.077 0.015 0.028 0.022 0.087 0.022 0.065 0.067 0.080 0.018 0.088 0.065 
 69 QAc-G-0143    (0)   11 :  0.004 0.004 0.126 0.166 0.065 0.055 0.007 0.063 0.004 0.008 0.006 0.104 0.003 0.075 0.067 0.122 0.006 0.075 0.042 
 70 QAc-G-0147    (0)   11 :  0.009 0.035 0.032 0.046 0.035 0.036 0.071 0.039 0.060 0.028 0.008 0.043 0.361 0.037 0.039 0.043 0.005 0.034 0.038 
 71 QAc-G-0174    (0)   11 :  0.005 0.857 0.005 0.004 0.005 0.005 0.004 0.005 0.004 0.007 0.006 0.005 0.003 0.005 0.004 0.005 0.059 0.005 0.005 
 72 QAc-G-0182    (0)   11 :  0.004 0.635 0.006 0.007 0.006 0.005 0.006 0.007 0.005 0.005 0.003 0.007 0.010 0.006 0.006 0.007 0.262 0.006 0.007 
 73 QAc-G-0188    (0)   11 :  0.014 0.012 0.047 0.058 0.057 0.052 0.172 0.058 0.005 0.007 0.004 0.061 0.007 0.048 0.065 0.052 0.174 0.064 0.044 
 74 QAc-G-0229    (0)   11 :  0.006 0.009 0.011 0.011 0.011 0.009 0.009 0.012 0.012 0.825 0.007 0.012 0.004 0.012 0.012 0.010 0.005 0.012 0.012 
 75 QAc-G-0233    (0)   11 :  0.252 0.004 0.042 0.056 0.055 0.040 0.016 0.074 0.067 0.012 0.025 0.059 0.010 0.055 0.062 0.054 0.006 0.066 0.045 
 76 QAc-G-0237    (0)   11 :  0.028 0.007 0.039 0.032 0.045 0.016 0.022 0.026 0.011 0.535 0.017 0.032 0.046 0.029 0.026 0.033 0.009 0.022 0.023 
 77 QAc-G-0243    (0)   11 :  0.088 0.007 0.079 0.074 0.074 0.071 0.015 0.069 0.031 0.014 0.012 0.077 0.042 0.073 0.068 0.074 0.003 0.072 0.055 
 78 QAc-G-0249    (0)   12 :  0.016 0.007 0.049 0.053 0.041 0.027 0.009 0.056 0.448 0.012 0.013 0.047 0.003 0.033 0.038 0.048 0.021 0.042 0.038 
 79 QAc-W-0001    (0)   13 :  0.820 0.003 0.009 0.009 0.009 0.007 0.013 0.009 0.005 0.042 0.005 0.009 0.014 0.008 0.010 0.008 0.003 0.010 0.008 
 80 QAc-W-0002    (0)   13 :  0.016 0.007 0.037 0.034 0.034 0.021 0.026 0.026 0.012 0.542 0.006 0.039 0.004 0.025 0.027 0.029 0.034 0.046 0.034 
 81 QAc-W-0003    (0)   13 :  0.745 0.024 0.018 0.015 0.015 0.012 0.014 0.014 0.005 0.017 0.018 0.015 0.011 0.014 0.015 0.014 0.007 0.014 0.013 
 82 QAc-W-0004    (0)   13 :  0.892 0.004 0.006 0.005 0.006 0.005 0.004 0.005 0.004 0.015 0.007 0.006 0.004 0.005 0.006 0.006 0.008 0.006 0.005 
 83 QAc-W-0005    (0)   13 :  0.880 0.007 0.007 0.007 0.009 0.006 0.005 0.007 0.007 0.007 0.004 0.008 0.005 0.008 0.007 0.009 0.005 0.007 0.006 
 84 QAc-W-0007   (13)   13 :  0.872 0.005 0.008 0.007 0.008 0.007 0.005 0.007 0.007 0.014 0.005 0.008 0.006 0.007 0.007 0.008 0.005 0.007 0.007 
 85 QAc-W-0008    (6)   13 :  0.658 0.006 0.028 0.030 0.024 0.023 0.010 0.031 0.012 0.013 0.004 0.027 0.004 0.025 0.022 0.030 0.006 0.026 0.024 
 86 QAc-W-0009    (0)   13 :  0.016 0.006 0.066 0.062 0.077 0.038 0.174 0.051 0.026 0.097 0.010 0.071 0.010 0.059 0.057 0.069 0.017 0.051 0.043 
 87 QAc-W-0010    (0)   13 :  0.656 0.016 0.025 0.020 0.027 0.020 0.017 0.020 0.027 0.010 0.005 0.021 0.033 0.016 0.020 0.023 0.007 0.018 0.017 
 88 QAc-W-0011    (0)   13 :  0.378 0.014 0.060 0.042 0.051 0.031 0.013 0.035 0.006 0.052 0.013 0.071 0.011 0.036 0.034 0.045 0.032 0.046 0.030 
 89 QAc-W-0012    (0)   13 :  0.611 0.006 0.020 0.023 0.019 0.021 0.012 0.021 0.015 0.092 0.011 0.023 0.012 0.022 0.021 0.019 0.013 0.019 0.021 
 90 QAc-W-0013    (0)   13 :  0.013 0.007 0.097 0.048 0.069 0.046 0.048 0.042 0.006 0.147 0.143 0.090 0.008 0.035 0.033 0.063 0.014 0.061 0.030 
 91 QAc-W-0014    (0)   13 :  0.806 0.010 0.016 0.013 0.014 0.011 0.006 0.012 0.017 0.018 0.005 0.012 0.005 0.009 0.012 0.011 0.004 0.012 0.009 
 92 QAc-W-0015    (0)   13 :  0.012 0.119 0.072 0.044 0.057 0.023 0.013 0.026 0.015 0.341 0.013 0.080 0.004 0.022 0.026 0.033 0.016 0.060 0.024 
 93 QAc-W-0017    (0)   13 :  0.009 0.037 0.072 0.091 0.088 0.045 0.016 0.064 0.033 0.037 0.020 0.075 0.006 0.060 0.085 0.094 0.009 0.102 0.056 
 94 QAc-W-0018    (0)   13 :  0.376 0.004 0.041 0.045 0.049 0.042 0.025 0.052 0.009 0.020 0.038 0.046 0.014 0.044 0.051 0.047 0.004 0.052 0.041 
 95 QAc-W-0020    (0)   13 :  0.745 0.005 0.019 0.023 0.017 0.017 0.006 0.017 0.004 0.007 0.004 0.018 0.010 0.018 0.021 0.025 0.004 0.021 0.019 
 96 QAc-W-0021    (0)   13 :  0.287 0.003 0.046 0.056 0.045 0.038 0.021 0.060 0.009 0.016 0.103 0.051 0.008 0.047 0.051 0.046 0.011 0.058 0.042 
 97 QAc-W-0022    (0)   13 :  0.019 0.024 0.082 0.073 0.076 0.064 0.014 0.079 0.023 0.090 0.011 0.082 0.008 0.053 0.061 0.076 0.013 0.091 0.059 
 98 QAc-W-0023    (6)   13 :  0.080 0.005 0.090 0.069 0.079 0.047 0.031 0.057 0.029 0.106 0.020 0.069 0.030 0.059 0.051 0.068 0.003 0.059 0.046 
 99 QAc-W-0024    (0)   13 :  0.292 0.005 0.053 0.056 0.053 0.029 0.012 0.040 0.010 0.023 0.078 0.039 0.006 0.042 0.050 0.062 0.049 0.060 0.042 
100 QAc-W-0025    (0)   13 :  0.314 0.004 0.030 0.028 0.036 0.022 0.016 0.025 0.009 0.306 0.016 0.033 0.004 0.031 0.034 0.029 0.007 0.028 0.026 
101 QAc-W-0026    (0)   13 :  0.407 0.014 0.027 0.036 0.030 0.027 0.016 0.036 0.023 0.044 0.071 0.039 0.025 0.027 0.035 0.031 0.045 0.033 0.032 
102 QAc-W-0027    (0)   13 :  0.067 0.004 0.016 0.017 0.013 0.012 0.012 0.014 0.010 0.724 0.004 0.019 0.004 0.016 0.013 0.020 0.005 0.016 0.014 
103 QAc-W-0028    (0)   13 :  0.527 0.009 0.031 0.031 0.029 0.021 0.008 0.021 0.008 0.126 0.004 0.033 0.004 0.029 0.028 0.028 0.008 0.032 0.026 
104 QAc-W-0029    (0)   13 :  0.227 0.003 0.073 0.049 0.067 0.056 0.022 0.030 0.004 0.169 0.007 0.055 0.019 0.043 0.041 0.055 0.003 0.040 0.035 
105 QAc-W-0032    (0)   13 :  0.789 0.003 0.015 0.011 0.012 0.011 0.009 0.013 0.009 0.022 0.007 0.012 0.027 0.012 0.013 0.012 0.003 0.014 0.009 
106 QAc-W-0033    (0)   13 :  0.137 0.008 0.063 0.077 0.057 0.065 0.020 0.083 0.020 0.017 0.012 0.070 0.030 0.062 0.058 0.076 0.004 0.071 0.070 
107 QAc-W-0035    (0)   13 :  0.106 0.013 0.039 0.040 0.053 0.034 0.008 0.040 0.019 0.373 0.016 0.045 0.007 0.044 0.040 0.040 0.018 0.036 0.031 
108 QAc-W-0037    (0)   13 :  0.026 0.006 0.013 0.013 0.015 0.012 0.006 0.014 0.007 0.775 0.014 0.014 0.017 0.014 0.011 0.013 0.008 0.011 0.011 
109 QAc-W-0038    (0)   13 :  0.094 0.028 0.073 0.083 0.074 0.057 0.012 0.056 0.009 0.068 0.005 0.077 0.010 0.059 0.063 0.078 0.009 0.086 0.059 
110 QAc-W-0040    (0)   13 :  0.585 0.010 0.019 0.023 0.020 0.012 0.009 0.024 0.123 0.018 0.013 0.021 0.018 0.017 0.018 0.019 0.009 0.023 0.016 
111 QAc-W-0041    (0)   13 :  0.041 0.006 0.071 0.045 0.058 0.034 0.026 0.031 0.008 0.299 0.056 0.073 0.005 0.031 0.041 0.043 0.030 0.066 0.035 
112 QAc-W-0042    (0)   14 :  0.006 0.010 0.029 0.019 0.027 0.032 0.322 0.015 0.006 0.014 0.015 0.026 0.306 0.028 0.039 0.021 0.036 0.024 0.025 
113 QAc-W-0044    (0)   14 :  0.008 0.074 0.088 0.045 0.064 0.042 0.068 0.033 0.024 0.066 0.004 0.086 0.148 0.033 0.038 0.057 0.038 0.058 0.027 
114 QAc-W-0045    (0)   14 :  0.007 0.006 0.014 0.013 0.011 0.038 0.673 0.013 0.005 0.015 0.008 0.014 0.026 0.028 0.061 0.015 0.011 0.014 0.028 
115 QAc-W-0048    (0)   14 :  0.011 0.006 0.017 0.019 0.016 0.014 0.624 0.026 0.006 0.012 0.015 0.020 0.072 0.019 0.066 0.020 0.005 0.017 0.016 
116 QAc-W-0050    (0)   14 :  0.004 0.006 0.015 0.021 0.014 0.249 0.163 0.020 0.011 0.008 0.006 0.018 0.019 0.171 0.033 0.019 0.008 0.020 0.194 
117 QAc-W-0051    (0)   14 :  0.007 0.037 0.013 0.012 0.013 0.275 0.052 0.016 0.005 0.006 0.014 0.013 0.088 0.178 0.014 0.015 0.006 0.012 0.225 
118 QAc-W-0052    (0)   14 :  0.009 0.006 0.005 0.005 0.005 0.004 0.006 0.005 0.004 0.005 0.003 0.005 0.909 0.004 0.005 0.005 0.006 0.005 0.004 
119 QAc-W-0053    (0)   14 :  0.008 0.007 0.011 0.012 0.012 0.013 0.749 0.012 0.009 0.008 0.005 0.013 0.018 0.011 0.075 0.010 0.005 0.011 0.013 
120 QAc-W-0054    (0)   14 :  0.008 0.064 0.050 0.051 0.049 0.100 0.036 0.050 0.016 0.010 0.008 0.041 0.077 0.096 0.053 0.061 0.094 0.049 0.086 
121 QAc-W-0056    (0)   14 :  0.040 0.010 0.043 0.049 0.043 0.155 0.015 0.064 0.007 0.056 0.010 0.048 0.007 0.134 0.056 0.054 0.007 0.053 0.149 
122 QAc-W-0057    (0)   14 :  0.006 0.081 0.029 0.031 0.027 0.202 0.073 0.033 0.012 0.017 0.026 0.026 0.009 0.141 0.035 0.031 0.007 0.032 0.184 
123 QAc-W-0060    (0)   14 :  0.003 0.849 0.006 0.008 0.006 0.006 0.006 0.007 0.006 0.018 0.004 0.006 0.031 0.007 0.007 0.007 0.009 0.007 0.006 
124 QAc-W-0061    (0)   14 :  0.011 0.612 0.023 0.027 0.023 0.020 0.014 0.027 0.045 0.030 0.012 0.021 0.005 0.022 0.025 0.023 0.013 0.026 0.021 
125 QAc-W-0062    (0)   14 :  0.003 0.917 0.005 0.004 0.004 0.004 0.004 0.005 0.005 0.004 0.004 0.004 0.008 0.004 0.004 0.005 0.006 0.004 0.004 
126 QAc-W-0063    (0)   14 :  0.016 0.766 0.013 0.012 0.013 0.010 0.007 0.013 0.011 0.006 0.020 0.014 0.022 0.011 0.013 0.012 0.020 0.012 0.010 
127 QAc-W-0064    (0)   14 :  0.011 0.847 0.008 0.009 0.007 0.008 0.005 0.009 0.007 0.005 0.007 0.008 0.005 0.009 0.008 0.008 0.022 0.008 0.008 
128 QAc-W-0065    (0)   14 :  0.008 0.738 0.017 0.018 0.016 0.019 0.008 0.017 0.015 0.013 0.010 0.016 0.007 0.017 0.017 0.015 0.011 0.018 0.021 
129 QAc-W-0066    (0)   14 :  0.003 0.004 0.003 0.003 0.003 0.003 0.003 0.003 0.003 0.004 0.004 0.003 0.003 0.003 0.003 0.003 0.942 0.003 0.003 
130 QAc-W-0072    (0)   14 :  0.015 0.678 0.018 0.013 0.020 0.027 0.006 0.016 0.084 0.005 0.010 0.014 0.004 0.018 0.014 0.018 0.006 0.012 0.021 
131 QAc-W-0073    (0)   14 :  0.006 0.799 0.014 0.012 0.016 0.012 0.014 0.015 0.006 0.008 0.009 0.013 0.007 0.013 0.012 0.013 0.006 0.013 0.012 
132 QAc-W-0077    (0)   14 :  0.006 0.692 0.006 0.007 0.006 0.008 0.008 0.006 0.005 0.006 0.004 0.006 0.004 0.007 0.006 0.006 0.202 0.006 0.007 
133 QAc-W-0078    (0)   15 :  0.013 0.007 0.026 0.029 0.027 0.018 0.008 0.037 0.015 0.018 0.596 0.034 0.013 0.023 0.025 0.032 0.030 0.027 0.023 
134 QAc-W-0079    (6)   15 :  0.005 0.004 0.007 0.006 0.007 0.006 0.007 0.006 0.006 0.007 0.888 0.006 0.003 0.006 0.006 0.007 0.011 0.006 0.006 
135 QAc-W-0081    (0)   15 :  0.009 0.007 0.007 0.008 0.008 0.005 0.005 0.007 0.005 0.005 0.881 0.008 0.010 0.006 0.006 0.006 0.004 0.007 0.006 
136 QAc-W-0082    (0)   15 :  0.003 0.005 0.006 0.006 0.006 0.206 0.012 0.007 0.004 0.006 0.417 0.006 0.003 0.125 0.008 0.006 0.005 0.008 0.162 
137 QAc-W-0083    (0)   15 :  0.007 0.030 0.011 0.009 0.011 0.011 0.007 0.009 0.010 0.007 0.815 0.008 0.008 0.010 0.009 0.009 0.007 0.010 0.012 
138 QAc-W-0086    (0)   15 :  0.007 0.005 0.007 0.008 0.008 0.013 0.006 0.008 0.009 0.008 0.847 0.008 0.005 0.008 0.008 0.009 0.014 0.009 0.015 
139 QAc-W-0087    (0)   15 :  0.004 0.003 0.006 0.006 0.007 0.006 0.008 0.006 0.008 0.005 0.898 0.006 0.003 0.006 0.006 0.006 0.005 0.006 0.006 
140 QAc-W-0088    (0)   15 :  0.006 0.005 0.013 0.019 0.015 0.013 0.010 0.017 0.007 0.011 0.784 0.015 0.004 0.016 0.015 0.017 0.006 0.016 0.012 
141 QAc-W-0092    (0)   15 :  0.020 0.006 0.035 0.030 0.032 0.017 0.016 0.026 0.009 0.082 0.539 0.035 0.019 0.020 0.024 0.028 0.011 0.035 0.017 
142 QAc-W-0093    (0)   15 :  0.024 0.005 0.023 0.023 0.025 0.021 0.011 0.026 0.015 0.018 0.647 0.026 0.009 0.022 0.023 0.025 0.003 0.029 0.024 
143 QAc-W-0094    (0)   15 :  0.049 0.049 0.039 0.045 0.047 0.022 0.021 0.032 0.008 0.009 0.225 0.040 0.208 0.039 0.042 0.041 0.006 0.045 0.034 
144 QAc-W-0097    (0)   15 :  0.024 0.006 0.026 0.028 0.027 0.020 0.012 0.028 0.005 0.056 0.592 0.028 0.016 0.022 0.023 0.029 0.006 0.028 0.022 
145 QAc-W-0099    (0)   15 :  0.004 0.004 0.034 0.039 0.045 0.025 0.019 0.040 0.015 0.009 0.542 0.029 0.016 0.033 0.032 0.037 0.005 0.040 0.031 
146 QAc-W-0107    (0)   15 :  0.006 0.029 0.009 0.009 0.009 0.010 0.005 0.010 0.006 0.005 0.829 0.009 0.006 0.008 0.010 0.009 0.012 0.009 0.009 
147 QAc-W-0115    (0)   16 :  0.012 0.007 0.082 0.015 0.068 0.010 0.005 0.014 0.668 0.020 0.009 0.015 0.007 0.012 0.014 0.014 0.005 0.013 0.010 
148 QAc-W-0116    (0)   16 :  0.007 0.005 0.050 0.030 0.047 0.025 0.020 0.035 0.563 0.016 0.007 0.032 0.012 0.030 0.034 0.032 0.003 0.034 0.021 
149 QAc-W-0117    (0)   16 :  0.005 0.004 0.022 0.013 0.013 0.009 0.012 0.010 0.819 0.008 0.004 0.011 0.004 0.014 0.016 0.012 0.004 0.012 0.010 
150 QAc-W-0118    (0)   16 :  0.007 0.021 0.052 0.019 0.063 0.015 0.008 0.016 0.634 0.006 0.023 0.016 0.006 0.013 0.020 0.017 0.038 0.012 0.013 
151 QAc-W-0119    (0)   16 :  0.006 0.004 0.040 0.022 0.023 0.019 0.007 0.024 0.690 0.007 0.007 0.021 0.007 0.020 0.020 0.026 0.016 0.023 0.020 
152 QAc-W-0120    (0)   16 :  0.009 0.009 0.050 0.033 0.042 0.025 0.016 0.047 0.536 0.008 0.009 0.037 0.005 0.029 0.036 0.038 0.016 0.031 0.024 
153 QAc-W-0121    (0)   16 :  0.007 0.010 0.024 0.013 0.013 0.022 0.007 0.014 0.703 0.005 0.004 0.016 0.003 0.023 0.013 0.017 0.069 0.016 0.020 
154 QAc-W-0122    (0)   16 :  0.017 0.007 0.101 0.038 0.130 0.043 0.016 0.052 0.340 0.006 0.006 0.036 0.004 0.029 0.050 0.045 0.004 0.050 0.027 
155 QAc-W-0123    (6)   16 :  0.004 0.009 0.051 0.028 0.055 0.018 0.012 0.028 0.586 0.013 0.011 0.027 0.015 0.023 0.032 0.030 0.007 0.030 0.022 
156 QAc-W-0124    (0)   16 :  0.015 0.110 0.110 0.023 0.107 0.016 0.005 0.031 0.333 0.037 0.073 0.028 0.006 0.015 0.020 0.019 0.010 0.025 0.014 
157 QAc-W-0125    (0)   16 :  0.007 0.004 0.036 0.014 0.019 0.010 0.009 0.013 0.765 0.011 0.021 0.013 0.008 0.011 0.013 0.014 0.008 0.014 0.010 
158 QAc-W-0132    (6)   16 :  0.019 0.025 0.080 0.033 0.071 0.027 0.007 0.029 0.411 0.036 0.036 0.030 0.018 0.024 0.024 0.037 0.044 0.027 0.023 
159 QAc-W-0134    (0)   16 :  0.005 0.006 0.027 0.007 0.009 0.006 0.006 0.007 0.864 0.007 0.006 0.006 0.006 0.007 0.007 0.006 0.004 0.007 0.006 
160 QAc-W-0135    (0)   16 :  0.096 0.028 0.095 0.024 0.079 0.017 0.007 0.024 0.454 0.021 0.010 0.026 0.004 0.018 0.018 0.023 0.014 0.024 0.018 
161 QAc-W-0136    (0)   16 :  0.005 0.006 0.042 0.008 0.014 0.007 0.005 0.008 0.836 0.005 0.005 0.008 0.006 0.007 0.008 0.009 0.003 0.009 0.007 
162 QAc-W-0138    (0)   16 :  0.008 0.004 0.027 0.009 0.012 0.008 0.004 0.008 0.849 0.005 0.004 0.009 0.006 0.008 0.009 0.009 0.004 0.009 0.008 
163 QAc-W-0140    (0)   16 :  0.008 0.005 0.036 0.020 0.025 0.017 0.021 0.017 0.691 0.016 0.005 0.025 0.004 0.021 0.020 0.022 0.005 0.024 0.017 
164 QAc-W-0141    (6)   16 :  0.017 0.008 0.072 0.074 0.102 0.060 0.025 0.065 0.085 0.035 0.008 0.076 0.007 0.063 0.073 0.070 0.024 0.071 0.066 
165 QAc-W-0142    (0)   16 :  0.004 0.014 0.022 0.007 0.011 0.009 0.005 0.008 0.851 0.003 0.005 0.007 0.004 0.008 0.008 0.008 0.011 0.007 0.009 
166 QAc-W-0143    (0)   16 :  0.007 0.006 0.042 0.013 0.027 0.016 0.011 0.015 0.719 0.005 0.032 0.015 0.006 0.018 0.017 0.016 0.003 0.018 0.013 
167 QAc-W-0145    (0)   16 :  0.004 0.006 0.092 0.015 0.098 0.015 0.006 0.013 0.655 0.005 0.004 0.013 0.004 0.013 0.018 0.014 0.003 0.012 0.010 
168 QAc-W-0148    (0)   16 :  0.007 0.008 0.074 0.008 0.042 0.007 0.005 0.007 0.774 0.012 0.004 0.006 0.007 0.006 0.007 0.007 0.004 0.007 0.007 
169 QAc-W-0149    (0)   16 :  0.012 0.012 0.109 0.054 0.134 0.066 0.020 0.062 0.161 0.007 0.011 0.064 0.026 0.038 0.058 0.058 0.004 0.060 0.042 
170 QAc-W-0150    (0)   16 :  0.082 0.008 0.090 0.035 0.101 0.042 0.009 0.056 0.228 0.034 0.027 0.046 0.018 0.037 0.044 0.046 0.005 0.050 0.043 
171 QAc-W-0151    (0)   16 :  0.009 0.006 0.089 0.017 0.059 0.015 0.007 0.018 0.615 0.051 0.010 0.018 0.006 0.013 0.017 0.016 0.004 0.017 0.013 
172 QAc-W-0152    (0)   16 :  0.005 0.030 0.104 0.009 0.088 0.014 0.012 0.012 0.631 0.009 0.005 0.014 0.005 0.010 0.013 0.010 0.006 0.011 0.011 
173 QAc-W-0153    (0)   16 :  0.006 0.022 0.055 0.084 0.081 0.067 0.011 0.057 0.017 0.027 0.024 0.081 0.003 0.061 0.114 0.086 0.005 0.117 0.080 
174 QAc-W-0154    (0)   16 :  0.046 0.004 0.051 0.027 0.031 0.018 0.007 0.030 0.618 0.008 0.006 0.026 0.004 0.019 0.027 0.026 0.004 0.024 0.021 
175 QAc-W-0157    (0)   16 :  0.005 0.018 0.042 0.040 0.026 0.027 0.012 0.038 0.530 0.019 0.005 0.034 0.026 0.030 0.037 0.038 0.011 0.034 0.028 
176 QAc-W-0158    (0)   16 :  0.038 0.008 0.077 0.026 0.058 0.018 0.007 0.022 0.487 0.054 0.030 0.032 0.008 0.019 0.024 0.023 0.025 0.026 0.019 
177 QAc-W-0159    (0)   16 :  0.008 0.003 0.018 0.010 0.013 0.009 0.006 0.011 0.841 0.007 0.007 0.008 0.008 0.010 0.009 0.009 0.004 0.010 0.009 
178 QAc-W-0160    (0)   16 :  0.024 0.005 0.042 0.032 0.033 0.018 0.007 0.030 0.620 0.016 0.008 0.033 0.004 0.025 0.028 0.034 0.003 0.024 0.015 
179 QAc-W-0162    (0)   16 :  0.004 0.086 0.034 0.018 0.024 0.024 0.024 0.022 0.630 0.004 0.007 0.016 0.016 0.018 0.017 0.015 0.005 0.016 0.020 
180 QAc-W-0163    (0)   16 :  0.006 0.010 0.034 0.027 0.033 0.058 0.034 0.035 0.507 0.007 0.005 0.032 0.009 0.059 0.024 0.032 0.007 0.027 0.054 
181 QAc-W-0164    (0)   16 :  0.008 0.079 0.061 0.029 0.047 0.026 0.012 0.037 0.484 0.007 0.011 0.031 0.009 0.032 0.031 0.027 0.008 0.033 0.028 
182 QAc-W-0167    (0)   17 :  0.006 0.008 0.067 0.088 0.072 0.090 0.015 0.076 0.007 0.006 0.018 0.072 0.005 0.056 0.107 0.091 0.006 0.133 0.078 
183 QAc-W-0168    (0)   17 :  0.009 0.018 0.073 0.081 0.058 0.051 0.018 0.086 0.091 0.015 0.012 0.075 0.007 0.056 0.084 0.097 0.043 0.078 0.047 
184 QAc-W-0169    (0)   17 :  0.017 0.010 0.076 0.108 0.054 0.075 0.015 0.107 0.005 0.014 0.004 0.100 0.004 0.070 0.092 0.076 0.010 0.095 0.069 
185 QAc-W-0170    (0)   17 :  0.010 0.005 0.057 0.098 0.062 0.070 0.014 0.117 0.011 0.043 0.007 0.096 0.004 0.073 0.075 0.097 0.004 0.096 0.060 
186 QAc-W-0172    (0)   17 :  0.008 0.002 0.066 0.107 0.054 0.052 0.009 0.154 0.007 0.009 0.010 0.110 0.012 0.069 0.104 0.090 0.002 0.071 0.063 
187 QAc-W-0173    (0)   17 :  0.011 0.012 0.084 0.102 0.074 0.081 0.013 0.057 0.012 0.016 0.007 0.063 0.005 0.054 0.105 0.089 0.003 0.136 0.076 
188 QAc-W-0174    (0)   17 :  0.005 0.010 0.061 0.074 0.075 0.085 0.017 0.087 0.009 0.008 0.006 0.076 0.004 0.059 0.124 0.082 0.010 0.133 0.076 


Estimated Allele Frequencies in each cluster
First column gives estimated ancestral frequencies


Locus 1 : 
18 alleles
0.0% missing data
 210   (0.107) 0.016 0.020 0.111 0.106 0.125 0.095 0.258 0.113 0.182 0.070 0.151 0.103 0.027 0.099 0.128 0.110 0.007 0.106 0.100 
 212   (0.119) 0.048 0.015 0.135 0.121 0.142 0.113 0.039 0.121 0.060 0.416 0.274 0.129 0.024 0.119 0.118 0.123 0.195 0.119 0.111 
 202   (0.059) 0.063 0.007 0.040 0.055 0.041 0.039 0.020 0.057 0.007 0.036 0.143 0.050 0.318 0.044 0.052 0.052 0.004 0.050 0.041 
 226   (0.043) 0.005 0.131 0.027 0.036 0.029 0.032 0.023 0.040 0.005 0.005 0.013 0.034 0.221 0.034 0.034 0.036 0.251 0.035 0.035 
 216   (0.076) 0.018 0.055 0.063 0.070 0.060 0.053 0.050 0.073 0.148 0.010 0.170 0.068 0.167 0.060 0.067 0.069 0.005 0.067 0.059 
 200   (0.251) 0.523 0.128 0.313 0.279 0.303 0.244 0.200 0.265 0.141 0.371 0.086 0.300 0.124 0.249 0.270 0.285 0.506 0.295 0.238 
 224   (0.042) 0.008 0.263 0.041 0.045 0.040 0.031 0.012 0.041 0.005 0.020 0.010 0.044 0.009 0.037 0.038 0.042 0.004 0.043 0.034 
 218   (0.058) 0.082 0.019 0.055 0.052 0.053 0.050 0.017 0.056 0.155 0.011 0.106 0.051 0.011 0.049 0.051 0.053 0.004 0.050 0.052 
 228   (0.011) 0.001 0.130 0.006 0.008 0.006 0.006 0.003 0.010 0.001 0.001 0.001 0.008 0.002 0.006 0.007 0.008 0.001 0.008 0.006 
 214   (0.062) 0.007 0.212 0.049 0.056 0.049 0.220 0.164 0.060 0.018 0.007 0.008 0.053 0.039 0.163 0.067 0.057 0.012 0.057 0.191 
 208   (0.060) 0.212 0.007 0.063 0.072 0.065 0.049 0.071 0.059 0.007 0.038 0.022 0.063 0.016 0.061 0.066 0.067 0.004 0.071 0.058 
 220   (0.028) 0.003 0.003 0.023 0.028 0.022 0.020 0.008 0.028 0.010 0.006 0.003 0.027 0.005 0.023 0.028 0.027 0.002 0.029 0.022 
 196   (0.011) 0.001 0.001 0.006 0.009 0.007 0.006 0.003 0.010 0.001 0.001 0.001 0.009 0.002 0.008 0.008 0.009 0.001 0.009 0.007 
 238   (0.011) 0.001 0.001 0.007 0.009 0.008 0.007 0.003 0.010 0.002 0.001 0.001 0.009 0.002 0.007 0.010 0.010 0.001 0.010 0.007 
 206   (0.018) 0.003 0.002 0.013 0.015 0.013 0.011 0.056 0.017 0.026 0.002 0.002 0.015 0.004 0.013 0.019 0.015 0.001 0.015 0.012 
 190   (0.009) 0.001 0.001 0.005 0.008 0.006 0.005 0.003 0.009 0.001 0.001 0.001 0.008 0.001 0.006 0.007 0.008 0.001 0.007 0.006 
 222   (0.025) 0.007 0.004 0.037 0.021 0.028 0.014 0.007 0.023 0.231 0.003 0.003 0.020 0.024 0.017 0.020 0.020 0.002 0.020 0.016 
 232   (0.010) 0.001 0.001 0.006 0.008 0.005 0.006 0.064 0.009 0.001 0.001 0.001 0.008 0.003 0.007 0.011 0.008 0.001 0.007 0.006 

Locus 2 : 
15 alleles
2.1% missing data
 171   (0.218) 0.310 0.042 0.220 0.225 0.211 0.226 0.454 0.218 0.058 0.439 0.178 0.228 0.239 0.231 0.242 0.227 0.018 0.225 0.225 
 175   (0.094) 0.042 0.026 0.074 0.090 0.075 0.166 0.032 0.091 0.025 0.053 0.264 0.085 0.209 0.136 0.080 0.088 0.025 0.084 0.152 
 185   (0.053) 0.008 0.015 0.061 0.050 0.063 0.038 0.016 0.055 0.227 0.006 0.082 0.048 0.012 0.042 0.052 0.055 0.005 0.049 0.039 
 179   (0.073) 0.008 0.503 0.113 0.072 0.110 0.061 0.022 0.077 0.253 0.010 0.009 0.071 0.251 0.056 0.071 0.073 0.036 0.078 0.059 
 181   (0.093) 0.029 0.045 0.094 0.093 0.092 0.091 0.117 0.092 0.011 0.125 0.347 0.101 0.035 0.088 0.096 0.095 0.562 0.104 0.088 
 173   (0.184) 0.185 0.140 0.198 0.189 0.201 0.198 0.177 0.186 0.207 0.209 0.039 0.201 0.171 0.207 0.181 0.190 0.331 0.180 0.200 
 177   (0.032) 0.003 0.187 0.032 0.027 0.029 0.028 0.010 0.031 0.083 0.004 0.004 0.027 0.005 0.028 0.027 0.028 0.003 0.027 0.029 
 187   (0.095) 0.104 0.024 0.083 0.102 0.084 0.086 0.047 0.093 0.023 0.122 0.012 0.092 0.018 0.090 0.101 0.098 0.009 0.105 0.092 
 183   (0.064) 0.008 0.007 0.057 0.067 0.064 0.050 0.081 0.066 0.093 0.009 0.020 0.062 0.016 0.054 0.070 0.062 0.006 0.069 0.054 
 189   (0.033) 0.295 0.004 0.027 0.029 0.026 0.022 0.009 0.031 0.013 0.017 0.004 0.030 0.006 0.025 0.027 0.029 0.003 0.028 0.023 
 191   (0.018) 0.003 0.003 0.015 0.017 0.016 0.010 0.023 0.017 0.002 0.002 0.036 0.016 0.031 0.014 0.016 0.016 0.001 0.016 0.013 
 163   (0.011) 0.001 0.001 0.006 0.009 0.007 0.006 0.003 0.010 0.001 0.001 0.001 0.009 0.002 0.007 0.009 0.009 0.001 0.008 0.006 
 165   (0.011) 0.001 0.001 0.006 0.009 0.007 0.006 0.003 0.010 0.001 0.001 0.001 0.009 0.002 0.007 0.008 0.009 0.001 0.008 0.006 
 193   (0.011) 0.001 0.001 0.009 0.012 0.007 0.007 0.003 0.010 0.001 0.001 0.001 0.011 0.002 0.008 0.009 0.011 0.001 0.009 0.007 
 167   (0.011) 0.001 0.001 0.007 0.010 0.007 0.007 0.003 0.011 0.001 0.001 0.001 0.009 0.002 0.007 0.009 0.010 0.001 0.009 0.007 

Locus 3 : 
4 alleles
1.1% missing data
 206   (0.894) 0.678 0.886 0.926 0.902 0.918 0.926 0.902 0.898 0.987 0.985 0.977 0.906 0.903 0.916 0.899 0.902 0.989 0.901 0.916 
 208   (0.056) 0.316 0.050 0.038 0.050 0.043 0.042 0.066 0.053 0.007 0.009 0.007 0.047 0.011 0.046 0.052 0.051 0.004 0.050 0.046 
 204   (0.037) 0.004 0.063 0.025 0.034 0.027 0.022 0.028 0.036 0.005 0.005 0.014 0.033 0.084 0.026 0.033 0.033 0.006 0.032 0.026 
 212   (0.013) 0.001 0.002 0.011 0.014 0.013 0.010 0.004 0.013 0.002 0.002 0.002 0.014 0.002 0.012 0.016 0.014 0.001 0.017 0.012 

Locus 4 : 
15 alleles
1.1% missing data
 165   (0.075) 0.013 0.317 0.076 0.078 0.079 0.083 0.025 0.075 0.009 0.029 0.474 0.080 0.042 0.084 0.077 0.081 0.005 0.081 0.079 
 163   (0.198) 0.080 0.075 0.216 0.214 0.223 0.206 0.280 0.206 0.292 0.057 0.028 0.208 0.072 0.205 0.238 0.217 0.015 0.225 0.202 
 167   (0.144) 0.242 0.019 0.134 0.139 0.134 0.143 0.098 0.145 0.150 0.196 0.063 0.136 0.496 0.147 0.139 0.139 0.010 0.141 0.147 
 161   (0.367) 0.481 0.567 0.414 0.364 0.401 0.403 0.430 0.367 0.479 0.681 0.122 0.385 0.330 0.392 0.355 0.366 0.956 0.361 0.397 
 153   (0.017) 0.010 0.002 0.017 0.015 0.015 0.011 0.005 0.016 0.002 0.003 0.002 0.019 0.003 0.013 0.014 0.017 0.001 0.015 0.011 
 173   (0.029) 0.003 0.003 0.020 0.029 0.020 0.041 0.022 0.027 0.003 0.003 0.267 0.025 0.005 0.033 0.025 0.027 0.002 0.024 0.039 
 171   (0.038) 0.004 0.004 0.029 0.040 0.035 0.031 0.039 0.038 0.005 0.004 0.005 0.036 0.028 0.033 0.041 0.038 0.003 0.040 0.034 
 179   (0.011) 0.001 0.001 0.007 0.009 0.007 0.006 0.003 0.010 0.001 0.003 0.001 0.010 0.002 0.007 0.008 0.010 0.001 0.010 0.007 
 157   (0.023) 0.152 0.002 0.014 0.020 0.015 0.014 0.016 0.021 0.003 0.013 0.003 0.018 0.004 0.016 0.018 0.019 0.001 0.018 0.015 
 149   (0.011) 0.001 0.001 0.007 0.009 0.007 0.006 0.025 0.010 0.001 0.001 0.001 0.009 0.002 0.008 0.010 0.009 0.001 0.008 0.008 
 177   (0.021) 0.002 0.002 0.016 0.022 0.017 0.015 0.007 0.021 0.003 0.004 0.011 0.019 0.004 0.016 0.019 0.020 0.001 0.021 0.017 
 155   (0.016) 0.005 0.002 0.010 0.015 0.012 0.010 0.005 0.016 0.002 0.002 0.002 0.015 0.003 0.012 0.014 0.014 0.001 0.014 0.011 
 175   (0.010) 0.001 0.001 0.006 0.009 0.007 0.006 0.007 0.010 0.001 0.001 0.001 0.008 0.002 0.007 0.008 0.009 0.001 0.009 0.007 
 169   (0.021) 0.002 0.002 0.016 0.022 0.015 0.014 0.033 0.020 0.002 0.003 0.017 0.019 0.004 0.016 0.019 0.020 0.001 0.017 0.015 
 159   (0.019) 0.002 0.002 0.017 0.016 0.013 0.011 0.005 0.018 0.047 0.002 0.002 0.015 0.003 0.013 0.015 0.016 0.001 0.015 0.012 

Locus 5 : 
16 alleles
0.0% missing data
 148   (0.114) 0.099 0.047 0.099 0.115 0.109 0.078 0.093 0.113 0.048 0.202 0.287 0.108 0.026 0.094 0.116 0.114 0.363 0.111 0.092 
 160   (0.025) 0.003 0.003 0.017 0.021 0.017 0.015 0.025 0.023 0.003 0.004 0.060 0.020 0.062 0.016 0.020 0.021 0.002 0.019 0.015 
 154   (0.074) 0.017 0.174 0.080 0.073 0.080 0.064 0.023 0.075 0.232 0.009 0.026 0.067 0.050 0.064 0.070 0.076 0.009 0.072 0.066 
 150   (0.061) 0.061 0.010 0.054 0.060 0.051 0.198 0.075 0.060 0.007 0.027 0.010 0.059 0.014 0.154 0.061 0.060 0.013 0.057 0.177 
 138   (0.126) 0.024 0.185 0.137 0.124 0.133 0.088 0.093 0.124 0.250 0.052 0.147 0.121 0.299 0.110 0.118 0.122 0.009 0.119 0.105 
 166   (0.029) 0.032 0.003 0.018 0.023 0.018 0.016 0.204 0.026 0.003 0.005 0.012 0.023 0.280 0.018 0.039 0.023 0.002 0.022 0.017 
 146   (0.096) 0.030 0.230 0.075 0.092 0.079 0.065 0.094 0.092 0.017 0.025 0.165 0.087 0.074 0.075 0.093 0.090 0.340 0.093 0.074 
 164   (0.015) 0.002 0.002 0.010 0.013 0.009 0.009 0.004 0.014 0.002 0.002 0.002 0.013 0.037 0.010 0.012 0.013 0.001 0.012 0.010 
 142   (0.018) 0.002 0.002 0.011 0.014 0.010 0.098 0.007 0.016 0.018 0.002 0.002 0.014 0.003 0.066 0.013 0.014 0.007 0.013 0.081 
 144   (0.160) 0.069 0.300 0.183 0.165 0.175 0.133 0.235 0.162 0.146 0.395 0.028 0.184 0.057 0.142 0.170 0.167 0.225 0.177 0.133 
 140   (0.087) 0.189 0.010 0.105 0.094 0.095 0.060 0.026 0.084 0.226 0.244 0.020 0.090 0.018 0.073 0.087 0.091 0.007 0.095 0.068 
 158   (0.043) 0.008 0.005 0.058 0.047 0.055 0.039 0.028 0.046 0.016 0.009 0.087 0.056 0.033 0.038 0.041 0.051 0.003 0.048 0.033 
 162   (0.028) 0.003 0.003 0.020 0.027 0.021 0.026 0.009 0.027 0.003 0.005 0.130 0.025 0.005 0.022 0.026 0.027 0.002 0.029 0.028 
 152   (0.086) 0.456 0.023 0.107 0.095 0.119 0.086 0.040 0.101 0.026 0.015 0.012 0.101 0.018 0.088 0.100 0.098 0.015 0.097 0.076 
 134   (0.016) 0.002 0.002 0.013 0.018 0.014 0.012 0.039 0.015 0.002 0.002 0.002 0.015 0.003 0.013 0.017 0.014 0.001 0.017 0.012 
 156   (0.019) 0.002 0.002 0.014 0.019 0.014 0.012 0.006 0.019 0.002 0.003 0.012 0.018 0.021 0.015 0.016 0.019 0.001 0.018 0.014 

Locus 6 : 
12 alleles
0.0% missing data
 225   (0.042) 0.009 0.006 0.031 0.039 0.032 0.032 0.011 0.040 0.019 0.005 0.121 0.036 0.007 0.035 0.036 0.039 0.296 0.039 0.036 
 239   (0.103) 0.014 0.232 0.094 0.107 0.104 0.077 0.050 0.100 0.015 0.101 0.027 0.104 0.227 0.096 0.095 0.104 0.426 0.095 0.088 
 229   (0.015) 0.002 0.001 0.010 0.012 0.010 0.009 0.004 0.014 0.002 0.002 0.300 0.012 0.002 0.009 0.011 0.012 0.001 0.012 0.010 
 235   (0.302) 0.267 0.309 0.351 0.303 0.340 0.408 0.147 0.310 0.482 0.424 0.375 0.311 0.085 0.359 0.294 0.306 0.226 0.316 0.381 
 237   (0.213) 0.191 0.266 0.220 0.224 0.220 0.190 0.168 0.214 0.154 0.279 0.037 0.216 0.066 0.202 0.222 0.221 0.024 0.226 0.202 
 233   (0.102) 0.479 0.158 0.100 0.097 0.097 0.090 0.096 0.100 0.015 0.156 0.059 0.108 0.258 0.095 0.096 0.099 0.010 0.099 0.090 
 227   (0.029) 0.003 0.003 0.017 0.025 0.020 0.027 0.401 0.027 0.003 0.003 0.003 0.023 0.299 0.026 0.058 0.024 0.002 0.025 0.025 
 245   (0.068) 0.020 0.008 0.078 0.074 0.071 0.058 0.024 0.071 0.157 0.013 0.008 0.075 0.021 0.063 0.066 0.078 0.005 0.071 0.055 
 241   (0.039) 0.006 0.007 0.030 0.035 0.032 0.032 0.034 0.037 0.022 0.005 0.058 0.033 0.013 0.035 0.034 0.034 0.003 0.035 0.033 
 231   (0.050) 0.005 0.005 0.040 0.050 0.045 0.051 0.024 0.051 0.057 0.006 0.006 0.048 0.015 0.050 0.056 0.049 0.003 0.051 0.054 
 243   (0.027) 0.003 0.003 0.022 0.024 0.024 0.018 0.037 0.025 0.073 0.004 0.003 0.024 0.005 0.023 0.024 0.024 0.002 0.022 0.020 
 251   (0.011) 0.001 0.001 0.006 0.010 0.007 0.006 0.003 0.010 0.001 0.001 0.001 0.009 0.002 0.007 0.009 0.009 0.001 0.009 0.007 

Locus 7 : 
5 alleles
0.0% missing data
 118   (0.923) 0.924 0.992 0.943 0.933 0.946 0.779 0.976 0.927 0.991 0.940 0.990 0.933 0.657 0.837 0.937 0.930 0.995 0.932 0.816 
 124   (0.038) 0.071 0.004 0.031 0.033 0.029 0.026 0.012 0.037 0.004 0.056 0.005 0.034 0.336 0.030 0.031 0.036 0.002 0.033 0.025 
 116   (0.013) 0.001 0.001 0.007 0.009 0.007 0.175 0.005 0.011 0.001 0.001 0.002 0.009 0.002 0.114 0.009 0.009 0.001 0.009 0.139 
 114   (0.015) 0.002 0.002 0.012 0.015 0.012 0.012 0.004 0.015 0.002 0.002 0.002 0.015 0.003 0.012 0.015 0.015 0.001 0.017 0.013 
 122   (0.011) 0.001 0.001 0.007 0.010 0.007 0.007 0.003 0.010 0.001 0.001 0.001 0.009 0.002 0.008 0.009 0.009 0.001 0.009 0.007 

Locus 8 : 
5 alleles
0.0% missing data
 135   (0.053) 0.012 0.006 0.074 0.058 0.068 0.054 0.017 0.057 0.025 0.026 0.022 0.068 0.010 0.057 0.065 0.066 0.011 0.061 0.046 
 139   (0.754) 0.935 0.957 0.776 0.766 0.782 0.666 0.664 0.761 0.648 0.922 0.819 0.762 0.948 0.700 0.751 0.764 0.926 0.767 0.693 
 137   (0.145) 0.048 0.032 0.117 0.135 0.115 0.252 0.305 0.138 0.265 0.047 0.153 0.130 0.034 0.209 0.145 0.129 0.061 0.133 0.229 
 143   (0.034) 0.004 0.004 0.023 0.031 0.026 0.021 0.010 0.032 0.036 0.004 0.004 0.030 0.006 0.026 0.029 0.030 0.002 0.029 0.023 
 141   (0.014) 0.002 0.001 0.011 0.011 0.010 0.007 0.003 0.012 0.027 0.002 0.002 0.011 0.002 0.009 0.010 0.011 0.001 0.010 0.008 

Locus 9 : 
11 alleles
0.0% missing data
 116   (0.296) 0.518 0.173 0.335 0.310 0.333 0.284 0.136 0.304 0.317 0.264 0.426 0.321 0.105 0.300 0.297 0.314 0.365 0.306 0.280 
 112   (0.085) 0.034 0.378 0.098 0.081 0.098 0.063 0.025 0.090 0.170 0.079 0.057 0.085 0.015 0.063 0.078 0.080 0.013 0.085 0.065 
 122   (0.061) 0.009 0.306 0.043 0.053 0.043 0.087 0.259 0.059 0.011 0.008 0.007 0.054 0.298 0.070 0.071 0.054 0.434 0.052 0.081 
 114   (0.223) 0.362 0.044 0.221 0.226 0.223 0.166 0.232 0.223 0.305 0.354 0.079 0.219 0.052 0.191 0.230 0.226 0.021 0.227 0.183 
 120   (0.041) 0.005 0.021 0.027 0.036 0.027 0.023 0.012 0.038 0.019 0.155 0.005 0.035 0.216 0.028 0.032 0.035 0.003 0.033 0.025 
 130   (0.037) 0.006 0.004 0.042 0.037 0.037 0.026 0.075 0.036 0.004 0.037 0.005 0.042 0.178 0.028 0.035 0.038 0.003 0.036 0.026 
 118   (0.125) 0.037 0.017 0.133 0.128 0.138 0.093 0.053 0.125 0.132 0.074 0.404 0.127 0.110 0.104 0.127 0.129 0.019 0.138 0.105 
 124   (0.061) 0.007 0.049 0.044 0.056 0.046 0.113 0.070 0.059 0.034 0.008 0.008 0.053 0.011 0.096 0.057 0.056 0.137 0.056 0.109 
 126   (0.038) 0.008 0.004 0.027 0.035 0.029 0.120 0.130 0.035 0.004 0.018 0.006 0.032 0.009 0.093 0.041 0.032 0.003 0.035 0.101 
 108   (0.013) 0.001 0.001 0.013 0.019 0.010 0.010 0.003 0.012 0.001 0.001 0.001 0.014 0.002 0.012 0.012 0.016 0.001 0.012 0.010 
 128   (0.020) 0.014 0.002 0.017 0.021 0.016 0.014 0.005 0.019 0.003 0.002 0.002 0.018 0.003 0.015 0.020 0.020 0.002 0.021 0.015 

Locus 10 : 
4 alleles
0.0% missing data
 232   (0.898) 0.988 0.989 0.921 0.898 0.922 0.932 0.687 0.902 0.927 0.949 0.988 0.905 0.975 0.919 0.889 0.904 0.993 0.908 0.927 
 238   (0.076) 0.009 0.008 0.058 0.072 0.059 0.051 0.307 0.073 0.070 0.048 0.009 0.069 0.021 0.060 0.090 0.069 0.005 0.069 0.055 
 234   (0.015) 0.001 0.001 0.014 0.020 0.011 0.010 0.004 0.014 0.002 0.002 0.002 0.016 0.002 0.013 0.013 0.017 0.001 0.013 0.010 
 244   (0.012) 0.001 0.001 0.007 0.010 0.008 0.007 0.003 0.011 0.001 0.002 0.001 0.010 0.002 0.008 0.009 0.011 0.001 0.010 0.008 

Locus 11 : 
7 alleles
0.0% missing data
 165   (0.765) 0.926 0.798 0.805 0.768 0.813 0.684 0.887 0.773 0.932 0.769 0.919 0.784 0.933 0.719 0.787 0.775 0.766 0.782 0.703 
 167   (0.075) 0.009 0.185 0.050 0.065 0.052 0.184 0.024 0.071 0.028 0.012 0.056 0.062 0.021 0.142 0.060 0.065 0.223 0.061 0.162 
 161   (0.112) 0.060 0.012 0.107 0.124 0.097 0.104 0.077 0.111 0.013 0.214 0.020 0.114 0.038 0.107 0.115 0.118 0.008 0.119 0.105 
 155   (0.012) 0.001 0.001 0.007 0.010 0.007 0.006 0.003 0.011 0.001 0.001 0.001 0.010 0.002 0.008 0.009 0.010 0.001 0.009 0.007 
 173   (0.012) 0.001 0.001 0.009 0.013 0.008 0.007 0.003 0.011 0.001 0.001 0.001 0.011 0.002 0.009 0.010 0.012 0.001 0.010 0.008 
 163   (0.013) 0.001 0.001 0.014 0.010 0.016 0.008 0.003 0.012 0.023 0.001 0.001 0.010 0.002 0.008 0.010 0.011 0.001 0.010 0.008 
 171   (0.012) 0.001 0.001 0.008 0.010 0.007 0.007 0.003 0.011 0.001 0.001 0.001 0.009 0.002 0.008 0.009 0.010 0.001 0.009 0.007 

Locus 12 : 
8 alleles
0.0% missing data
 137   (0.518) 0.325 0.418 0.546 0.522 0.547 0.609 0.550 0.527 0.830 0.234 0.400 0.509 0.849 0.569 0.528 0.521 0.451 0.521 0.590 
 140   (0.159) 0.601 0.050 0.179 0.169 0.176 0.122 0.079 0.158 0.054 0.510 0.211 0.182 0.032 0.151 0.150 0.168 0.016 0.163 0.135 
 134   (0.248) 0.056 0.524 0.216 0.241 0.217 0.219 0.314 0.244 0.083 0.247 0.380 0.244 0.106 0.227 0.253 0.243 0.528 0.244 0.223 
 149   (0.012) 0.001 0.001 0.007 0.010 0.007 0.006 0.003 0.011 0.001 0.001 0.002 0.010 0.002 0.008 0.009 0.010 0.001 0.009 0.007 
 143   (0.015) 0.002 0.002 0.010 0.013 0.011 0.009 0.037 0.014 0.002 0.002 0.002 0.012 0.004 0.010 0.013 0.012 0.002 0.013 0.010 
 128   (0.011) 0.001 0.001 0.007 0.009 0.008 0.006 0.007 0.010 0.001 0.001 0.001 0.009 0.002 0.007 0.009 0.009 0.001 0.009 0.007 
 125   (0.019) 0.012 0.002 0.019 0.015 0.017 0.011 0.005 0.017 0.026 0.003 0.002 0.015 0.003 0.012 0.014 0.016 0.001 0.015 0.012 
 146   (0.019) 0.002 0.002 0.015 0.020 0.017 0.017 0.006 0.018 0.002 0.002 0.002 0.019 0.003 0.015 0.023 0.021 0.001 0.026 0.017 

Locus 13 : 
19 alleles
0.5% missing data
 206   (0.129) 0.267 0.028 0.117 0.121 0.116 0.114 0.067 0.124 0.140 0.179 0.422 0.116 0.213 0.116 0.116 0.120 0.048 0.117 0.119 
 210   (0.099) 0.175 0.038 0.109 0.101 0.106 0.078 0.031 0.100 0.020 0.146 0.283 0.113 0.018 0.085 0.090 0.104 0.415 0.105 0.082 
 190   (0.072) 0.082 0.012 0.067 0.073 0.066 0.060 0.023 0.073 0.127 0.009 0.009 0.072 0.029 0.066 0.072 0.073 0.005 0.073 0.063 
 202   (0.085) 0.031 0.013 0.098 0.092 0.099 0.155 0.256 0.092 0.011 0.012 0.015 0.094 0.542 0.132 0.108 0.095 0.008 0.091 0.132 
 214   (0.042) 0.058 0.147 0.031 0.039 0.030 0.026 0.012 0.039 0.005 0.020 0.005 0.035 0.008 0.032 0.034 0.039 0.251 0.039 0.030 
 212   (0.035) 0.004 0.004 0.065 0.030 0.048 0.025 0.009 0.033 0.445 0.004 0.004 0.030 0.006 0.026 0.027 0.031 0.187 0.029 0.025 
 192   (0.112) 0.086 0.013 0.131 0.122 0.126 0.098 0.035 0.116 0.034 0.272 0.043 0.136 0.060 0.109 0.113 0.123 0.008 0.130 0.103 
 204   (0.036) 0.018 0.057 0.033 0.035 0.037 0.029 0.015 0.039 0.013 0.010 0.005 0.036 0.014 0.028 0.034 0.036 0.015 0.035 0.029 
 184   (0.053) 0.016 0.006 0.064 0.050 0.073 0.037 0.016 0.055 0.082 0.020 0.095 0.051 0.009 0.041 0.047 0.050 0.004 0.048 0.039 
 216   (0.019) 0.015 0.002 0.020 0.020 0.024 0.013 0.006 0.018 0.002 0.278 0.002 0.021 0.003 0.023 0.018 0.021 0.001 0.016 0.016 
 208   (0.047) 0.201 0.005 0.049 0.045 0.045 0.037 0.014 0.046 0.049 0.018 0.006 0.050 0.010 0.039 0.043 0.048 0.016 0.044 0.034 
 198   (0.038) 0.004 0.004 0.037 0.045 0.043 0.035 0.012 0.040 0.005 0.004 0.004 0.041 0.017 0.035 0.049 0.045 0.003 0.050 0.038 
 194   (0.066) 0.020 0.601 0.050 0.060 0.051 0.157 0.188 0.063 0.012 0.008 0.030 0.056 0.019 0.127 0.073 0.059 0.007 0.060 0.148 
 186   (0.017) 0.002 0.049 0.010 0.014 0.010 0.011 0.005 0.015 0.002 0.002 0.003 0.013 0.003 0.011 0.012 0.014 0.011 0.013 0.012 
 188   (0.020) 0.004 0.002 0.014 0.019 0.016 0.013 0.028 0.019 0.002 0.004 0.002 0.017 0.003 0.015 0.018 0.018 0.001 0.018 0.015 
 200   (0.066) 0.010 0.011 0.054 0.064 0.060 0.066 0.267 0.065 0.028 0.007 0.063 0.059 0.033 0.065 0.084 0.063 0.017 0.066 0.065 
 196   (0.038) 0.004 0.005 0.033 0.041 0.033 0.031 0.012 0.038 0.019 0.004 0.005 0.035 0.006 0.032 0.040 0.038 0.002 0.044 0.035 
 220   (0.011) 0.001 0.001 0.007 0.009 0.007 0.006 0.003 0.010 0.001 0.001 0.001 0.009 0.005 0.007 0.008 0.009 0.001 0.009 0.007 
 180   (0.014) 0.001 0.001 0.014 0.020 0.010 0.010 0.003 0.013 0.001 0.001 0.001 0.015 0.002 0.012 0.012 0.016 0.001 0.012 0.010 

Locus 14 : 
8 alleles
1.1% missing data
 139   (0.075) 0.010 0.167 0.063 0.067 0.058 0.081 0.056 0.071 0.009 0.250 0.091 0.073 0.039 0.074 0.063 0.070 0.187 0.072 0.081 
 145   (0.064) 0.011 0.009 0.080 0.059 0.091 0.047 0.039 0.068 0.143 0.022 0.140 0.058 0.013 0.049 0.059 0.060 0.009 0.057 0.047 
 151   (0.301) 0.674 0.550 0.316 0.297 0.301 0.254 0.281 0.303 0.412 0.170 0.468 0.310 0.355 0.266 0.290 0.297 0.336 0.301 0.258 
 157   (0.360) 0.265 0.154 0.383 0.383 0.395 0.428 0.312 0.364 0.275 0.492 0.217 0.379 0.472 0.422 0.385 0.385 0.150 0.391 0.420 
 154   (0.099) 0.028 0.108 0.084 0.102 0.076 0.105 0.033 0.097 0.135 0.055 0.014 0.093 0.018 0.101 0.092 0.097 0.312 0.092 0.105 
 163   (0.042) 0.005 0.005 0.030 0.039 0.028 0.041 0.013 0.040 0.005 0.005 0.061 0.036 0.093 0.041 0.036 0.038 0.003 0.035 0.042 
 160   (0.030) 0.003 0.003 0.018 0.027 0.020 0.018 0.249 0.028 0.003 0.003 0.004 0.025 0.005 0.022 0.048 0.026 0.002 0.025 0.021 
 142   (0.029) 0.004 0.003 0.027 0.027 0.031 0.026 0.017 0.030 0.018 0.004 0.004 0.026 0.006 0.026 0.027 0.028 0.002 0.027 0.027 

Locus 15 : 
13 alleles
1.6% missing data
 256   (0.146) 0.175 0.121 0.111 0.135 0.111 0.158 0.157 0.140 0.143 0.159 0.164 0.129 0.121 0.151 0.130 0.134 0.071 0.127 0.158 
 262   (0.022) 0.002 0.003 0.013 0.018 0.013 0.074 0.009 0.020 0.003 0.003 0.278 0.017 0.004 0.058 0.016 0.018 0.001 0.017 0.068 
 246   (0.118) 0.088 0.013 0.130 0.128 0.133 0.124 0.105 0.118 0.033 0.126 0.178 0.132 0.024 0.134 0.128 0.133 0.008 0.130 0.126 
 258   (0.184) 0.236 0.024 0.234 0.197 0.216 0.215 0.163 0.198 0.162 0.292 0.025 0.216 0.541 0.199 0.194 0.205 0.014 0.204 0.196 
 254   (0.107) 0.163 0.342 0.092 0.107 0.099 0.090 0.070 0.103 0.060 0.027 0.013 0.097 0.183 0.093 0.101 0.102 0.156 0.101 0.092 
 250   (0.034) 0.004 0.087 0.022 0.028 0.022 0.023 0.011 0.031 0.020 0.004 0.004 0.027 0.008 0.025 0.026 0.029 0.650 0.027 0.024 
 242   (0.103) 0.012 0.148 0.115 0.106 0.123 0.093 0.063 0.107 0.170 0.013 0.187 0.098 0.022 0.089 0.115 0.105 0.074 0.120 0.097 
 252   (0.063) 0.027 0.041 0.068 0.064 0.071 0.055 0.023 0.065 0.030 0.025 0.106 0.067 0.013 0.062 0.059 0.061 0.007 0.065 0.059 
 248   (0.130) 0.038 0.213 0.143 0.130 0.135 0.105 0.361 0.126 0.308 0.332 0.023 0.134 0.069 0.115 0.142 0.127 0.012 0.122 0.109 
 260   (0.041) 0.248 0.004 0.033 0.039 0.037 0.028 0.023 0.040 0.005 0.014 0.005 0.039 0.007 0.037 0.041 0.039 0.003 0.038 0.033 
 264   (0.014) 0.001 0.001 0.011 0.014 0.014 0.011 0.004 0.015 0.002 0.002 0.002 0.013 0.002 0.011 0.017 0.015 0.001 0.018 0.013 
 244   (0.027) 0.003 0.003 0.021 0.025 0.019 0.017 0.008 0.026 0.063 0.003 0.014 0.022 0.004 0.019 0.022 0.024 0.002 0.022 0.020 
 276   (0.011) 0.001 0.001 0.006 0.009 0.007 0.006 0.003 0.010 0.001 0.001 0.001 0.009 0.002 0.007 0.008 0.009 0.001 0.008 0.006 

Values of parameters used in structure:
DATAFILE=G:\Shared drives\Emily_Schumacher\QUAC_analyses\QUAC_structure_wild_relate\QUAC_allpop_relate_red_12_15_21\project_data,	OUTFILE=G:\Shared drives\Emily_Schumacher\QUAC_analyses\QUAC_structure_wild_relate\QUAC_allpop_relate_red_12_15_21\50-100\Results\50-100_run_93,	NUMINDS=188,	NUMLOCI=15,	MISSING=-9,	LABEL=1,	POPDATA=1,	POPFLAG=0,	PHENOTYPE=0,	EXTRACOLS=0,	MAXPOPS=19,	BURNIN=50000,	NUMREPS=100000,	USEPOPINFO=0,	INFERALPHA=1,	INFERLAMBDA=0,	POPSPECIFICLAMBDA=0,	POPALPHAS=0,	COMPUTEPROB=1,	NOADMIX=0,	ADMBURNIN=2500,	UPDATEFREQ=1,	PRINTLIKES=0,	INTERMEDSAVE=0,	PRINTKLD=0,	PRINTNET=0,	PRINTLAMBDA=0,	ANCESTDIST=0,	NUMBOXES=1000,	ANCESTPINT=0.90000,	GENSBACK=2,	MIGRPRIOR=0.05000,	PRINTQHAT=0,	PRINTQSUM=0,	ALPHA=1.0000,	FREQSCORR=1,	FPRIORMEAN=0.0100,	FPRIORSD=0.0500,	ONEFST=0,	LAMBDA=1.0000,	UNIFPRIORALPHA=1,	ALPHAMAX=10.0000,	ALPHAPRIORA=1.0000,	ALPHAPRIORB=2.0000,	ALPHAPROPSD=0.0250,	STARTATPOPINFO=0,	RANDOMIZE=1,	LINKAGE=0,	METROFREQ=10,	REPORTHITRATE=0,	MARKOVPHASE=-1,	PHASED=0,	PLOIDY=2,	PHASEINFO=0	LOCPRIOR=0, 	LOCPRIORINIT=1.000000, 	LOCDATA=0, 	LOCISPOP=0, 	LOCPRIORSTEP=0.100000, 	MAXLOCPRIOR=20.000000, 	SEED=1639615326,	
[STRAT parameters]:    NUMSIMSTATS=1000,	PHENOTYPECOL=-9,	POOLFREQ=10,	LOCUSxONLY=0,	EMERROR=0.00100,	MISSINGPHENO=-9,	