

----------------------------------------------------
STRUCTURE by Pritchard, Stephens and Donnelly (2000)
     and Falush, Stephens and Pritchard (2003)
       Code by Pritchard, Falush and Hubisz
             Version 2.3.4 (Jul 2012)
----------------------------------------------------



Command line arguments:   bin\structure -m G:\Shared drives\Emily_Schumacher\QUAC_analyses\QUAC_structure_wild_relate\QUAC_allpop_relate_red_12_15_21\50-100\mainparams -e G:\Shared drives\Emily_Schumacher\QUAC_analyses\QUAC_structure_wild_relate\QUAC_allpop_relate_red_12_15_21\50-100\extraparams 
Input File:    G:\Shared drives\Emily_Schumacher\QUAC_analyses\QUAC_structure_wild_relate\QUAC_allpop_relate_red_12_15_21\project_data

Run parameters:
   188 individuals
   15 loci
   14 populations assumed
   50000 Burn-in period
   100000 Reps


--------------------------------------------
Proportion of membership of each pre-defined
 population in each of the 14 clusters

Given    Inferred Clusters                                                                                    Number of
 Pop       1      2      3      4      5      6      7      8      9     10     11     12     13     14      Individuals

  1:     0.005  0.010  0.005  0.009  0.007  0.010  0.009  0.890  0.005  0.004  0.009  0.010  0.010  0.018        2
  2:     0.196  0.341  0.022  0.026  0.023  0.031  0.038  0.045  0.047  0.007  0.036  0.039  0.036  0.113       17
  3:     0.014  0.238  0.029  0.047  0.027  0.034  0.056  0.057  0.012  0.092  0.063  0.057  0.055  0.218       19
  4:     0.012  0.014  0.071  0.072  0.027  0.049  0.073  0.114  0.017  0.015  0.060  0.076  0.075  0.327       10
  5:     0.004  0.836  0.027  0.013  0.010  0.011  0.014  0.010  0.009  0.006  0.013  0.014  0.016  0.016        2
  6:     0.167  0.012  0.006  0.032  0.032  0.020  0.034  0.008  0.020  0.129  0.041  0.035  0.030  0.434        2
  7:     0.011  0.543  0.011  0.038  0.025  0.021  0.041  0.008  0.144  0.025  0.040  0.041  0.045  0.005        1
  8:     0.005  0.924  0.006  0.006  0.006  0.007  0.005  0.006  0.007  0.004  0.005  0.006  0.006  0.006        1
  9:     0.006  0.018  0.005  0.116  0.129  0.082  0.147  0.006  0.015  0.011  0.223  0.135  0.099  0.009        1
 10:     0.163  0.011  0.010  0.106  0.031  0.030  0.057  0.007  0.010  0.387  0.045  0.063  0.072  0.008        6
 11:     0.102  0.140  0.045  0.065  0.039  0.040  0.068  0.015  0.029  0.163  0.056  0.063  0.064  0.112       16
 12:     0.004  0.020  0.025  0.079  0.288  0.327  0.054  0.015  0.010  0.010  0.051  0.057  0.047  0.014        1
 13:     0.013  0.016  0.423  0.038  0.028  0.036  0.053  0.027  0.015  0.021  0.051  0.056  0.054  0.168       33
 14:     0.092  0.391  0.010  0.024  0.022  0.023  0.025  0.010  0.152  0.158  0.021  0.027  0.026  0.018       21
 15:     0.029  0.011  0.014  0.020  0.013  0.015  0.021  0.739  0.045  0.011  0.019  0.020  0.021  0.021       14
 16:     0.010  0.016  0.017  0.026  0.375  0.374  0.031  0.013  0.014  0.011  0.039  0.032  0.026  0.018       35
 17:     0.007  0.013  0.011  0.150  0.088  0.062  0.158  0.010  0.016  0.011  0.198  0.121  0.134  0.019        7
--------------------------------------------

Allele-freq. divergence among pops (Net nucleotide distance),
computed using point estimates of P.

      1       2       3       4       5       6       7       8       9      10      11      12      13      14      
 1      -    0.0969  0.0941  0.0490  0.0579  0.0573  0.0519  0.0956  0.0794  0.0630  0.0530  0.0504  0.0504  0.0928  
 2   0.0969     -    0.0983  0.0491  0.0581  0.0577  0.0508  0.0828  0.0811  0.0753  0.0551  0.0513  0.0500  0.0772  
 3   0.0941  0.0983     -    0.0437  0.0583  0.0533  0.0415  0.0857  0.1026  0.0837  0.0450  0.0397  0.0406  0.0546  
 4   0.0490  0.0491  0.0437     -    0.0089  0.0079  0.0007  0.0396  0.0379  0.0264  0.0018  0.0010  0.0006  0.0320  
 5   0.0579  0.0581  0.0583  0.0089     -    0.0007  0.0101  0.0518  0.0490  0.0378  0.0101  0.0102  0.0101  0.0463  
 6   0.0573  0.0577  0.0533  0.0079  0.0007     -    0.0086  0.0510  0.0484  0.0368  0.0093  0.0083  0.0083  0.0433  
 7   0.0519  0.0508  0.0415  0.0007  0.0101  0.0086     -    0.0418  0.0414  0.0289  0.0007  0.0002  0.0001  0.0285  
 8   0.0956  0.0828  0.0857  0.0396  0.0518  0.0510  0.0418     -    0.0862  0.0799  0.0431  0.0421  0.0413  0.0773  
 9   0.0794  0.0811  0.1026  0.0379  0.0490  0.0484  0.0414  0.0862     -    0.0565  0.0439  0.0417  0.0406  0.0813  
10   0.0630  0.0753  0.0837  0.0264  0.0378  0.0368  0.0289  0.0799  0.0565     -    0.0318  0.0289  0.0281  0.0620  
11   0.0530  0.0551  0.0450  0.0018  0.0101  0.0093  0.0007  0.0431  0.0439  0.0318     -    0.0012  0.0012  0.0327  
12   0.0504  0.0513  0.0397  0.0010  0.0102  0.0083  0.0002  0.0421  0.0417  0.0289  0.0012     -    0.0001  0.0283  
13   0.0504  0.0500  0.0406  0.0006  0.0101  0.0083  0.0001  0.0413  0.0406  0.0281  0.0012  0.0001     -    0.0286  
14   0.0928  0.0772  0.0546  0.0320  0.0463  0.0433  0.0285  0.0773  0.0813  0.0620  0.0327  0.0283  0.0286     -    

Average distances (expected heterozygosity) between individuals in same cluster:
cluster  1  : 0.5319 
cluster  2  : 0.5062 
cluster  3  : 0.5217 
cluster  4  : 0.6520 
cluster  5  : 0.5937 
cluster  6  : 0.5966 
cluster  7  : 0.6361 
cluster  8  : 0.5377 
cluster  9  : 0.6180 
cluster 10  : 0.6061 
cluster 11  : 0.6278 
cluster 12  : 0.6314 
cluster 13  : 0.6373 
cluster 14  : 0.5224 

--------------------------------------------
Estimated Ln Prob of Data   = -8269.5
Mean value of ln likelihood = -7031.9
Variance of ln likelihood   = 2475.4
Mean value of alpha         = 0.0393

Mean value of Fst_1         = 0.2413
Mean value of Fst_2         = 0.2559
Mean value of Fst_3         = 0.2138
Mean value of Fst_4         = 0.0014
Mean value of Fst_5         = 0.1154
Mean value of Fst_6         = 0.1121
Mean value of Fst_7         = 0.0555
Mean value of Fst_8         = 0.1945
Mean value of Fst_9         = 0.2176
Mean value of Fst_10         = 0.1387
Mean value of Fst_11         = 0.0731
Mean value of Fst_12         = 0.0578
Mean value of Fst_13         = 0.0445
Mean value of Fst_14         = 0.2004


Inferred ancestry of individuals:
        Label (%Miss) Pop:  Inferred clusters
  1 QAc-G-0029    (0)    1 :  0.006 0.013 0.005 0.013 0.008 0.014 0.014 0.840 0.006 0.005 0.013 0.015 0.016 0.032 
  2 QAc-G-0030    (0)    1 :  0.004 0.006 0.004 0.005 0.006 0.005 0.005 0.939 0.003 0.003 0.005 0.005 0.005 0.004 
  3 QAc-G-0062    (0)    2 :  0.478 0.153 0.005 0.033 0.044 0.034 0.021 0.007 0.126 0.009 0.031 0.027 0.027 0.006 
  4 QAc-G-0063    (0)    2 :  0.007 0.709 0.025 0.025 0.015 0.021 0.030 0.008 0.021 0.011 0.028 0.030 0.032 0.039 
  5 QAc-G-0064    (0)    2 :  0.924 0.012 0.004 0.005 0.006 0.006 0.006 0.004 0.004 0.006 0.005 0.006 0.006 0.007 
  6 QAc-G-0065    (0)    2 :  0.936 0.003 0.004 0.005 0.004 0.004 0.005 0.006 0.004 0.010 0.005 0.005 0.005 0.004 
  7 QAc-G-0066    (0)    2 :  0.003 0.944 0.004 0.004 0.004 0.004 0.004 0.007 0.004 0.003 0.004 0.004 0.004 0.005 
  8 QAc-G-0067    (0)    2 :  0.837 0.005 0.008 0.016 0.011 0.011 0.015 0.018 0.007 0.013 0.014 0.015 0.017 0.014 
  9 QAc-G-0068    (0)    2 :  0.009 0.366 0.004 0.008 0.009 0.011 0.006 0.008 0.553 0.006 0.005 0.006 0.006 0.004 
 10 QAc-G-0070    (0)    2 :  0.016 0.738 0.007 0.019 0.056 0.044 0.017 0.020 0.018 0.006 0.015 0.017 0.016 0.010 
 11 QAc-G-0071   (13)    2 :  0.003 0.940 0.004 0.004 0.004 0.004 0.004 0.006 0.005 0.004 0.004 0.004 0.005 0.008 
 12 QAc-G-0072    (0)    2 :  0.005 0.913 0.005 0.006 0.008 0.009 0.006 0.009 0.006 0.004 0.007 0.006 0.007 0.009 
 13 QAc-G-0073    (0)    2 :  0.004 0.004 0.015 0.017 0.016 0.058 0.095 0.012 0.006 0.004 0.048 0.087 0.084 0.550 
 14 QAc-G-0074    (0)    2 :  0.005 0.250 0.032 0.031 0.025 0.028 0.054 0.004 0.008 0.006 0.040 0.049 0.039 0.428 
 15 QAc-G-0075    (0)    2 :  0.010 0.014 0.043 0.024 0.017 0.016 0.034 0.016 0.008 0.008 0.036 0.027 0.030 0.715 
 16 QAc-G-0076    (0)    2 :  0.035 0.007 0.099 0.050 0.017 0.115 0.139 0.008 0.006 0.005 0.089 0.192 0.164 0.075 
 17 QAc-G-0080    (0)    2 :  0.034 0.023 0.005 0.065 0.025 0.018 0.049 0.597 0.012 0.008 0.051 0.050 0.046 0.017 
 18 QAc-G-0081    (0)    2 :  0.008 0.009 0.014 0.112 0.114 0.119 0.150 0.010 0.008 0.010 0.210 0.126 0.107 0.004 
 19 QAc-G-0083    (0)    2 :  0.015 0.714 0.097 0.018 0.015 0.018 0.017 0.020 0.004 0.006 0.016 0.019 0.021 0.020 
 20 QAc-G-0285    (0)    3 :  0.004 0.922 0.004 0.006 0.006 0.007 0.006 0.008 0.009 0.008 0.006 0.005 0.005 0.004 
 21 QAc-G-0287    (0)    3 :  0.004 0.947 0.003 0.004 0.004 0.004 0.004 0.005 0.003 0.004 0.004 0.004 0.004 0.006 
 22 QAc-G-0288    (6)    3 :  0.006 0.867 0.010 0.010 0.012 0.010 0.009 0.023 0.010 0.007 0.009 0.008 0.009 0.010 
 23 QAc-G-0292    (0)    3 :  0.009 0.823 0.005 0.011 0.023 0.020 0.015 0.004 0.032 0.009 0.017 0.013 0.015 0.005 
 24 QAc-G-0294    (0)    3 :  0.018 0.005 0.056 0.052 0.028 0.125 0.165 0.014 0.020 0.008 0.145 0.174 0.150 0.042 
 25 QAc-G-0295    (0)    3 :  0.024 0.024 0.028 0.026 0.020 0.071 0.054 0.024 0.005 0.008 0.078 0.071 0.055 0.513 
 26 QAc-G-0296    (0)    3 :  0.034 0.012 0.054 0.019 0.010 0.041 0.092 0.005 0.005 0.006 0.043 0.100 0.095 0.482 
 27 QAc-G-0297    (0)    3 :  0.003 0.003 0.040 0.171 0.054 0.039 0.121 0.006 0.008 0.021 0.079 0.113 0.113 0.229 
 28 QAc-G-0298    (6)    3 :  0.009 0.008 0.010 0.014 0.009 0.018 0.024 0.018 0.006 0.006 0.025 0.020 0.022 0.811 
 29 QAc-G-0299    (0)    3 :  0.005 0.008 0.127 0.014 0.006 0.010 0.030 0.005 0.010 0.010 0.012 0.024 0.017 0.723 
 30 QAc-G-0300    (0)    3 :  0.036 0.005 0.095 0.025 0.023 0.058 0.084 0.006 0.008 0.012 0.060 0.113 0.094 0.381 
 31 QAc-G-0301    (0)    3 :  0.040 0.012 0.020 0.010 0.008 0.008 0.011 0.008 0.005 0.005 0.010 0.010 0.011 0.842 
 32 QAc-G-0302    (0)    3 :  0.004 0.006 0.024 0.019 0.016 0.009 0.023 0.005 0.018 0.801 0.029 0.015 0.018 0.012 
 33 QAc-G-0303    (0)    3 :  0.010 0.009 0.004 0.022 0.023 0.020 0.015 0.008 0.046 0.785 0.015 0.018 0.021 0.004 
 34 QAc-G-0305    (0)    3 :  0.006 0.813 0.005 0.015 0.015 0.012 0.017 0.028 0.017 0.017 0.017 0.015 0.016 0.007 
 35 QAc-G-0307    (0)    3 :  0.007 0.005 0.005 0.011 0.016 0.014 0.011 0.879 0.007 0.008 0.010 0.010 0.010 0.007 
 36 QAc-G-0313    (0)    3 :  0.023 0.035 0.008 0.194 0.065 0.055 0.141 0.011 0.014 0.005 0.170 0.135 0.137 0.008 
 37 QAc-G-0314    (0)    3 :  0.010 0.003 0.029 0.151 0.073 0.062 0.127 0.012 0.007 0.013 0.204 0.131 0.133 0.045 
 38 QAc-G-0316    (0)    3 :  0.017 0.009 0.014 0.118 0.103 0.063 0.119 0.025 0.007 0.006 0.273 0.108 0.130 0.008 
 39 QAc-G-0033    (0)    4 :  0.012 0.005 0.192 0.008 0.007 0.016 0.019 0.007 0.004 0.006 0.010 0.018 0.013 0.682 
 40 QAc-G-0034    (0)    4 :  0.008 0.004 0.010 0.011 0.014 0.012 0.012 0.030 0.005 0.010 0.010 0.013 0.011 0.850 
 41 QAc-G-0035    (0)    4 :  0.021 0.020 0.394 0.039 0.018 0.069 0.103 0.013 0.009 0.011 0.102 0.092 0.087 0.022 
 42 QAc-G-0036    (0)    4 :  0.013 0.014 0.009 0.010 0.009 0.009 0.012 0.006 0.006 0.004 0.011 0.012 0.011 0.872 
 43 QAc-G-0039    (0)    4 :  0.008 0.007 0.029 0.054 0.044 0.129 0.138 0.037 0.013 0.012 0.212 0.149 0.137 0.031 
 44 QAc-G-0040    (0)    4 :  0.008 0.058 0.041 0.069 0.056 0.136 0.126 0.010 0.008 0.015 0.101 0.162 0.148 0.061 
 45 QAc-G-0045    (0)    4 :  0.007 0.006 0.021 0.007 0.006 0.015 0.077 0.012 0.005 0.005 0.014 0.053 0.044 0.728 
 46 QAc-G-0050    (0)    4 :  0.007 0.015 0.004 0.218 0.042 0.043 0.118 0.097 0.089 0.061 0.066 0.108 0.128 0.004 
 47 QAc-G-0052    (0)    4 :  0.020 0.004 0.006 0.010 0.011 0.008 0.010 0.881 0.007 0.006 0.011 0.011 0.010 0.006 
 48 QAc-G-0056    (0)    4 :  0.012 0.007 0.008 0.294 0.059 0.056 0.113 0.048 0.021 0.020 0.061 0.137 0.156 0.009 
 49 QAc-G-0276    (0)    5 :  0.003 0.877 0.023 0.009 0.008 0.008 0.009 0.007 0.006 0.005 0.010 0.011 0.010 0.012 
 50 QAc-G-0280    (6)    5 :  0.006 0.795 0.031 0.018 0.012 0.014 0.018 0.012 0.012 0.007 0.017 0.017 0.022 0.020 
 51 QAc-G-0018    (0)    6 :  0.007 0.005 0.007 0.013 0.008 0.009 0.017 0.012 0.020 0.016 0.010 0.015 0.012 0.851 
 52 QAc-G-0017    (0)    6 :  0.327 0.020 0.004 0.051 0.056 0.032 0.051 0.004 0.019 0.242 0.073 0.055 0.048 0.017 
 53 QAc-G-0250    (0)    7 :  0.011 0.543 0.011 0.038 0.025 0.021 0.041 0.008 0.144 0.025 0.040 0.041 0.045 0.005 
 54 QAc-G-0003    (6)    8 :  0.005 0.924 0.006 0.006 0.006 0.007 0.005 0.006 0.007 0.004 0.005 0.006 0.006 0.006 
 55 QAc-G-0283    (0)    9 :  0.006 0.018 0.005 0.116 0.129 0.082 0.147 0.006 0.015 0.011 0.223 0.135 0.099 0.009 
 56 QAc-G-0255    (0)   10 :  0.009 0.005 0.027 0.037 0.046 0.030 0.064 0.004 0.016 0.588 0.054 0.057 0.052 0.009 
 57 QAc-G-0256    (0)   10 :  0.016 0.017 0.008 0.007 0.006 0.005 0.008 0.005 0.012 0.886 0.007 0.008 0.007 0.007 
 58 QAc-G-0257    (0)   10 :  0.085 0.004 0.003 0.022 0.020 0.017 0.014 0.012 0.009 0.755 0.014 0.020 0.019 0.006 
 59 QAc-G-0259    (0)   10 :  0.003 0.003 0.008 0.341 0.044 0.038 0.114 0.003 0.004 0.011 0.079 0.148 0.202 0.003 
 60 QAc-G-0260    (0)   10 :  0.222 0.034 0.010 0.182 0.043 0.066 0.088 0.009 0.008 0.067 0.053 0.101 0.109 0.008 
 61 QAc-G-0261    (0)   10 :  0.641 0.005 0.005 0.047 0.028 0.026 0.054 0.007 0.011 0.015 0.063 0.046 0.040 0.012 
 62 QAc-G-0109    (0)   11 :  0.077 0.008 0.004 0.079 0.049 0.035 0.069 0.016 0.010 0.445 0.061 0.059 0.067 0.021 
 63 QAc-G-0113    (0)   11 :  0.030 0.034 0.005 0.031 0.017 0.014 0.031 0.021 0.112 0.625 0.021 0.022 0.024 0.012 
 64 QAc-G-0114    (0)   11 :  0.005 0.010 0.104 0.040 0.030 0.016 0.037 0.007 0.014 0.612 0.026 0.039 0.040 0.022 
 65 QAc-G-0117    (0)   11 :  0.093 0.029 0.043 0.068 0.036 0.045 0.097 0.014 0.106 0.138 0.074 0.095 0.096 0.066 
 66 QAc-G-0120    (0)   11 :  0.008 0.007 0.012 0.156 0.054 0.037 0.113 0.008 0.014 0.269 0.073 0.109 0.128 0.013 
 67 QAc-G-0125    (0)   11 :  0.714 0.052 0.005 0.027 0.022 0.022 0.021 0.037 0.008 0.020 0.023 0.023 0.020 0.004 
 68 QAc-G-0141    (0)   11 :  0.028 0.025 0.014 0.089 0.062 0.058 0.127 0.031 0.087 0.079 0.112 0.128 0.121 0.038 
 69 QAc-G-0143    (0)   11 :  0.003 0.005 0.004 0.172 0.075 0.078 0.246 0.005 0.005 0.005 0.134 0.116 0.143 0.008 
 70 QAc-G-0147    (0)   11 :  0.510 0.013 0.009 0.056 0.055 0.052 0.033 0.008 0.035 0.087 0.032 0.042 0.038 0.030 
 71 QAc-G-0174    (0)   11 :  0.004 0.942 0.004 0.004 0.004 0.005 0.004 0.004 0.007 0.005 0.004 0.004 0.004 0.006 
 72 QAc-G-0182    (0)   11 :  0.014 0.929 0.004 0.006 0.004 0.004 0.006 0.003 0.004 0.005 0.005 0.006 0.006 0.004 
 73 QAc-G-0188    (0)   11 :  0.008 0.156 0.019 0.092 0.047 0.039 0.069 0.004 0.029 0.263 0.075 0.089 0.102 0.008 
 74 QAc-G-0229    (0)   11 :  0.004 0.007 0.006 0.009 0.012 0.010 0.012 0.007 0.006 0.009 0.014 0.010 0.010 0.885 
 75 QAc-G-0233    (0)   11 :  0.010 0.005 0.355 0.110 0.091 0.088 0.076 0.044 0.007 0.007 0.059 0.071 0.063 0.014 
 76 QAc-G-0237    (0)   11 :  0.058 0.008 0.025 0.022 0.013 0.044 0.024 0.021 0.005 0.023 0.030 0.043 0.036 0.647 
 77 QAc-G-0243    (0)   11 :  0.066 0.005 0.112 0.074 0.054 0.098 0.126 0.013 0.008 0.008 0.154 0.147 0.120 0.016 
 78 QAc-G-0249    (0)   12 :  0.004 0.020 0.025 0.079 0.288 0.327 0.054 0.015 0.010 0.010 0.051 0.057 0.047 0.014 
 79 QAc-W-0001    (0)   13 :  0.012 0.003 0.867 0.008 0.006 0.007 0.010 0.005 0.004 0.012 0.009 0.009 0.011 0.037 
 80 QAc-W-0002    (0)   13 :  0.004 0.020 0.018 0.029 0.017 0.030 0.061 0.006 0.009 0.028 0.028 0.057 0.045 0.647 
 81 QAc-W-0003    (0)   13 :  0.013 0.024 0.784 0.017 0.011 0.011 0.015 0.024 0.012 0.018 0.017 0.018 0.018 0.019 
 82 QAc-W-0004    (0)   13 :  0.004 0.005 0.918 0.005 0.005 0.006 0.007 0.008 0.004 0.004 0.005 0.007 0.006 0.017 
 83 QAc-W-0005    (0)   13 :  0.005 0.006 0.920 0.006 0.007 0.007 0.007 0.004 0.004 0.005 0.008 0.007 0.007 0.008 
 84 QAc-W-0007   (13)   13 :  0.006 0.005 0.902 0.007 0.007 0.008 0.008 0.005 0.005 0.006 0.008 0.009 0.008 0.017 
 85 QAc-W-0008    (6)   13 :  0.005 0.008 0.738 0.039 0.021 0.023 0.030 0.004 0.018 0.007 0.024 0.035 0.031 0.017 
 86 QAc-W-0009    (0)   13 :  0.012 0.012 0.020 0.068 0.039 0.083 0.072 0.010 0.013 0.239 0.072 0.092 0.085 0.180 
 87 QAc-W-0010    (0)   13 :  0.036 0.011 0.720 0.017 0.029 0.033 0.022 0.005 0.016 0.018 0.025 0.033 0.026 0.010 
 88 QAc-W-0011    (0)   13 :  0.014 0.031 0.394 0.043 0.015 0.051 0.085 0.015 0.014 0.016 0.063 0.091 0.097 0.072 
 89 QAc-W-0012    (0)   13 :  0.011 0.011 0.667 0.025 0.016 0.024 0.025 0.012 0.013 0.010 0.020 0.027 0.027 0.112 
 90 QAc-W-0013    (0)   13 :  0.008 0.009 0.013 0.032 0.013 0.066 0.119 0.147 0.007 0.055 0.060 0.144 0.131 0.195 
 91 QAc-W-0014    (0)   13 :  0.005 0.007 0.866 0.009 0.014 0.016 0.012 0.005 0.005 0.004 0.012 0.015 0.013 0.017 
 92 QAc-W-0015    (0)   13 :  0.004 0.130 0.014 0.022 0.024 0.033 0.089 0.014 0.006 0.012 0.045 0.089 0.078 0.440 
 93 QAc-W-0017    (0)   13 :  0.007 0.036 0.011 0.114 0.093 0.071 0.137 0.026 0.023 0.016 0.163 0.121 0.139 0.042 
 94 QAc-W-0018    (0)   13 :  0.014 0.004 0.430 0.060 0.037 0.036 0.068 0.041 0.043 0.028 0.088 0.069 0.059 0.023 
 95 QAc-W-0020    (0)   13 :  0.011 0.004 0.820 0.019 0.014 0.012 0.022 0.004 0.009 0.005 0.033 0.018 0.022 0.007 
 96 QAc-W-0021    (0)   13 :  0.009 0.006 0.352 0.077 0.033 0.040 0.055 0.147 0.016 0.024 0.074 0.072 0.079 0.016 
 97 QAc-W-0022    (0)   13 :  0.010 0.037 0.023 0.084 0.071 0.075 0.126 0.012 0.008 0.008 0.177 0.141 0.117 0.113 
 98 QAc-W-0023    (6)   13 :  0.047 0.004 0.128 0.065 0.047 0.086 0.107 0.025 0.006 0.041 0.084 0.129 0.100 0.130 
 99 QAc-W-0024    (0)   13 :  0.006 0.019 0.390 0.051 0.048 0.026 0.068 0.121 0.007 0.011 0.112 0.051 0.067 0.023 
100 QAc-W-0025    (0)   13 :  0.005 0.006 0.386 0.029 0.021 0.031 0.034 0.018 0.010 0.011 0.032 0.029 0.030 0.359 
101 QAc-W-0026    (0)   13 :  0.019 0.043 0.516 0.046 0.024 0.032 0.039 0.090 0.020 0.015 0.025 0.043 0.040 0.048 
102 QAc-W-0027    (0)   13 :  0.004 0.004 0.079 0.017 0.012 0.015 0.015 0.005 0.006 0.012 0.017 0.015 0.016 0.783 
103 QAc-W-0028    (0)   13 :  0.004 0.009 0.591 0.018 0.023 0.027 0.048 0.004 0.005 0.007 0.037 0.034 0.040 0.152 
104 QAc-W-0029    (0)   13 :  0.020 0.003 0.286 0.026 0.013 0.075 0.084 0.007 0.026 0.012 0.052 0.118 0.095 0.182 
105 QAc-W-0032    (0)   13 :  0.019 0.003 0.868 0.009 0.007 0.013 0.011 0.006 0.005 0.004 0.012 0.013 0.011 0.020 
106 QAc-W-0033    (0)   13 :  0.031 0.007 0.187 0.134 0.041 0.054 0.093 0.015 0.092 0.012 0.078 0.112 0.122 0.021 
107 QAc-W-0035    (0)   13 :  0.009 0.020 0.137 0.048 0.029 0.054 0.039 0.020 0.032 0.006 0.052 0.053 0.045 0.456 
108 QAc-W-0037    (0)   13 :  0.017 0.007 0.026 0.011 0.009 0.011 0.012 0.014 0.007 0.006 0.011 0.014 0.012 0.843 
109 QAc-W-0038    (0)   13 :  0.013 0.025 0.180 0.074 0.066 0.038 0.118 0.007 0.010 0.013 0.160 0.082 0.099 0.114 
110 QAc-W-0040    (0)   13 :  0.028 0.010 0.657 0.024 0.092 0.077 0.016 0.014 0.005 0.008 0.016 0.018 0.018 0.017 
111 QAc-W-0041    (0)   13 :  0.005 0.012 0.036 0.029 0.014 0.031 0.101 0.057 0.031 0.029 0.049 0.099 0.100 0.406 
112 QAc-W-0042    (0)   14 :  0.292 0.022 0.006 0.017 0.012 0.015 0.029 0.016 0.079 0.413 0.017 0.035 0.031 0.015 
113 QAc-W-0044    (0)   14 :  0.178 0.112 0.010 0.028 0.034 0.064 0.098 0.005 0.035 0.086 0.050 0.128 0.093 0.079 
114 QAc-W-0045    (0)   14 :  0.031 0.008 0.007 0.015 0.009 0.009 0.013 0.008 0.064 0.776 0.012 0.017 0.018 0.013 
115 QAc-W-0048    (0)   14 :  0.075 0.005 0.011 0.028 0.010 0.012 0.017 0.015 0.017 0.732 0.015 0.024 0.026 0.013 
116 QAc-W-0050    (0)   14 :  0.021 0.008 0.004 0.022 0.018 0.015 0.022 0.006 0.636 0.176 0.025 0.019 0.019 0.009 
117 QAc-W-0051    (0)   14 :  0.105 0.015 0.007 0.013 0.007 0.010 0.012 0.015 0.738 0.035 0.011 0.013 0.013 0.006 
118 QAc-W-0052    (0)   14 :  0.933 0.006 0.009 0.005 0.004 0.005 0.005 0.003 0.004 0.007 0.005 0.005 0.005 0.005 
119 QAc-W-0053    (0)   14 :  0.017 0.006 0.009 0.012 0.009 0.010 0.013 0.006 0.017 0.855 0.012 0.014 0.012 0.008 
120 QAc-W-0054    (0)   14 :  0.095 0.143 0.009 0.085 0.039 0.047 0.058 0.009 0.252 0.042 0.065 0.071 0.072 0.012 
121 QAc-W-0056    (0)   14 :  0.008 0.010 0.048 0.085 0.029 0.028 0.072 0.011 0.442 0.015 0.054 0.057 0.065 0.075 
122 QAc-W-0057    (0)   14 :  0.012 0.031 0.006 0.040 0.022 0.021 0.032 0.025 0.632 0.076 0.027 0.027 0.029 0.019 
123 QAc-W-0060    (0)   14 :  0.052 0.829 0.003 0.010 0.011 0.010 0.010 0.005 0.006 0.007 0.009 0.009 0.010 0.026 
124 QAc-W-0061    (0)   14 :  0.006 0.569 0.016 0.049 0.058 0.054 0.037 0.013 0.027 0.020 0.035 0.039 0.043 0.034 
125 QAc-W-0062    (0)   14 :  0.017 0.911 0.003 0.006 0.009 0.009 0.005 0.007 0.007 0.005 0.006 0.006 0.006 0.004 
126 QAc-W-0063    (0)   14 :  0.063 0.789 0.014 0.016 0.014 0.012 0.013 0.019 0.008 0.008 0.013 0.013 0.014 0.005 
127 QAc-W-0064    (0)   14 :  0.006 0.885 0.014 0.009 0.010 0.009 0.009 0.008 0.009 0.008 0.010 0.009 0.009 0.006 
128 QAc-W-0065    (0)   14 :  0.008 0.768 0.010 0.020 0.022 0.017 0.022 0.014 0.023 0.010 0.027 0.019 0.021 0.021 
129 QAc-W-0066    (0)   14 :  0.003 0.948 0.004 0.004 0.003 0.004 0.004 0.007 0.003 0.003 0.004 0.004 0.004 0.005 
130 QAc-W-0072    (0)   14 :  0.005 0.439 0.017 0.023 0.120 0.119 0.019 0.009 0.169 0.008 0.022 0.021 0.022 0.006 
131 QAc-W-0073    (0)   14 :  0.010 0.760 0.008 0.018 0.020 0.017 0.022 0.012 0.023 0.025 0.023 0.026 0.025 0.010 
132 QAc-W-0077    (0)   14 :  0.005 0.939 0.005 0.005 0.004 0.004 0.005 0.003 0.006 0.006 0.004 0.004 0.005 0.005 
133 QAc-W-0078    (0)   15 :  0.018 0.016 0.014 0.045 0.022 0.030 0.038 0.679 0.008 0.006 0.027 0.036 0.040 0.022 
134 QAc-W-0079    (6)   15 :  0.004 0.007 0.005 0.006 0.006 0.006 0.006 0.922 0.005 0.007 0.006 0.006 0.006 0.008 
135 QAc-W-0081    (0)   15 :  0.010 0.006 0.009 0.006 0.005 0.006 0.007 0.916 0.005 0.005 0.006 0.008 0.007 0.005 
136 QAc-W-0082    (0)   15 :  0.003 0.004 0.003 0.007 0.005 0.005 0.006 0.432 0.506 0.007 0.007 0.006 0.005 0.005 
137 QAc-W-0083    (0)   15 :  0.010 0.024 0.008 0.008 0.010 0.009 0.008 0.867 0.015 0.008 0.009 0.008 0.009 0.006 
138 QAc-W-0086    (0)   15 :  0.005 0.009 0.008 0.009 0.009 0.010 0.009 0.890 0.013 0.006 0.008 0.008 0.008 0.008 
139 QAc-W-0087    (0)   15 :  0.004 0.004 0.004 0.006 0.007 0.007 0.006 0.929 0.004 0.008 0.006 0.005 0.005 0.005 
140 QAc-W-0088    (0)   15 :  0.005 0.005 0.006 0.021 0.011 0.012 0.018 0.837 0.009 0.013 0.017 0.016 0.016 0.013 
141 QAc-W-0092    (0)   15 :  0.019 0.007 0.027 0.023 0.012 0.018 0.039 0.628 0.008 0.018 0.025 0.033 0.036 0.107 
142 QAc-W-0093    (0)   15 :  0.010 0.004 0.026 0.023 0.020 0.021 0.026 0.745 0.012 0.013 0.026 0.027 0.027 0.021 
143 QAc-W-0094    (0)   15 :  0.272 0.026 0.048 0.047 0.027 0.023 0.044 0.324 0.015 0.031 0.049 0.046 0.040 0.009 
144 QAc-W-0097    (0)   15 :  0.017 0.008 0.026 0.032 0.019 0.020 0.038 0.646 0.010 0.014 0.031 0.035 0.035 0.069 
145 QAc-W-0099    (0)   15 :  0.019 0.004 0.004 0.044 0.026 0.038 0.047 0.648 0.014 0.017 0.040 0.041 0.047 0.009 
146 QAc-W-0107    (0)   15 :  0.007 0.027 0.006 0.009 0.009 0.007 0.008 0.881 0.008 0.005 0.010 0.009 0.009 0.006 
147 QAc-W-0115    (0)   16 :  0.007 0.006 0.011 0.012 0.461 0.418 0.012 0.009 0.005 0.005 0.011 0.010 0.011 0.022 
148 QAc-W-0116    (0)   16 :  0.014 0.003 0.008 0.034 0.368 0.378 0.030 0.007 0.011 0.021 0.033 0.043 0.030 0.019 
149 QAc-W-0117    (0)   16 :  0.004 0.004 0.005 0.010 0.411 0.478 0.012 0.003 0.005 0.012 0.023 0.012 0.013 0.008 
150 QAc-W-0118    (0)   16 :  0.006 0.043 0.008 0.015 0.415 0.406 0.017 0.022 0.010 0.008 0.018 0.012 0.015 0.006 
151 QAc-W-0119    (0)   16 :  0.007 0.011 0.006 0.025 0.395 0.433 0.020 0.008 0.017 0.008 0.023 0.018 0.022 0.007 
152 QAc-W-0120    (0)   16 :  0.005 0.017 0.011 0.041 0.344 0.414 0.027 0.010 0.007 0.012 0.031 0.036 0.036 0.008 
153 QAc-W-0121    (0)   16 :  0.003 0.039 0.007 0.018 0.366 0.440 0.017 0.004 0.039 0.008 0.017 0.018 0.018 0.006 
154 QAc-W-0122    (0)   16 :  0.005 0.006 0.023 0.037 0.373 0.312 0.050 0.006 0.007 0.010 0.068 0.068 0.030 0.007 
155 QAc-W-0123    (6)   16 :  0.020 0.009 0.004 0.028 0.431 0.345 0.033 0.011 0.006 0.010 0.037 0.025 0.025 0.016 
156 QAc-W-0124    (0)   16 :  0.007 0.079 0.020 0.023 0.344 0.303 0.023 0.078 0.007 0.004 0.019 0.028 0.021 0.043 
157 QAc-W-0125    (0)   16 :  0.008 0.006 0.009 0.011 0.460 0.409 0.012 0.018 0.007 0.009 0.015 0.012 0.012 0.011 
158 QAc-W-0132    (6)   16 :  0.023 0.053 0.016 0.028 0.332 0.329 0.027 0.036 0.010 0.007 0.028 0.031 0.033 0.047 
159 QAc-W-0134    (0)   16 :  0.006 0.006 0.004 0.007 0.456 0.471 0.007 0.006 0.004 0.006 0.007 0.007 0.006 0.007 
160 QAc-W-0135    (0)   16 :  0.005 0.037 0.104 0.021 0.357 0.334 0.024 0.010 0.005 0.007 0.024 0.026 0.023 0.025 
161 QAc-W-0136    (0)   16 :  0.007 0.004 0.005 0.008 0.480 0.446 0.007 0.005 0.005 0.005 0.007 0.008 0.008 0.006 
162 QAc-W-0138    (0)   16 :  0.006 0.005 0.008 0.008 0.471 0.444 0.008 0.004 0.006 0.004 0.013 0.009 0.009 0.006 
163 QAc-W-0140    (0)   16 :  0.005 0.005 0.009 0.019 0.359 0.425 0.029 0.006 0.008 0.026 0.036 0.027 0.025 0.019 
164 QAc-W-0141    (6)   16 :  0.008 0.016 0.019 0.065 0.116 0.119 0.134 0.009 0.012 0.019 0.241 0.108 0.077 0.058 
165 QAc-W-0142    (0)   16 :  0.004 0.013 0.004 0.007 0.432 0.484 0.007 0.006 0.012 0.005 0.007 0.007 0.007 0.004 
166 QAc-W-0143    (0)   16 :  0.006 0.004 0.008 0.014 0.421 0.443 0.012 0.027 0.009 0.011 0.010 0.017 0.013 0.005 
167 QAc-W-0145    (0)   16 :  0.004 0.005 0.004 0.012 0.480 0.423 0.014 0.004 0.005 0.006 0.015 0.012 0.013 0.005 
168 QAc-W-0148    (0)   16 :  0.007 0.005 0.007 0.007 0.473 0.450 0.006 0.004 0.005 0.005 0.007 0.006 0.007 0.011 
169 QAc-W-0149    (0)   16 :  0.039 0.010 0.013 0.065 0.239 0.222 0.076 0.010 0.012 0.018 0.106 0.108 0.075 0.007 
170 QAc-W-0150    (0)   16 :  0.017 0.006 0.094 0.039 0.269 0.231 0.061 0.029 0.010 0.007 0.066 0.088 0.046 0.036 
171 QAc-W-0151    (0)   16 :  0.006 0.005 0.011 0.016 0.435 0.393 0.014 0.011 0.007 0.006 0.017 0.016 0.014 0.048 
172 QAc-W-0152    (0)   16 :  0.006 0.019 0.005 0.010 0.463 0.420 0.010 0.005 0.013 0.012 0.010 0.010 0.010 0.009 
173 QAc-W-0153    (0)   16 :  0.004 0.013 0.005 0.096 0.078 0.066 0.172 0.024 0.005 0.006 0.286 0.122 0.088 0.035 
174 QAc-W-0154    (0)   16 :  0.004 0.004 0.055 0.034 0.369 0.400 0.029 0.006 0.006 0.006 0.023 0.029 0.028 0.008 
175 QAc-W-0157    (0)   16 :  0.028 0.020 0.005 0.050 0.333 0.335 0.046 0.005 0.011 0.014 0.036 0.043 0.050 0.024 
176 QAc-W-0158    (0)   16 :  0.008 0.018 0.043 0.019 0.348 0.335 0.032 0.027 0.006 0.006 0.023 0.034 0.029 0.072 
177 QAc-W-0159    (0)   16 :  0.008 0.003 0.009 0.009 0.419 0.487 0.008 0.008 0.010 0.006 0.009 0.010 0.009 0.007 
178 QAc-W-0160    (0)   16 :  0.004 0.005 0.025 0.029 0.378 0.410 0.026 0.009 0.005 0.006 0.021 0.031 0.033 0.020 
179 QAc-W-0162    (0)   16 :  0.024 0.035 0.004 0.020 0.373 0.382 0.015 0.007 0.055 0.036 0.016 0.016 0.014 0.004 
180 QAc-W-0163    (0)   16 :  0.010 0.008 0.007 0.036 0.301 0.341 0.029 0.005 0.134 0.038 0.023 0.028 0.033 0.008 
181 QAc-W-0164    (0)   16 :  0.011 0.025 0.007 0.039 0.369 0.374 0.026 0.012 0.023 0.011 0.031 0.034 0.031 0.008 
182 QAc-W-0167    (0)   17 :  0.007 0.009 0.007 0.083 0.100 0.036 0.177 0.024 0.011 0.011 0.306 0.115 0.111 0.006 
183 QAc-W-0168    (0)   17 :  0.009 0.042 0.011 0.154 0.113 0.124 0.129 0.015 0.014 0.019 0.121 0.104 0.126 0.019 
184 QAc-W-0169    (0)   17 :  0.005 0.012 0.019 0.223 0.058 0.057 0.158 0.005 0.059 0.015 0.087 0.129 0.156 0.017 
185 QAc-W-0170    (0)   17 :  0.006 0.004 0.012 0.174 0.071 0.066 0.152 0.007 0.009 0.009 0.139 0.142 0.147 0.061 
186 QAc-W-0172    (0)   17 :  0.016 0.002 0.009 0.281 0.050 0.061 0.143 0.009 0.005 0.005 0.086 0.137 0.184 0.010 
187 QAc-W-0173    (0)   17 :  0.005 0.007 0.012 0.054 0.116 0.050 0.181 0.007 0.006 0.006 0.345 0.105 0.094 0.013 
188 QAc-W-0174    (0)   17 :  0.005 0.013 0.005 0.082 0.108 0.043 0.168 0.006 0.010 0.011 0.304 0.116 0.121 0.009 


Estimated Allele Frequencies in each cluster
First column gives estimated ancestral frequencies


Locus 1 : 
18 alleles
0.0% missing data
 210   (0.113) 0.030 0.009 0.018 0.113 0.161 0.147 0.106 0.148 0.085 0.255 0.115 0.104 0.102 0.076 
 212   (0.125) 0.025 0.097 0.056 0.125 0.103 0.104 0.130 0.270 0.096 0.038 0.135 0.126 0.126 0.394 
 202   (0.063) 0.284 0.004 0.068 0.063 0.028 0.026 0.051 0.137 0.023 0.019 0.052 0.051 0.052 0.037 
 226   (0.036) 0.219 0.201 0.004 0.036 0.014 0.013 0.026 0.016 0.036 0.024 0.023 0.027 0.028 0.004 
 216   (0.074) 0.192 0.022 0.021 0.074 0.106 0.095 0.061 0.168 0.036 0.053 0.056 0.062 0.065 0.010 
 200   (0.236) 0.120 0.315 0.507 0.236 0.203 0.238 0.304 0.091 0.150 0.200 0.302 0.325 0.304 0.372 
 224   (0.042) 0.010 0.147 0.011 0.042 0.022 0.023 0.047 0.013 0.022 0.011 0.043 0.047 0.048 0.026 
 218   (0.052) 0.009 0.005 0.087 0.052 0.099 0.108 0.040 0.103 0.048 0.013 0.041 0.043 0.043 0.010 
 228   (0.011) 0.002 0.072 0.001 0.011 0.003 0.004 0.007 0.001 0.003 0.003 0.006 0.008 0.009 0.001 
 214   (0.063) 0.044 0.118 0.007 0.063 0.039 0.033 0.056 0.008 0.440 0.158 0.051 0.051 0.054 0.007 
 208   (0.063) 0.018 0.004 0.202 0.063 0.041 0.034 0.072 0.029 0.022 0.081 0.083 0.060 0.067 0.046 
 220   (0.032) 0.006 0.002 0.004 0.032 0.023 0.017 0.034 0.004 0.012 0.008 0.032 0.029 0.029 0.006 
 196   (0.012) 0.002 0.001 0.001 0.012 0.005 0.004 0.009 0.002 0.004 0.003 0.007 0.008 0.009 0.001 
 238   (0.013) 0.002 0.001 0.001 0.013 0.007 0.005 0.011 0.001 0.004 0.003 0.012 0.011 0.011 0.001 
 206   (0.020) 0.004 0.001 0.003 0.020 0.020 0.021 0.014 0.003 0.006 0.060 0.012 0.015 0.016 0.002 
 190   (0.011) 0.002 0.001 0.001 0.011 0.004 0.004 0.008 0.001 0.003 0.002 0.007 0.007 0.008 0.001 
 222   (0.023) 0.028 0.002 0.008 0.023 0.117 0.121 0.016 0.003 0.007 0.006 0.014 0.017 0.018 0.003 
 232   (0.012) 0.004 0.001 0.001 0.012 0.004 0.004 0.008 0.001 0.005 0.062 0.007 0.009 0.010 0.001 

Locus 2 : 
15 alleles
2.1% missing data
 171   (0.215) 0.244 0.020 0.309 0.215 0.135 0.141 0.234 0.183 0.232 0.449 0.213 0.241 0.232 0.417 
 175   (0.099) 0.194 0.024 0.051 0.099 0.050 0.057 0.085 0.255 0.253 0.028 0.077 0.089 0.091 0.057 
 185   (0.049) 0.012 0.005 0.008 0.049 0.150 0.136 0.042 0.082 0.021 0.013 0.042 0.042 0.041 0.006 
 179   (0.070) 0.243 0.327 0.008 0.069 0.195 0.163 0.066 0.009 0.032 0.018 0.081 0.066 0.065 0.009 
 181   (0.097) 0.034 0.262 0.036 0.097 0.045 0.051 0.108 0.340 0.094 0.124 0.100 0.107 0.110 0.126 
 173   (0.176) 0.183 0.235 0.189 0.176 0.169 0.214 0.183 0.040 0.194 0.171 0.185 0.199 0.196 0.227 
 177   (0.036) 0.007 0.101 0.004 0.036 0.061 0.060 0.028 0.005 0.044 0.011 0.026 0.028 0.029 0.004 
 187   (0.095) 0.019 0.015 0.109 0.095 0.068 0.052 0.106 0.012 0.075 0.047 0.125 0.088 0.092 0.120 
 183   (0.062) 0.017 0.004 0.008 0.062 0.079 0.076 0.065 0.022 0.023 0.093 0.081 0.061 0.058 0.008 
 189   (0.033) 0.006 0.002 0.271 0.033 0.019 0.022 0.029 0.004 0.012 0.008 0.025 0.028 0.030 0.018 
 191   (0.022) 0.034 0.001 0.003 0.021 0.009 0.009 0.016 0.044 0.008 0.027 0.015 0.017 0.018 0.002 
 163   (0.011) 0.002 0.001 0.001 0.011 0.004 0.004 0.008 0.001 0.003 0.003 0.007 0.008 0.009 0.001 
 165   (0.012) 0.002 0.001 0.001 0.012 0.005 0.004 0.009 0.001 0.003 0.003 0.007 0.009 0.010 0.001 
 193   (0.012) 0.002 0.001 0.001 0.012 0.005 0.006 0.012 0.001 0.003 0.003 0.009 0.009 0.010 0.001 
 167   (0.011) 0.002 0.001 0.001 0.011 0.004 0.004 0.009 0.001 0.003 0.003 0.007 0.008 0.009 0.001 

Locus 3 : 
4 alleles
1.1% missing data
 206   (0.886) 0.878 0.943 0.698 0.886 0.945 0.952 0.902 0.974 0.927 0.899 0.893 0.906 0.903 0.983 
 208   (0.059) 0.012 0.022 0.295 0.059 0.028 0.025 0.048 0.008 0.056 0.067 0.051 0.047 0.050 0.010 
 204   (0.040) 0.108 0.034 0.005 0.040 0.018 0.016 0.031 0.016 0.013 0.030 0.030 0.031 0.033 0.005 
 212   (0.015) 0.002 0.001 0.002 0.015 0.009 0.007 0.019 0.002 0.004 0.003 0.026 0.016 0.014 0.002 

Locus 4 : 
15 alleles
1.1% missing data
 165   (0.080) 0.055 0.169 0.015 0.081 0.042 0.057 0.094 0.455 0.068 0.022 0.111 0.091 0.088 0.034 
 163   (0.201) 0.089 0.031 0.092 0.202 0.272 0.256 0.225 0.030 0.175 0.268 0.279 0.226 0.218 0.065 
 167   (0.144) 0.456 0.009 0.238 0.144 0.143 0.138 0.134 0.074 0.164 0.102 0.135 0.136 0.134 0.191 
 161   (0.344) 0.331 0.777 0.476 0.343 0.416 0.427 0.349 0.133 0.475 0.426 0.293 0.355 0.359 0.669 
 153   (0.016) 0.004 0.001 0.011 0.016 0.006 0.011 0.018 0.002 0.005 0.004 0.014 0.020 0.021 0.003 
 173   (0.033) 0.006 0.002 0.004 0.033 0.013 0.013 0.028 0.255 0.049 0.025 0.022 0.025 0.027 0.004 
 171   (0.040) 0.035 0.003 0.005 0.040 0.025 0.021 0.038 0.006 0.018 0.046 0.046 0.037 0.037 0.004 
 179   (0.013) 0.002 0.001 0.002 0.013 0.006 0.005 0.011 0.001 0.004 0.003 0.008 0.009 0.010 0.003 
 157   (0.023) 0.004 0.001 0.141 0.023 0.009 0.008 0.017 0.003 0.008 0.017 0.014 0.017 0.018 0.013 
 149   (0.012) 0.002 0.001 0.001 0.012 0.004 0.004 0.008 0.001 0.006 0.027 0.006 0.008 0.009 0.001 
 177   (0.022) 0.004 0.001 0.003 0.022 0.011 0.011 0.020 0.013 0.007 0.006 0.025 0.022 0.020 0.004 
 155   (0.017) 0.003 0.001 0.007 0.017 0.008 0.007 0.013 0.003 0.005 0.004 0.012 0.012 0.014 0.002 
 175   (0.012) 0.002 0.001 0.001 0.012 0.005 0.005 0.009 0.001 0.004 0.009 0.008 0.009 0.010 0.001 
 169   (0.023) 0.004 0.001 0.003 0.023 0.009 0.010 0.021 0.019 0.008 0.035 0.016 0.018 0.019 0.003 
 159   (0.019) 0.003 0.001 0.002 0.019 0.031 0.029 0.014 0.002 0.006 0.005 0.012 0.014 0.015 0.002 

Locus 5 : 
16 alleles
0.0% missing data
 148   (0.117) 0.028 0.197 0.108 0.117 0.084 0.081 0.110 0.281 0.033 0.096 0.124 0.105 0.106 0.195 
 160   (0.025) 0.058 0.002 0.004 0.025 0.009 0.010 0.018 0.057 0.007 0.027 0.016 0.020 0.020 0.004 
 154   (0.078) 0.060 0.065 0.020 0.078 0.166 0.155 0.071 0.028 0.083 0.022 0.081 0.071 0.072 0.009 
 150   (0.061) 0.013 0.012 0.065 0.062 0.025 0.032 0.060 0.010 0.389 0.071 0.051 0.061 0.062 0.030 
 138   (0.123) 0.330 0.089 0.026 0.123 0.184 0.188 0.111 0.152 0.057 0.095 0.109 0.115 0.117 0.063 
 166   (0.034) 0.233 0.002 0.036 0.034 0.011 0.012 0.024 0.015 0.012 0.192 0.019 0.025 0.028 0.006 
 146   (0.093) 0.082 0.302 0.035 0.093 0.054 0.044 0.087 0.166 0.034 0.094 0.093 0.081 0.086 0.032 
 164   (0.017) 0.038 0.001 0.002 0.017 0.006 0.006 0.013 0.002 0.004 0.004 0.011 0.013 0.013 0.002 
 142   (0.018) 0.003 0.002 0.002 0.018 0.012 0.016 0.012 0.002 0.195 0.006 0.010 0.013 0.014 0.002 
 144   (0.146) 0.056 0.293 0.069 0.145 0.155 0.151 0.176 0.027 0.077 0.243 0.167 0.171 0.169 0.384 
 140   (0.084) 0.016 0.006 0.188 0.083 0.153 0.150 0.095 0.020 0.022 0.022 0.094 0.082 0.087 0.234 
 158   (0.046) 0.032 0.003 0.011 0.046 0.028 0.043 0.054 0.086 0.018 0.029 0.043 0.069 0.062 0.011 
 162   (0.028) 0.005 0.002 0.003 0.028 0.016 0.011 0.029 0.126 0.019 0.009 0.029 0.025 0.026 0.005 
 152   (0.092) 0.019 0.023 0.425 0.093 0.076 0.085 0.105 0.013 0.037 0.038 0.121 0.117 0.103 0.017 
 134   (0.018) 0.003 0.001 0.002 0.018 0.010 0.008 0.017 0.002 0.007 0.045 0.013 0.015 0.016 0.002 
 156   (0.020) 0.023 0.001 0.003 0.020 0.010 0.009 0.020 0.013 0.006 0.006 0.018 0.018 0.018 0.004 

Locus 6 : 
12 alleles
0.0% missing data
 225   (0.044) 0.008 0.141 0.012 0.043 0.030 0.026 0.035 0.124 0.034 0.011 0.040 0.034 0.037 0.005 
 239   (0.099) 0.250 0.332 0.014 0.099 0.052 0.061 0.096 0.030 0.054 0.055 0.093 0.094 0.098 0.116 
 229   (0.016) 0.003 0.001 0.002 0.016 0.005 0.006 0.012 0.276 0.005 0.004 0.009 0.013 0.014 0.002 
 235   (0.289) 0.092 0.277 0.272 0.290 0.421 0.390 0.306 0.370 0.500 0.143 0.310 0.304 0.294 0.412 
 237   (0.215) 0.071 0.149 0.199 0.216 0.202 0.193 0.230 0.041 0.162 0.176 0.248 0.218 0.222 0.272 
 233   (0.103) 0.251 0.086 0.456 0.103 0.045 0.060 0.104 0.066 0.076 0.094 0.083 0.112 0.111 0.156 
 227   (0.032) 0.263 0.002 0.003 0.031 0.013 0.011 0.023 0.004 0.032 0.387 0.020 0.024 0.025 0.003 
 245   (0.069) 0.024 0.005 0.025 0.070 0.099 0.124 0.078 0.009 0.032 0.023 0.070 0.086 0.082 0.015 
 241   (0.039) 0.015 0.003 0.007 0.039 0.026 0.027 0.031 0.069 0.035 0.037 0.029 0.032 0.033 0.005 
 231   (0.054) 0.018 0.003 0.006 0.054 0.060 0.047 0.052 0.007 0.051 0.026 0.071 0.049 0.048 0.006 
 243   (0.029) 0.005 0.002 0.003 0.028 0.040 0.051 0.023 0.003 0.014 0.042 0.020 0.025 0.027 0.005 
 251   (0.012) 0.002 0.001 0.001 0.012 0.005 0.004 0.009 0.001 0.003 0.003 0.007 0.008 0.009 0.001 

Locus 7 : 
5 alleles
0.0% missing data
 118   (0.914) 0.695 0.995 0.917 0.915 0.965 0.961 0.923 0.989 0.631 0.979 0.929 0.925 0.922 0.942 
 124   (0.040) 0.296 0.002 0.077 0.039 0.014 0.021 0.037 0.005 0.011 0.009 0.031 0.038 0.039 0.053 
 116   (0.016) 0.002 0.001 0.002 0.016 0.005 0.005 0.010 0.002 0.349 0.004 0.008 0.011 0.012 0.002 
 114   (0.017) 0.004 0.001 0.003 0.017 0.010 0.008 0.019 0.002 0.005 0.004 0.023 0.017 0.017 0.002 
 122   (0.013) 0.002 0.001 0.001 0.013 0.005 0.005 0.011 0.002 0.005 0.003 0.008 0.010 0.011 0.001 

Locus 8 : 
5 alleles
0.0% missing data
 135   (0.056) 0.010 0.008 0.016 0.057 0.039 0.065 0.074 0.024 0.018 0.014 0.076 0.076 0.073 0.031 
 139   (0.743) 0.947 0.947 0.922 0.742 0.733 0.696 0.761 0.818 0.588 0.661 0.782 0.756 0.750 0.909 
 137   (0.150) 0.034 0.042 0.056 0.150 0.175 0.187 0.127 0.151 0.376 0.312 0.106 0.128 0.135 0.055 
 143   (0.037) 0.007 0.002 0.004 0.037 0.033 0.033 0.029 0.004 0.014 0.010 0.028 0.029 0.031 0.004 
 141   (0.015) 0.002 0.001 0.002 0.015 0.020 0.020 0.010 0.002 0.004 0.003 0.008 0.010 0.011 0.002 

Locus 9 : 
11 alleles
0.0% missing data
 116   (0.286) 0.117 0.263 0.508 0.287 0.291 0.345 0.319 0.427 0.202 0.124 0.324 0.327 0.320 0.282 
 112   (0.088) 0.016 0.212 0.039 0.088 0.145 0.129 0.081 0.060 0.035 0.023 0.086 0.083 0.078 0.078 
 122   (0.058) 0.304 0.362 0.010 0.058 0.027 0.025 0.046 0.007 0.179 0.254 0.038 0.048 0.050 0.007 
 114   (0.223) 0.059 0.026 0.359 0.223 0.269 0.259 0.229 0.083 0.080 0.239 0.238 0.224 0.221 0.341 
 120   (0.042) 0.202 0.009 0.005 0.041 0.027 0.023 0.032 0.005 0.012 0.011 0.027 0.031 0.035 0.144 
 130   (0.041) 0.159 0.002 0.007 0.041 0.014 0.025 0.042 0.005 0.012 0.077 0.031 0.052 0.050 0.040 
 118   (0.126) 0.116 0.016 0.040 0.126 0.145 0.120 0.127 0.396 0.050 0.056 0.136 0.122 0.125 0.078 
 124   (0.058) 0.010 0.104 0.007 0.058 0.041 0.039 0.050 0.008 0.204 0.072 0.048 0.047 0.050 0.007 
 126   (0.042) 0.010 0.003 0.009 0.042 0.020 0.017 0.033 0.007 0.217 0.135 0.030 0.035 0.037 0.019 
 108   (0.015) 0.002 0.001 0.002 0.015 0.008 0.008 0.019 0.002 0.004 0.003 0.014 0.012 0.013 0.002 
 128   (0.021) 0.004 0.001 0.016 0.021 0.013 0.010 0.022 0.003 0.007 0.005 0.029 0.019 0.020 0.003 

Locus 10 : 
4 alleles
0.0% missing data
 232   (0.887) 0.969 0.993 0.987 0.887 0.921 0.915 0.900 0.986 0.960 0.698 0.913 0.907 0.900 0.942 
 238   (0.084) 0.026 0.005 0.010 0.084 0.065 0.072 0.069 0.010 0.032 0.296 0.063 0.070 0.075 0.054 
 234   (0.016) 0.003 0.001 0.002 0.017 0.008 0.009 0.020 0.002 0.004 0.004 0.014 0.013 0.014 0.002 
 244   (0.013) 0.002 0.001 0.001 0.013 0.006 0.005 0.011 0.001 0.003 0.003 0.010 0.010 0.011 0.002 

Locus 11 : 
7 alleles
0.0% missing data
 165   (0.761) 0.923 0.781 0.919 0.761 0.859 0.865 0.774 0.913 0.552 0.889 0.780 0.786 0.779 0.777 
 167   (0.072) 0.024 0.209 0.010 0.072 0.040 0.041 0.055 0.058 0.358 0.020 0.051 0.056 0.060 0.013 
 161   (0.114) 0.045 0.008 0.066 0.115 0.064 0.063 0.130 0.022 0.076 0.078 0.136 0.121 0.121 0.204 
 155   (0.013) 0.002 0.001 0.001 0.013 0.005 0.004 0.010 0.001 0.003 0.003 0.008 0.009 0.010 0.001 
 173   (0.013) 0.002 0.001 0.001 0.013 0.006 0.006 0.013 0.002 0.003 0.003 0.009 0.010 0.011 0.001 
 163   (0.013) 0.002 0.001 0.001 0.013 0.022 0.017 0.009 0.002 0.004 0.003 0.008 0.009 0.010 0.001 
 171   (0.013) 0.002 0.001 0.001 0.013 0.005 0.005 0.010 0.001 0.003 0.003 0.008 0.009 0.010 0.001 

Locus 12 : 
8 alleles
0.0% missing data
 137   (0.513) 0.833 0.428 0.347 0.513 0.691 0.668 0.500 0.416 0.699 0.538 0.534 0.505 0.500 0.248 
 140   (0.158) 0.035 0.031 0.572 0.159 0.093 0.127 0.174 0.210 0.065 0.079 0.144 0.186 0.182 0.492 
 134   (0.246) 0.118 0.535 0.061 0.246 0.159 0.160 0.254 0.364 0.211 0.318 0.245 0.242 0.247 0.251 
 149   (0.012) 0.002 0.001 0.001 0.013 0.005 0.005 0.009 0.002 0.004 0.003 0.007 0.009 0.010 0.001 
 143   (0.016) 0.004 0.001 0.002 0.016 0.007 0.006 0.012 0.002 0.005 0.043 0.010 0.013 0.014 0.002 
 128   (0.013) 0.002 0.001 0.001 0.013 0.005 0.005 0.010 0.002 0.004 0.009 0.008 0.010 0.010 0.001 
 125   (0.021) 0.004 0.001 0.014 0.021 0.024 0.021 0.015 0.003 0.007 0.005 0.012 0.015 0.017 0.003 
 146   (0.019) 0.003 0.001 0.002 0.019 0.015 0.008 0.027 0.002 0.005 0.005 0.039 0.021 0.020 0.002 

Locus 13 : 
19 alleles
0.5% missing data
 206   (0.130) 0.222 0.036 0.249 0.129 0.132 0.124 0.106 0.405 0.104 0.070 0.107 0.108 0.112 0.174 
 210   (0.096) 0.018 0.207 0.167 0.096 0.052 0.065 0.109 0.274 0.049 0.028 0.089 0.115 0.115 0.159 
 190   (0.071) 0.031 0.005 0.090 0.071 0.090 0.101 0.076 0.009 0.039 0.018 0.089 0.072 0.068 0.009 
 202   (0.088) 0.505 0.008 0.036 0.089 0.051 0.066 0.098 0.018 0.210 0.256 0.100 0.109 0.103 0.013 
 214   (0.036) 0.007 0.200 0.073 0.036 0.018 0.015 0.031 0.005 0.012 0.011 0.031 0.029 0.034 0.023 
 212   (0.035) 0.006 0.084 0.004 0.034 0.235 0.231 0.026 0.004 0.026 0.008 0.023 0.027 0.029 0.004 
 192   (0.107) 0.063 0.007 0.090 0.107 0.075 0.081 0.139 0.050 0.055 0.031 0.127 0.141 0.131 0.271 
 204   (0.037) 0.017 0.055 0.021 0.037 0.028 0.024 0.031 0.005 0.014 0.016 0.031 0.032 0.032 0.009 
 184   (0.056) 0.010 0.003 0.020 0.056 0.081 0.073 0.047 0.101 0.017 0.013 0.042 0.046 0.048 0.023 
 216   (0.022) 0.004 0.001 0.017 0.022 0.007 0.016 0.019 0.003 0.007 0.005 0.018 0.023 0.024 0.261 
 208   (0.046) 0.010 0.009 0.183 0.046 0.041 0.052 0.047 0.006 0.014 0.011 0.045 0.053 0.053 0.021 
 198   (0.037) 0.021 0.002 0.004 0.037 0.033 0.022 0.051 0.004 0.011 0.009 0.081 0.043 0.040 0.004 
 194   (0.069) 0.024 0.324 0.021 0.068 0.037 0.030 0.058 0.036 0.337 0.202 0.055 0.055 0.059 0.008 
 186   (0.018) 0.003 0.034 0.002 0.018 0.007 0.006 0.013 0.003 0.010 0.005 0.011 0.013 0.014 0.002 
 188   (0.021) 0.003 0.001 0.004 0.021 0.011 0.008 0.018 0.002 0.006 0.034 0.015 0.017 0.018 0.004 
 200   (0.068) 0.039 0.018 0.011 0.068 0.053 0.046 0.060 0.067 0.063 0.265 0.062 0.061 0.061 0.008 
 196   (0.039) 0.007 0.002 0.004 0.039 0.038 0.027 0.043 0.005 0.017 0.010 0.053 0.036 0.037 0.004 
 220   (0.012) 0.007 0.001 0.001 0.012 0.005 0.005 0.009 0.001 0.003 0.004 0.007 0.009 0.010 0.001 
 180   (0.015) 0.002 0.001 0.002 0.015 0.008 0.008 0.019 0.002 0.004 0.003 0.014 0.012 0.013 0.002 

Locus 14 : 
8 alleles
1.1% missing data
 139   (0.072) 0.042 0.174 0.011 0.071 0.029 0.031 0.068 0.088 0.141 0.058 0.053 0.069 0.069 0.233 
 145   (0.065) 0.013 0.009 0.012 0.065 0.125 0.106 0.052 0.142 0.028 0.039 0.047 0.053 0.054 0.023 
 151   (0.298) 0.348 0.442 0.641 0.297 0.341 0.366 0.300 0.451 0.188 0.286 0.281 0.318 0.310 0.184 
 157   (0.356) 0.463 0.141 0.289 0.357 0.333 0.336 0.393 0.229 0.432 0.319 0.447 0.387 0.387 0.488 
 154   (0.102) 0.018 0.227 0.034 0.102 0.109 0.107 0.099 0.014 0.120 0.030 0.094 0.086 0.091 0.059 
 163   (0.044) 0.103 0.003 0.005 0.043 0.017 0.018 0.035 0.067 0.046 0.013 0.030 0.035 0.036 0.005 
 160   (0.034) 0.006 0.002 0.004 0.034 0.014 0.013 0.026 0.005 0.014 0.236 0.022 0.025 0.027 0.004 
 142   (0.030) 0.007 0.002 0.004 0.030 0.030 0.023 0.027 0.004 0.030 0.019 0.026 0.026 0.026 0.005 

Locus 15 : 
13 alleles
1.6% missing data
 256   (0.148) 0.133 0.092 0.165 0.147 0.127 0.130 0.117 0.164 0.198 0.158 0.109 0.120 0.128 0.160 
 262   (0.024) 0.004 0.001 0.003 0.024 0.008 0.008 0.017 0.260 0.162 0.008 0.013 0.017 0.018 0.003 
 246   (0.116) 0.024 0.007 0.097 0.117 0.073 0.087 0.140 0.177 0.102 0.106 0.157 0.135 0.134 0.139 
 258   (0.181) 0.505 0.013 0.230 0.182 0.177 0.203 0.216 0.027 0.201 0.160 0.208 0.242 0.217 0.284 
 254   (0.106) 0.184 0.263 0.165 0.105 0.092 0.078 0.098 0.014 0.071 0.079 0.095 0.088 0.097 0.029 
 250   (0.031) 0.010 0.353 0.003 0.031 0.022 0.027 0.024 0.004 0.021 0.012 0.021 0.024 0.026 0.003 
 242   (0.097) 0.023 0.126 0.011 0.097 0.163 0.129 0.107 0.191 0.057 0.064 0.138 0.097 0.093 0.012 
 252   (0.064) 0.014 0.025 0.029 0.064 0.047 0.051 0.066 0.113 0.068 0.024 0.060 0.066 0.069 0.029 
 248   (0.135) 0.088 0.113 0.042 0.135 0.213 0.211 0.128 0.026 0.087 0.354 0.110 0.130 0.131 0.321 
 260   (0.041) 0.007 0.002 0.248 0.041 0.021 0.021 0.039 0.006 0.013 0.021 0.035 0.037 0.039 0.015 
 264   (0.017) 0.003 0.001 0.002 0.017 0.012 0.007 0.018 0.002 0.005 0.004 0.027 0.015 0.016 0.002 
 244   (0.027) 0.005 0.002 0.003 0.027 0.040 0.044 0.021 0.017 0.012 0.008 0.018 0.021 0.022 0.003 
 276   (0.012) 0.002 0.001 0.001 0.012 0.005 0.004 0.009 0.001 0.003 0.003 0.007 0.009 0.009 0.001 

Values of parameters used in structure:
DATAFILE=G:\Shared drives\Emily_Schumacher\QUAC_analyses\QUAC_structure_wild_relate\QUAC_allpop_relate_red_12_15_21\project_data,	OUTFILE=G:\Shared drives\Emily_Schumacher\QUAC_analyses\QUAC_structure_wild_relate\QUAC_allpop_relate_red_12_15_21\50-100\Results\50-100_run_66,	NUMINDS=188,	NUMLOCI=15,	MISSING=-9,	LABEL=1,	POPDATA=1,	POPFLAG=0,	PHENOTYPE=0,	EXTRACOLS=0,	MAXPOPS=14,	BURNIN=50000,	NUMREPS=100000,	USEPOPINFO=0,	INFERALPHA=1,	INFERLAMBDA=0,	POPSPECIFICLAMBDA=0,	POPALPHAS=0,	COMPUTEPROB=1,	NOADMIX=0,	ADMBURNIN=2500,	UPDATEFREQ=1,	PRINTLIKES=0,	INTERMEDSAVE=0,	PRINTKLD=0,	PRINTNET=0,	PRINTLAMBDA=0,	ANCESTDIST=0,	NUMBOXES=1000,	ANCESTPINT=0.90000,	GENSBACK=2,	MIGRPRIOR=0.05000,	PRINTQHAT=0,	PRINTQSUM=0,	ALPHA=1.0000,	FREQSCORR=1,	FPRIORMEAN=0.0100,	FPRIORSD=0.0500,	ONEFST=0,	LAMBDA=1.0000,	UNIFPRIORALPHA=1,	ALPHAMAX=10.0000,	ALPHAPRIORA=1.0000,	ALPHAPRIORB=2.0000,	ALPHAPROPSD=0.0250,	STARTATPOPINFO=0,	RANDOMIZE=1,	LINKAGE=0,	METROFREQ=10,	REPORTHITRATE=0,	MARKOVPHASE=-1,	PHASED=0,	PLOIDY=2,	PHASEINFO=0	LOCPRIOR=0, 	LOCPRIORINIT=1.000000, 	LOCDATA=0, 	LOCISPOP=0, 	LOCPRIORSTEP=0.100000, 	MAXLOCPRIOR=20.000000, 	SEED=1639609726,	
[STRAT parameters]:    NUMSIMSTATS=1000,	PHENOTYPECOL=-9,	POOLFREQ=10,	LOCUSxONLY=0,	EMERROR=0.00100,	MISSINGPHENO=-9,	