

----------------------------------------------------
STRUCTURE by Pritchard, Stephens and Donnelly (2000)
     and Falush, Stephens and Pritchard (2003)
       Code by Pritchard, Falush and Hubisz
             Version 2.3.4 (Jul 2012)
----------------------------------------------------



Command line arguments:   bin\structure -m G:\Shared drives\Emily_Schumacher\QUAC_analyses\QUAC_structure_wild_relate\QUAC_allpop_relate_red_12_15_21\50-100\mainparams -e G:\Shared drives\Emily_Schumacher\QUAC_analyses\QUAC_structure_wild_relate\QUAC_allpop_relate_red_12_15_21\50-100\extraparams 
Input File:    G:\Shared drives\Emily_Schumacher\QUAC_analyses\QUAC_structure_wild_relate\QUAC_allpop_relate_red_12_15_21\project_data

Run parameters:
   188 individuals
   15 loci
   17 populations assumed
   50000 Burn-in period
   100000 Reps


--------------------------------------------
Proportion of membership of each pre-defined
 population in each of the 17 clusters

Given    Inferred Clusters                                                                                                         Number of
 Pop       1      2      3      4      5      6      7      8      9     10     11     12     13     14     15     16     17      Individuals

  1:     0.010  0.004  0.009  0.008  0.005  0.009  0.015  0.009  0.009  0.009  0.009  0.868  0.006  0.008  0.012  0.005  0.005        2
  2:     0.034  0.020  0.029  0.021  0.188  0.022  0.089  0.329  0.025  0.028  0.035  0.040  0.014  0.023  0.046  0.045  0.011       17
  3:     0.047  0.027  0.042  0.054  0.013  0.038  0.167  0.230  0.037  0.040  0.048  0.055  0.011  0.029  0.078  0.012  0.074       19
  4:     0.060  0.061  0.053  0.038  0.012  0.050  0.259  0.013  0.040  0.055  0.059  0.105  0.016  0.033  0.110  0.015  0.022       10
  5:     0.013  0.026  0.014  0.011  0.004  0.015  0.014  0.803  0.015  0.014  0.014  0.010  0.006  0.012  0.013  0.009  0.008        2
  6:     0.033  0.006  0.030  0.056  0.151  0.026  0.335  0.012  0.029  0.029  0.028  0.008  0.011  0.020  0.115  0.016  0.096        2
  7:     0.036  0.009  0.033  0.033  0.010  0.035  0.012  0.491  0.039  0.038  0.036  0.007  0.006  0.026  0.036  0.123  0.028        1
  8:     0.006  0.007  0.005  0.005  0.005  0.006  0.006  0.904  0.006  0.006  0.006  0.006  0.007  0.006  0.006  0.009  0.005        1
  9:     0.101  0.005  0.118  0.108  0.005  0.088  0.022  0.017  0.101  0.067  0.088  0.005  0.102  0.056  0.071  0.011  0.035        1
 10:     0.044  0.011  0.048  0.130  0.147  0.073  0.015  0.012  0.045  0.066  0.045  0.006  0.014  0.027  0.034  0.008  0.275        6
 11:     0.054  0.037  0.048  0.076  0.088  0.052  0.092  0.135  0.051  0.051  0.050  0.013  0.018  0.035  0.058  0.024  0.118       16
 12:     0.049  0.019  0.054  0.040  0.003  0.051  0.018  0.016  0.047  0.058  0.039  0.014  0.489  0.038  0.040  0.009  0.016        1
 13:     0.046  0.395  0.041  0.033  0.012  0.034  0.128  0.015  0.038  0.040  0.046  0.024  0.017  0.029  0.067  0.013  0.023       33
 14:     0.024  0.010  0.021  0.053  0.089  0.022  0.019  0.373  0.021  0.022  0.022  0.010  0.019  0.020  0.022  0.140  0.114       21
 15:     0.020  0.013  0.019  0.017  0.028  0.020  0.019  0.011  0.018  0.020  0.019  0.697  0.009  0.015  0.019  0.045  0.012       14
 16:     0.028  0.016  0.028  0.027  0.009  0.025  0.019  0.014  0.030  0.026  0.029  0.012  0.522  0.160  0.027  0.013  0.015       35
 17:     0.111  0.010  0.117  0.099  0.007  0.102  0.029  0.012  0.106  0.087  0.098  0.009  0.021  0.066  0.072  0.014  0.040        7
--------------------------------------------

Allele-freq. divergence among pops (Net nucleotide distance),
computed using point estimates of P.

      1       2       3       4       5       6       7       8       9      10      11      12      13      14      15      16      17      
 1      -    0.0447  0.0002  0.0026  0.0551  0.0008  0.0192  0.0526  0.0003  0.0003  0.0000  0.0442  0.0302  0.0069  0.0016  0.0477  0.0187  
 2   0.0447     -    0.0460  0.0532  0.1032  0.0475  0.0507  0.1042  0.0467  0.0454  0.0442  0.0922  0.0861  0.0561  0.0426  0.1153  0.0751  
 3   0.0002  0.0460     -    0.0023  0.0552  0.0004  0.0198  0.0520  0.0001  0.0002  0.0003  0.0434  0.0291  0.0064  0.0019  0.0469  0.0182  
 4   0.0026  0.0532  0.0023     -    0.0535  0.0021  0.0241  0.0544  0.0021  0.0021  0.0028  0.0489  0.0304  0.0092  0.0048  0.0454  0.0079  
 5   0.0551  0.1032  0.0552  0.0535     -    0.0538  0.0852  0.1034  0.0551  0.0547  0.0564  0.1041  0.0833  0.0592  0.0597  0.0902  0.0596  
 6   0.0008  0.0475  0.0004  0.0021  0.0538     -    0.0215  0.0506  0.0003  0.0002  0.0010  0.0421  0.0274  0.0062  0.0028  0.0441  0.0168  
 7   0.0192  0.0507  0.0198  0.0241  0.0852  0.0215     -    0.0695  0.0207  0.0196  0.0187  0.0690  0.0599  0.0268  0.0098  0.0753  0.0404  
 8   0.0526  0.1042  0.0520  0.0544  0.1034  0.0506  0.0695     -    0.0523  0.0509  0.0530  0.0865  0.0805  0.0535  0.0542  0.0886  0.0672  
 9   0.0003  0.0467  0.0001  0.0021  0.0551  0.0003  0.0207  0.0523     -    0.0002  0.0004  0.0440  0.0279  0.0058  0.0022  0.0465  0.0176  
10   0.0003  0.0454  0.0002  0.0021  0.0547  0.0002  0.0196  0.0509  0.0002     -    0.0004  0.0431  0.0282  0.0064  0.0020  0.0455  0.0170  
11   0.0000  0.0442  0.0003  0.0028  0.0564  0.0010  0.0187  0.0530  0.0004  0.0004     -    0.0449  0.0301  0.0069  0.0015  0.0485  0.0191  
12   0.0442  0.0922  0.0434  0.0489  0.1041  0.0421  0.0690  0.0865  0.0440  0.0431  0.0449     -    0.0773  0.0501  0.0475  0.0954  0.0702  
13   0.0302  0.0861  0.0291  0.0304  0.0833  0.0274  0.0599  0.0805  0.0279  0.0282  0.0301  0.0773     -    0.0144  0.0343  0.0729  0.0449  
14   0.0069  0.0561  0.0064  0.0092  0.0592  0.0062  0.0268  0.0535  0.0058  0.0064  0.0069  0.0501  0.0144     -    0.0085  0.0533  0.0263  
15   0.0016  0.0426  0.0019  0.0048  0.0597  0.0028  0.0098  0.0542  0.0022  0.0020  0.0015  0.0475  0.0343  0.0085     -    0.0521  0.0210  
16   0.0477  0.1153  0.0469  0.0454  0.0902  0.0441  0.0753  0.0886  0.0465  0.0455  0.0485  0.0954  0.0729  0.0533  0.0521     -    0.0544  
17   0.0187  0.0751  0.0182  0.0079  0.0596  0.0168  0.0404  0.0672  0.0176  0.0170  0.0191  0.0702  0.0449  0.0263  0.0210  0.0544     -    

Average distances (expected heterozygosity) between individuals in same cluster:
cluster  1  : 0.6294 
cluster  2  : 0.5130 
cluster  3  : 0.6346 
cluster  4  : 0.6366 
cluster  5  : 0.5227 
cluster  6  : 0.6464 
cluster  7  : 0.5517 
cluster  8  : 0.5024 
cluster  9  : 0.6349 
cluster 10  : 0.6390 
cluster 11  : 0.6284 
cluster 12  : 0.5319 
cluster 13  : 0.5440 
cluster 14  : 0.5949 
cluster 15  : 0.6122 
cluster 16  : 0.6112 
cluster 17  : 0.6206 

--------------------------------------------
Estimated Ln Prob of Data   = -8366.2
Mean value of ln likelihood = -7036.1
Variance of ln likelihood   = 2660.1
Mean value of alpha         = 0.0395

Mean value of Fst_1         = 0.0632
Mean value of Fst_2         = 0.2312
Mean value of Fst_3         = 0.0485
Mean value of Fst_4         = 0.0859
Mean value of Fst_5         = 0.2616
Mean value of Fst_6         = 0.0004
Mean value of Fst_7         = 0.1864
Mean value of Fst_8         = 0.2638
Mean value of Fst_9         = 0.0564
Mean value of Fst_10         = 0.0359
Mean value of Fst_11         = 0.0771
Mean value of Fst_12         = 0.2068
Mean value of Fst_13         = 0.1594
Mean value of Fst_14         = 0.1262
Mean value of Fst_15         = 0.1067
Mean value of Fst_16         = 0.2365
Mean value of Fst_17         = 0.1346


Inferred ancestry of individuals:
        Label (%Miss) Pop:  Inferred clusters
  1 QAc-G-0029    (0)    1 :  0.016 0.005 0.013 0.011 0.006 0.012 0.027 0.012 0.013 0.013 0.014 0.813 0.005 0.009 0.019 0.006 0.006 
  2 QAc-G-0030    (0)    1 :  0.005 0.004 0.005 0.005 0.004 0.005 0.004 0.006 0.005 0.005 0.005 0.924 0.006 0.006 0.005 0.003 0.004 
  3 QAc-G-0062    (0)    2 :  0.031 0.005 0.027 0.020 0.445 0.025 0.013 0.144 0.027 0.025 0.024 0.007 0.045 0.029 0.021 0.099 0.012 
  4 QAc-G-0063    (0)    2 :  0.028 0.023 0.022 0.021 0.006 0.021 0.032 0.685 0.021 0.025 0.027 0.007 0.008 0.018 0.026 0.019 0.013 
  5 QAc-G-0064    (0)    2 :  0.006 0.005 0.006 0.005 0.899 0.006 0.007 0.013 0.006 0.006 0.006 0.005 0.006 0.008 0.006 0.005 0.006 
  6 QAc-G-0065    (0)    2 :  0.005 0.004 0.005 0.006 0.919 0.005 0.005 0.003 0.005 0.005 0.006 0.007 0.003 0.004 0.005 0.004 0.009 
  7 QAc-G-0066    (0)    2 :  0.004 0.004 0.004 0.004 0.003 0.004 0.005 0.929 0.004 0.004 0.005 0.006 0.005 0.004 0.005 0.004 0.004 
  8 QAc-G-0067    (0)    2 :  0.015 0.008 0.015 0.013 0.795 0.016 0.013 0.005 0.016 0.016 0.016 0.019 0.006 0.013 0.016 0.006 0.013 
  9 QAc-G-0068    (0)    2 :  0.006 0.004 0.006 0.008 0.008 0.007 0.004 0.350 0.006 0.007 0.006 0.007 0.016 0.006 0.005 0.547 0.005 
 10 QAc-G-0070    (0)    2 :  0.020 0.006 0.017 0.014 0.014 0.019 0.011 0.695 0.018 0.018 0.018 0.016 0.044 0.049 0.017 0.018 0.007 
 11 QAc-G-0071   (13)    2 :  0.005 0.004 0.005 0.004 0.004 0.004 0.007 0.924 0.005 0.005 0.005 0.007 0.004 0.005 0.005 0.005 0.004 
 12 QAc-G-0072    (0)    2 :  0.007 0.005 0.007 0.006 0.004 0.007 0.009 0.887 0.007 0.007 0.007 0.009 0.010 0.009 0.007 0.006 0.005 
 13 QAc-G-0073    (0)    2 :  0.071 0.013 0.046 0.032 0.004 0.014 0.450 0.004 0.029 0.042 0.089 0.011 0.010 0.028 0.143 0.006 0.008 
 14 QAc-G-0074    (0)    2 :  0.033 0.025 0.037 0.029 0.005 0.025 0.329 0.232 0.033 0.033 0.039 0.004 0.012 0.022 0.120 0.008 0.013 
 15 QAc-G-0075    (0)    2 :  0.028 0.044 0.030 0.021 0.009 0.026 0.510 0.013 0.030 0.028 0.032 0.016 0.007 0.017 0.169 0.007 0.013 
 16 QAc-G-0076    (0)    2 :  0.140 0.080 0.098 0.041 0.029 0.042 0.065 0.007 0.066 0.087 0.153 0.008 0.008 0.055 0.105 0.005 0.012 
 17 QAc-G-0080    (0)    2 :  0.042 0.004 0.052 0.035 0.028 0.058 0.020 0.021 0.046 0.043 0.039 0.516 0.005 0.031 0.035 0.010 0.017 
 18 QAc-G-0081    (0)    2 :  0.112 0.012 0.094 0.090 0.006 0.086 0.022 0.008 0.095 0.097 0.116 0.008 0.045 0.087 0.079 0.006 0.038 
 19 QAc-G-0083    (0)    2 :  0.019 0.093 0.020 0.012 0.013 0.015 0.019 0.681 0.017 0.019 0.017 0.020 0.011 0.016 0.018 0.004 0.007 
 20 QAc-G-0285    (0)    3 :  0.007 0.004 0.005 0.007 0.004 0.006 0.004 0.900 0.006 0.006 0.006 0.008 0.006 0.005 0.005 0.010 0.008 
 21 QAc-G-0287    (0)    3 :  0.004 0.003 0.004 0.004 0.004 0.004 0.006 0.934 0.004 0.004 0.004 0.005 0.005 0.004 0.004 0.003 0.004 
 22 QAc-G-0288    (6)    3 :  0.009 0.010 0.009 0.009 0.006 0.010 0.009 0.843 0.010 0.009 0.009 0.022 0.012 0.009 0.009 0.009 0.007 
 23 QAc-G-0292    (0)    3 :  0.018 0.005 0.015 0.013 0.008 0.012 0.008 0.783 0.015 0.012 0.012 0.004 0.024 0.025 0.012 0.025 0.010 
 24 QAc-G-0294    (0)    3 :  0.155 0.041 0.086 0.078 0.016 0.044 0.048 0.005 0.067 0.073 0.152 0.016 0.005 0.063 0.109 0.020 0.021 
 25 QAc-G-0295    (0)    3 :  0.061 0.028 0.071 0.038 0.020 0.024 0.344 0.022 0.043 0.063 0.054 0.021 0.005 0.032 0.151 0.005 0.018 
 26 QAc-G-0296    (0)    3 :  0.074 0.045 0.043 0.024 0.037 0.020 0.374 0.012 0.033 0.043 0.093 0.005 0.007 0.026 0.147 0.005 0.012 
 27 QAc-G-0297    (0)    3 :  0.079 0.036 0.082 0.058 0.003 0.117 0.182 0.003 0.085 0.086 0.067 0.006 0.008 0.036 0.107 0.008 0.038 
 28 QAc-G-0298    (6)    3 :  0.022 0.011 0.025 0.023 0.009 0.015 0.584 0.008 0.021 0.020 0.019 0.017 0.005 0.014 0.194 0.005 0.009 
 29 QAc-G-0299    (0)    3 :  0.019 0.131 0.014 0.010 0.005 0.012 0.551 0.008 0.014 0.015 0.022 0.005 0.004 0.008 0.164 0.009 0.010 
 30 QAc-G-0300    (0)    3 :  0.075 0.087 0.054 0.032 0.033 0.030 0.294 0.004 0.037 0.053 0.089 0.005 0.017 0.038 0.124 0.009 0.019 
 31 QAc-G-0301    (0)    3 :  0.012 0.019 0.011 0.009 0.040 0.011 0.621 0.012 0.013 0.013 0.016 0.008 0.005 0.009 0.191 0.005 0.008 
 32 QAc-G-0302    (0)    3 :  0.016 0.024 0.022 0.230 0.004 0.019 0.012 0.006 0.023 0.020 0.018 0.005 0.005 0.013 0.017 0.019 0.547 
 33 QAc-G-0303    (0)    3 :  0.017 0.004 0.018 0.207 0.009 0.022 0.008 0.010 0.018 0.020 0.016 0.006 0.024 0.021 0.015 0.042 0.544 
 34 QAc-G-0305    (0)    3 :  0.015 0.005 0.016 0.016 0.005 0.014 0.009 0.783 0.016 0.015 0.015 0.025 0.010 0.013 0.012 0.015 0.016 
 35 QAc-G-0307    (0)    3 :  0.011 0.006 0.010 0.009 0.005 0.011 0.008 0.005 0.010 0.010 0.010 0.848 0.018 0.014 0.010 0.006 0.008 
 36 QAc-G-0313    (0)    3 :  0.108 0.008 0.098 0.075 0.019 0.138 0.026 0.030 0.093 0.111 0.099 0.011 0.015 0.058 0.064 0.014 0.035 
 37 QAc-G-0314    (0)    3 :  0.089 0.027 0.096 0.083 0.009 0.112 0.059 0.003 0.094 0.107 0.108 0.011 0.011 0.062 0.081 0.006 0.042 
 38 QAc-G-0316    (0)    3 :  0.093 0.014 0.117 0.100 0.013 0.100 0.023 0.008 0.097 0.083 0.102 0.023 0.018 0.094 0.066 0.007 0.043 
 39 QAc-G-0033    (0)    4 :  0.013 0.152 0.014 0.008 0.011 0.008 0.547 0.005 0.009 0.019 0.022 0.007 0.008 0.011 0.154 0.004 0.006 
 40 QAc-G-0034    (0)    4 :  0.012 0.010 0.011 0.010 0.008 0.011 0.648 0.004 0.011 0.011 0.011 0.023 0.011 0.014 0.190 0.005 0.011 
 41 QAc-G-0035    (0)    4 :  0.083 0.350 0.063 0.056 0.024 0.038 0.032 0.021 0.045 0.045 0.089 0.012 0.006 0.049 0.060 0.009 0.017 
 42 QAc-G-0036    (0)    4 :  0.012 0.009 0.011 0.008 0.012 0.010 0.656 0.013 0.012 0.011 0.011 0.006 0.008 0.012 0.197 0.006 0.006 
 43 QAc-G-0039    (0)    4 :  0.141 0.022 0.088 0.095 0.009 0.044 0.032 0.007 0.072 0.075 0.150 0.033 0.011 0.065 0.115 0.010 0.030 
 44 QAc-G-0040    (0)    4 :  0.129 0.034 0.096 0.057 0.008 0.058 0.052 0.049 0.062 0.082 0.107 0.010 0.071 0.067 0.087 0.006 0.026 
 45 QAc-G-0045    (0)    4 :  0.051 0.020 0.021 0.009 0.006 0.007 0.569 0.006 0.009 0.028 0.059 0.013 0.005 0.013 0.174 0.004 0.006 
 46 QAc-G-0050    (0)    4 :  0.074 0.004 0.104 0.060 0.006 0.121 0.017 0.012 0.073 0.127 0.064 0.085 0.016 0.036 0.045 0.089 0.068 
 47 QAc-G-0052    (0)    4 :  0.013 0.005 0.014 0.011 0.022 0.014 0.008 0.004 0.013 0.012 0.012 0.827 0.007 0.011 0.012 0.008 0.007 
 48 QAc-G-0056    (0)    4 :  0.071 0.007 0.111 0.061 0.010 0.186 0.024 0.007 0.091 0.142 0.062 0.038 0.023 0.050 0.065 0.014 0.038 
 49 QAc-G-0276    (0)    5 :  0.009 0.023 0.010 0.008 0.003 0.009 0.011 0.855 0.009 0.009 0.010 0.007 0.005 0.010 0.010 0.006 0.005 
 50 QAc-G-0280    (6)    5 :  0.017 0.029 0.018 0.014 0.005 0.021 0.017 0.751 0.020 0.019 0.019 0.012 0.008 0.014 0.016 0.012 0.010 
 51 QAc-G-0018    (0)    6 :  0.014 0.007 0.011 0.013 0.007 0.010 0.649 0.005 0.011 0.012 0.014 0.012 0.006 0.010 0.188 0.019 0.013 
 52 QAc-G-0017    (0)    6 :  0.052 0.004 0.050 0.099 0.295 0.043 0.021 0.018 0.046 0.046 0.041 0.004 0.017 0.030 0.043 0.013 0.178 
 53 QAc-G-0250    (0)    7 :  0.036 0.009 0.033 0.033 0.010 0.035 0.012 0.491 0.039 0.038 0.036 0.007 0.006 0.026 0.036 0.123 0.028 
 54 QAc-G-0003    (6)    8 :  0.006 0.007 0.005 0.005 0.005 0.006 0.006 0.904 0.006 0.006 0.006 0.006 0.007 0.006 0.006 0.009 0.005 
 55 QAc-G-0283    (0)    9 :  0.101 0.005 0.118 0.108 0.005 0.088 0.022 0.017 0.101 0.067 0.088 0.005 0.102 0.056 0.071 0.011 0.035 
 56 QAc-G-0255    (0)   10 :  0.043 0.033 0.028 0.189 0.008 0.033 0.015 0.005 0.056 0.060 0.045 0.004 0.007 0.032 0.044 0.014 0.385 
 57 QAc-G-0256    (0)   10 :  0.009 0.009 0.008 0.233 0.016 0.007 0.008 0.019 0.008 0.009 0.008 0.006 0.004 0.006 0.008 0.007 0.634 
 58 QAc-G-0257    (0)   10 :  0.015 0.004 0.018 0.198 0.084 0.022 0.009 0.004 0.023 0.024 0.016 0.010 0.017 0.015 0.015 0.010 0.516 
 59 QAc-G-0259    (0)   10 :  0.094 0.008 0.119 0.071 0.003 0.211 0.016 0.002 0.063 0.161 0.098 0.003 0.006 0.043 0.056 0.004 0.040 
 60 QAc-G-0260    (0)   10 :  0.058 0.010 0.074 0.058 0.189 0.125 0.019 0.037 0.077 0.098 0.055 0.007 0.047 0.039 0.049 0.007 0.050 
 61 QAc-G-0261    (0)   10 :  0.045 0.005 0.041 0.032 0.579 0.042 0.021 0.005 0.042 0.041 0.044 0.006 0.006 0.027 0.032 0.010 0.022 
 62 QAc-G-0109    (0)   11 :  0.051 0.005 0.062 0.143 0.056 0.061 0.019 0.008 0.068 0.063 0.041 0.013 0.021 0.041 0.039 0.008 0.301 
 63 QAc-G-0113    (0)   11 :  0.023 0.005 0.022 0.184 0.025 0.029 0.014 0.036 0.021 0.025 0.020 0.020 0.008 0.013 0.021 0.113 0.421 
 64 QAc-G-0114    (0)   11 :  0.033 0.098 0.030 0.189 0.005 0.040 0.026 0.009 0.032 0.032 0.025 0.007 0.006 0.019 0.021 0.015 0.413 
 65 QAc-G-0117    (0)   11 :  0.083 0.040 0.067 0.083 0.074 0.056 0.057 0.024 0.064 0.064 0.074 0.011 0.007 0.041 0.074 0.083 0.098 
 66 QAc-G-0120    (0)   11 :  0.076 0.012 0.073 0.122 0.008 0.135 0.019 0.007 0.086 0.096 0.064 0.008 0.009 0.041 0.052 0.011 0.181 
 67 QAc-G-0125    (0)   11 :  0.020 0.005 0.023 0.022 0.658 0.027 0.009 0.049 0.025 0.026 0.019 0.036 0.019 0.019 0.018 0.008 0.019 
 68 QAc-G-0141    (0)   11 :  0.101 0.014 0.094 0.080 0.022 0.078 0.042 0.023 0.081 0.069 0.084 0.025 0.022 0.049 0.083 0.064 0.068 
 69 QAc-G-0143    (0)   11 :  0.118 0.004 0.075 0.063 0.003 0.075 0.034 0.005 0.125 0.109 0.161 0.006 0.004 0.093 0.051 0.004 0.070 
 70 QAc-G-0147    (0)   11 :  0.037 0.009 0.046 0.042 0.412 0.045 0.033 0.010 0.042 0.041 0.031 0.009 0.062 0.050 0.039 0.028 0.065 
 71 QAc-G-0174    (0)   11 :  0.004 0.004 0.004 0.005 0.004 0.004 0.006 0.927 0.004 0.004 0.004 0.004 0.005 0.005 0.005 0.007 0.005 
 72 QAc-G-0182    (0)   11 :  0.006 0.004 0.006 0.006 0.013 0.006 0.005 0.907 0.006 0.006 0.006 0.003 0.004 0.005 0.005 0.004 0.006 
 73 QAc-G-0188    (0)   11 :  0.062 0.018 0.055 0.125 0.007 0.087 0.019 0.134 0.072 0.084 0.057 0.004 0.006 0.037 0.047 0.020 0.165 
 74 QAc-G-0229    (0)   11 :  0.011 0.006 0.012 0.012 0.004 0.012 0.658 0.007 0.012 0.009 0.011 0.006 0.011 0.011 0.202 0.006 0.009 
 75 QAc-G-0233    (0)   11 :  0.072 0.262 0.070 0.048 0.009 0.086 0.029 0.005 0.060 0.075 0.069 0.027 0.067 0.058 0.039 0.006 0.018 
 76 QAc-G-0237    (0)   11 :  0.032 0.025 0.036 0.022 0.056 0.025 0.467 0.008 0.024 0.045 0.030 0.019 0.012 0.022 0.148 0.005 0.023 
 77 QAc-G-0243    (0)   11 :  0.128 0.087 0.090 0.074 0.049 0.062 0.026 0.005 0.087 0.069 0.105 0.012 0.030 0.060 0.082 0.008 0.026 
 78 QAc-G-0249    (0)   12 :  0.049 0.019 0.054 0.040 0.003 0.051 0.018 0.016 0.047 0.058 0.039 0.014 0.489 0.038 0.040 0.009 0.016 
 79 QAc-W-0001    (0)   13 :  0.009 0.834 0.009 0.009 0.013 0.009 0.034 0.003 0.009 0.010 0.011 0.005 0.005 0.007 0.017 0.004 0.013 
 80 QAc-W-0002    (0)   13 :  0.044 0.022 0.035 0.032 0.004 0.029 0.449 0.017 0.036 0.039 0.054 0.006 0.015 0.021 0.158 0.009 0.029 
 81 QAc-W-0003    (0)   13 :  0.017 0.763 0.016 0.015 0.012 0.015 0.018 0.024 0.015 0.015 0.014 0.019 0.005 0.011 0.017 0.011 0.015 
 82 QAc-W-0004    (0)   13 :  0.006 0.900 0.006 0.005 0.004 0.005 0.014 0.005 0.005 0.006 0.008 0.007 0.004 0.005 0.009 0.004 0.004 
 83 QAc-W-0005    (0)   13 :  0.008 0.900 0.007 0.006 0.004 0.006 0.007 0.005 0.007 0.007 0.008 0.004 0.006 0.007 0.007 0.003 0.006 
 84 QAc-W-0007   (13)   13 :  0.008 0.883 0.007 0.007 0.006 0.007 0.013 0.005 0.008 0.007 0.009 0.004 0.007 0.008 0.010 0.004 0.006 
 85 QAc-W-0008    (6)   13 :  0.027 0.693 0.028 0.018 0.004 0.030 0.016 0.007 0.028 0.028 0.025 0.004 0.012 0.024 0.026 0.018 0.013 
 86 QAc-W-0009    (0)   13 :  0.057 0.017 0.087 0.090 0.012 0.062 0.110 0.012 0.067 0.086 0.061 0.009 0.036 0.046 0.097 0.011 0.140 
 87 QAc-W-0010    (0)   13 :  0.024 0.681 0.019 0.022 0.033 0.018 0.016 0.011 0.020 0.019 0.029 0.005 0.025 0.026 0.021 0.012 0.019 
 88 QAc-W-0011    (0)   13 :  0.068 0.367 0.065 0.035 0.013 0.038 0.059 0.031 0.042 0.054 0.074 0.014 0.006 0.042 0.059 0.014 0.021 
 89 QAc-W-0012    (0)   13 :  0.025 0.604 0.026 0.022 0.010 0.023 0.093 0.010 0.022 0.026 0.026 0.012 0.015 0.020 0.043 0.012 0.013 
 90 QAc-W-0013    (0)   13 :  0.109 0.013 0.069 0.050 0.008 0.029 0.147 0.010 0.040 0.068 0.120 0.146 0.007 0.038 0.092 0.007 0.049 
 91 QAc-W-0014    (0)   13 :  0.013 0.824 0.012 0.011 0.005 0.010 0.017 0.007 0.010 0.010 0.017 0.005 0.017 0.015 0.014 0.005 0.006 
 92 QAc-W-0015    (0)   13 :  0.073 0.012 0.041 0.032 0.004 0.022 0.305 0.130 0.036 0.042 0.085 0.011 0.017 0.039 0.129 0.005 0.017 
 93 QAc-W-0017    (0)   13 :  0.104 0.010 0.102 0.083 0.007 0.087 0.052 0.028 0.101 0.086 0.078 0.020 0.033 0.071 0.080 0.020 0.038 
 94 QAc-W-0018    (0)   13 :  0.058 0.385 0.040 0.053 0.013 0.061 0.027 0.004 0.056 0.049 0.056 0.038 0.009 0.037 0.050 0.033 0.030 
 95 QAc-W-0020    (0)   13 :  0.023 0.786 0.020 0.017 0.010 0.018 0.009 0.005 0.022 0.017 0.019 0.004 0.004 0.013 0.016 0.009 0.008 
 96 QAc-W-0021    (0)   13 :  0.056 0.313 0.050 0.057 0.009 0.060 0.025 0.006 0.062 0.060 0.058 0.107 0.009 0.030 0.055 0.011 0.031 
 97 QAc-W-0022    (0)   13 :  0.101 0.020 0.083 0.068 0.008 0.075 0.104 0.033 0.078 0.085 0.106 0.012 0.024 0.055 0.108 0.008 0.031 
 98 QAc-W-0023    (6)   13 :  0.104 0.115 0.070 0.047 0.033 0.057 0.096 0.004 0.077 0.074 0.088 0.022 0.034 0.047 0.093 0.006 0.035 
 99 QAc-W-0024    (0)   13 :  0.053 0.366 0.050 0.054 0.005 0.051 0.026 0.019 0.060 0.041 0.049 0.106 0.009 0.037 0.042 0.006 0.026 
100 QAc-W-0025    (0)   13 :  0.032 0.321 0.038 0.027 0.004 0.029 0.280 0.005 0.023 0.036 0.039 0.016 0.010 0.027 0.090 0.009 0.014 
101 QAc-W-0026    (0)   13 :  0.034 0.411 0.036 0.027 0.023 0.045 0.052 0.035 0.042 0.047 0.041 0.075 0.026 0.030 0.038 0.017 0.021 
102 QAc-W-0027    (0)   13 :  0.013 0.082 0.016 0.014 0.004 0.014 0.588 0.004 0.014 0.014 0.014 0.004 0.011 0.014 0.177 0.006 0.012 
103 QAc-W-0028    (0)   13 :  0.034 0.576 0.033 0.025 0.004 0.019 0.096 0.009 0.038 0.026 0.032 0.005 0.010 0.022 0.052 0.005 0.014 
104 QAc-W-0029    (0)   13 :  0.091 0.245 0.066 0.034 0.017 0.022 0.150 0.003 0.039 0.055 0.095 0.007 0.004 0.038 0.092 0.023 0.019 
105 QAc-W-0032    (0)   13 :  0.014 0.813 0.013 0.010 0.024 0.011 0.018 0.003 0.011 0.010 0.016 0.007 0.010 0.013 0.018 0.004 0.006 
106 QAc-W-0033    (0)   13 :  0.079 0.147 0.080 0.052 0.029 0.096 0.033 0.006 0.076 0.094 0.067 0.012 0.026 0.040 0.065 0.073 0.025 
107 QAc-W-0035    (0)   13 :  0.038 0.101 0.052 0.030 0.007 0.040 0.333 0.016 0.043 0.052 0.043 0.019 0.022 0.036 0.124 0.026 0.018 
108 QAc-W-0037    (0)   13 :  0.011 0.026 0.012 0.009 0.015 0.012 0.632 0.007 0.011 0.014 0.016 0.014 0.007 0.009 0.191 0.008 0.007 
109 QAc-W-0038    (0)   13 :  0.082 0.156 0.087 0.078 0.010 0.060 0.073 0.022 0.096 0.062 0.071 0.007 0.010 0.055 0.093 0.008 0.030 
110 QAc-W-0040    (0)   13 :  0.019 0.623 0.019 0.014 0.022 0.024 0.018 0.009 0.021 0.018 0.016 0.014 0.111 0.040 0.019 0.005 0.009 
111 QAc-W-0041    (0)   13 :  0.082 0.039 0.050 0.033 0.005 0.028 0.303 0.012 0.032 0.054 0.090 0.057 0.009 0.022 0.121 0.032 0.029 
112 QAc-W-0042    (0)   14 :  0.033 0.007 0.024 0.096 0.309 0.016 0.016 0.025 0.021 0.021 0.031 0.014 0.007 0.013 0.026 0.062 0.281 
113 QAc-W-0044    (0)   14 :  0.095 0.009 0.057 0.048 0.147 0.025 0.084 0.115 0.039 0.044 0.095 0.004 0.025 0.037 0.077 0.025 0.076 
114 QAc-W-0045    (0)   14 :  0.015 0.007 0.017 0.206 0.029 0.020 0.014 0.009 0.016 0.026 0.013 0.008 0.005 0.010 0.016 0.063 0.526 
115 QAc-W-0048    (0)   14 :  0.022 0.011 0.024 0.186 0.073 0.030 0.016 0.005 0.022 0.025 0.019 0.016 0.006 0.013 0.023 0.010 0.499 
116 QAc-W-0050    (0)   14 :  0.019 0.004 0.017 0.060 0.020 0.020 0.011 0.007 0.020 0.022 0.017 0.005 0.011 0.013 0.019 0.600 0.134 
117 QAc-W-0051    (0)   14 :  0.012 0.007 0.014 0.018 0.095 0.013 0.007 0.015 0.012 0.013 0.011 0.014 0.004 0.010 0.011 0.716 0.029 
118 QAc-W-0052    (0)   14 :  0.005 0.010 0.005 0.005 0.917 0.004 0.005 0.006 0.004 0.005 0.005 0.003 0.004 0.005 0.005 0.004 0.006 
119 QAc-W-0053    (0)   14 :  0.016 0.008 0.011 0.226 0.017 0.012 0.008 0.006 0.013 0.012 0.013 0.005 0.008 0.009 0.012 0.014 0.609 
120 QAc-W-0054    (0)   14 :  0.061 0.008 0.049 0.060 0.080 0.067 0.023 0.120 0.063 0.062 0.051 0.008 0.021 0.049 0.054 0.182 0.041 
121 QAc-W-0056    (0)   14 :  0.049 0.043 0.054 0.042 0.007 0.066 0.064 0.009 0.051 0.057 0.038 0.010 0.009 0.024 0.055 0.397 0.023 
122 QAc-W-0057    (0)   14 :  0.028 0.006 0.028 0.040 0.010 0.033 0.018 0.031 0.021 0.024 0.024 0.024 0.014 0.016 0.025 0.598 0.057 
123 QAc-W-0060    (0)   14 :  0.009 0.004 0.012 0.009 0.044 0.013 0.021 0.802 0.011 0.010 0.009 0.005 0.012 0.011 0.014 0.006 0.008 
124 QAc-W-0061    (0)   14 :  0.032 0.011 0.034 0.031 0.006 0.035 0.034 0.522 0.039 0.035 0.030 0.011 0.065 0.039 0.032 0.022 0.022 
125 QAc-W-0062    (0)   14 :  0.006 0.004 0.006 0.006 0.016 0.005 0.005 0.887 0.006 0.006 0.006 0.007 0.011 0.010 0.006 0.007 0.005 
126 QAc-W-0063    (0)   14 :  0.013 0.013 0.018 0.013 0.057 0.019 0.006 0.739 0.016 0.015 0.015 0.017 0.012 0.015 0.013 0.008 0.010 
127 QAc-W-0064    (0)   14 :  0.010 0.015 0.010 0.010 0.005 0.010 0.006 0.848 0.011 0.009 0.009 0.007 0.009 0.013 0.009 0.009 0.008 
128 QAc-W-0065    (0)   14 :  0.019 0.008 0.021 0.020 0.007 0.021 0.020 0.721 0.021 0.018 0.023 0.011 0.016 0.024 0.018 0.019 0.014 
129 QAc-W-0066    (0)   14 :  0.004 0.004 0.004 0.004 0.003 0.004 0.005 0.936 0.004 0.004 0.004 0.008 0.003 0.004 0.004 0.003 0.003 
130 QAc-W-0072    (0)   14 :  0.027 0.016 0.022 0.018 0.005 0.024 0.016 0.382 0.026 0.025 0.018 0.008 0.139 0.080 0.020 0.164 0.011 
131 QAc-W-0073    (0)   14 :  0.025 0.008 0.018 0.021 0.009 0.018 0.011 0.726 0.022 0.019 0.020 0.011 0.009 0.020 0.020 0.020 0.023 
132 QAc-W-0077    (0)   14 :  0.005 0.005 0.005 0.005 0.005 0.005 0.005 0.923 0.004 0.005 0.004 0.003 0.005 0.005 0.005 0.006 0.006 
133 QAc-W-0078    (0)   15 :  0.030 0.013 0.034 0.020 0.015 0.044 0.020 0.014 0.030 0.039 0.029 0.626 0.020 0.018 0.029 0.007 0.012 
134 QAc-W-0079    (6)   15 :  0.006 0.005 0.006 0.007 0.003 0.007 0.008 0.007 0.007 0.007 0.007 0.900 0.006 0.007 0.007 0.005 0.007 
135 QAc-W-0081    (0)   15 :  0.009 0.009 0.007 0.006 0.010 0.007 0.005 0.005 0.007 0.007 0.007 0.894 0.005 0.006 0.007 0.005 0.005 
136 QAc-W-0082    (0)   15 :  0.006 0.003 0.006 0.007 0.002 0.006 0.006 0.004 0.006 0.005 0.005 0.418 0.004 0.005 0.006 0.505 0.006 
137 QAc-W-0083    (0)   15 :  0.010 0.007 0.010 0.009 0.009 0.009 0.008 0.024 0.009 0.010 0.008 0.833 0.010 0.013 0.009 0.015 0.008 
138 QAc-W-0086    (0)   15 :  0.009 0.007 0.008 0.008 0.005 0.008 0.008 0.008 0.008 0.008 0.008 0.871 0.010 0.007 0.008 0.012 0.006 
139 QAc-W-0087    (0)   15 :  0.006 0.004 0.006 0.007 0.003 0.006 0.005 0.004 0.006 0.006 0.006 0.907 0.007 0.007 0.006 0.005 0.008 
140 QAc-W-0088    (0)   15 :  0.014 0.006 0.017 0.017 0.004 0.018 0.012 0.006 0.016 0.016 0.017 0.801 0.007 0.012 0.015 0.009 0.012 
141 QAc-W-0092    (0)   15 :  0.035 0.023 0.026 0.023 0.018 0.026 0.073 0.008 0.023 0.035 0.039 0.577 0.010 0.017 0.045 0.006 0.016 
142 QAc-W-0093    (0)   15 :  0.030 0.024 0.030 0.023 0.010 0.026 0.019 0.004 0.021 0.027 0.025 0.675 0.014 0.020 0.025 0.014 0.015 
143 QAc-W-0094    (0)   15 :  0.038 0.044 0.045 0.044 0.267 0.047 0.012 0.025 0.044 0.043 0.038 0.237 0.007 0.034 0.030 0.013 0.031 
144 QAc-W-0097    (0)   15 :  0.032 0.025 0.030 0.023 0.016 0.027 0.060 0.007 0.025 0.031 0.028 0.610 0.005 0.018 0.037 0.009 0.016 
145 QAc-W-0099    (0)   15 :  0.046 0.004 0.035 0.036 0.016 0.043 0.019 0.004 0.039 0.042 0.039 0.553 0.012 0.036 0.036 0.013 0.027 
146 QAc-W-0107    (0)   15 :  0.008 0.006 0.009 0.008 0.007 0.009 0.006 0.030 0.009 0.008 0.009 0.854 0.006 0.009 0.008 0.008 0.005 
147 QAc-W-0115    (0)   16 :  0.012 0.012 0.012 0.011 0.006 0.012 0.019 0.006 0.013 0.013 0.013 0.008 0.504 0.331 0.015 0.004 0.006 
148 QAc-W-0116    (0)   16 :  0.035 0.007 0.031 0.036 0.014 0.038 0.024 0.003 0.041 0.039 0.037 0.007 0.524 0.093 0.037 0.010 0.026 
149 QAc-W-0117    (0)   16 :  0.014 0.005 0.014 0.017 0.004 0.010 0.009 0.004 0.012 0.012 0.015 0.004 0.814 0.037 0.013 0.005 0.012 
150 QAc-W-0118    (0)   16 :  0.015 0.008 0.021 0.015 0.006 0.018 0.012 0.043 0.019 0.020 0.016 0.024 0.539 0.208 0.017 0.009 0.011 
151 QAc-W-0119    (0)   16 :  0.024 0.006 0.025 0.020 0.007 0.027 0.011 0.009 0.024 0.029 0.019 0.007 0.715 0.033 0.022 0.015 0.009 
152 QAc-W-0120    (0)   16 :  0.035 0.010 0.034 0.032 0.005 0.048 0.016 0.016 0.041 0.051 0.044 0.010 0.514 0.087 0.030 0.007 0.021 
153 QAc-W-0121    (0)   16 :  0.020 0.006 0.016 0.020 0.003 0.016 0.008 0.038 0.020 0.021 0.017 0.004 0.730 0.025 0.017 0.031 0.008 
154 QAc-W-0122    (0)   16 :  0.044 0.018 0.039 0.052 0.004 0.031 0.012 0.006 0.064 0.037 0.048 0.006 0.311 0.250 0.054 0.006 0.019 
155 QAc-W-0123    (6)   16 :  0.028 0.004 0.035 0.028 0.017 0.024 0.015 0.008 0.029 0.027 0.030 0.011 0.519 0.170 0.034 0.006 0.015 
156 QAc-W-0124    (0)   16 :  0.024 0.015 0.019 0.018 0.007 0.018 0.034 0.057 0.028 0.018 0.021 0.053 0.318 0.333 0.022 0.006 0.007 
157 QAc-W-0125    (0)   16 :  0.015 0.009 0.014 0.012 0.008 0.013 0.013 0.006 0.016 0.014 0.013 0.020 0.717 0.098 0.015 0.007 0.012 
158 QAc-W-0132    (6)   16 :  0.028 0.017 0.037 0.027 0.021 0.034 0.041 0.041 0.031 0.032 0.026 0.033 0.336 0.240 0.036 0.008 0.012 
159 QAc-W-0134    (0)   16 :  0.007 0.005 0.007 0.007 0.007 0.007 0.008 0.006 0.008 0.007 0.008 0.006 0.824 0.073 0.008 0.004 0.007 
160 QAc-W-0135    (0)   16 :  0.024 0.107 0.021 0.022 0.004 0.022 0.023 0.032 0.022 0.023 0.022 0.008 0.367 0.267 0.022 0.005 0.010 
161 QAc-W-0136    (0)   16 :  0.008 0.005 0.009 0.007 0.007 0.009 0.006 0.004 0.009 0.009 0.009 0.005 0.663 0.229 0.008 0.005 0.006 
162 QAc-W-0138    (0)   16 :  0.012 0.007 0.009 0.009 0.007 0.009 0.007 0.005 0.011 0.008 0.012 0.004 0.689 0.192 0.010 0.006 0.006 
163 QAc-W-0140    (0)   16 :  0.019 0.008 0.021 0.025 0.005 0.015 0.019 0.006 0.024 0.020 0.023 0.005 0.728 0.030 0.025 0.008 0.021 
164 QAc-W-0141    (6)   16 :  0.093 0.020 0.089 0.102 0.007 0.056 0.055 0.015 0.092 0.061 0.100 0.008 0.104 0.070 0.082 0.010 0.037 
165 QAc-W-0142    (0)   16 :  0.008 0.004 0.008 0.009 0.004 0.008 0.005 0.016 0.008 0.008 0.007 0.005 0.842 0.044 0.006 0.012 0.006 
166 QAc-W-0143    (0)   16 :  0.014 0.009 0.017 0.016 0.006 0.022 0.018 0.004 0.019 0.026 0.017 0.028 0.653 0.114 0.012 0.013 0.014 
167 QAc-W-0145    (0)   16 :  0.012 0.004 0.012 0.012 0.004 0.011 0.005 0.005 0.017 0.010 0.011 0.004 0.510 0.362 0.011 0.005 0.007 
168 QAc-W-0148    (0)   16 :  0.007 0.007 0.008 0.007 0.007 0.007 0.011 0.005 0.008 0.008 0.007 0.004 0.597 0.295 0.009 0.006 0.006 
169 QAc-W-0149    (0)   16 :  0.086 0.012 0.059 0.057 0.030 0.051 0.019 0.009 0.078 0.057 0.073 0.010 0.156 0.187 0.078 0.009 0.030 
170 QAc-W-0150    (0)   16 :  0.056 0.080 0.045 0.057 0.018 0.043 0.039 0.006 0.053 0.052 0.062 0.025 0.202 0.168 0.064 0.009 0.021 
171 QAc-W-0151    (0)   16 :  0.015 0.009 0.017 0.016 0.006 0.020 0.039 0.005 0.018 0.017 0.014 0.010 0.456 0.325 0.018 0.008 0.008 
172 QAc-W-0152    (0)   16 :  0.010 0.005 0.010 0.009 0.005 0.010 0.009 0.016 0.010 0.010 0.009 0.005 0.481 0.378 0.011 0.012 0.011 
173 QAc-W-0153    (0)   16 :  0.106 0.005 0.124 0.136 0.004 0.061 0.037 0.013 0.107 0.077 0.117 0.026 0.018 0.056 0.077 0.004 0.031 
174 QAc-W-0154    (0)   16 :  0.027 0.045 0.029 0.023 0.004 0.034 0.015 0.004 0.029 0.033 0.031 0.006 0.569 0.109 0.028 0.006 0.009 
175 QAc-W-0157    (0)   16 :  0.032 0.005 0.037 0.030 0.029 0.047 0.021 0.019 0.033 0.038 0.032 0.004 0.568 0.045 0.034 0.009 0.017 
176 QAc-W-0158    (0)   16 :  0.029 0.046 0.028 0.018 0.008 0.022 0.055 0.017 0.028 0.028 0.035 0.033 0.389 0.208 0.037 0.006 0.013 
177 QAc-W-0159    (0)   16 :  0.010 0.008 0.010 0.012 0.007 0.010 0.008 0.003 0.011 0.010 0.009 0.007 0.844 0.026 0.010 0.008 0.006 
178 QAc-W-0160    (0)   16 :  0.027 0.026 0.036 0.021 0.004 0.038 0.023 0.004 0.032 0.031 0.037 0.009 0.545 0.120 0.031 0.005 0.010 
179 QAc-W-0162    (0)   16 :  0.016 0.004 0.018 0.024 0.020 0.020 0.010 0.031 0.019 0.020 0.017 0.007 0.541 0.154 0.015 0.057 0.027 
180 QAc-W-0163    (0)   16 :  0.035 0.007 0.030 0.030 0.010 0.039 0.014 0.008 0.033 0.031 0.021 0.005 0.518 0.044 0.028 0.116 0.032 
181 QAc-W-0164    (0)   16 :  0.024 0.007 0.028 0.025 0.009 0.033 0.021 0.025 0.038 0.032 0.031 0.010 0.450 0.199 0.027 0.021 0.019 
182 QAc-W-0167    (0)   17 :  0.127 0.006 0.132 0.141 0.006 0.064 0.014 0.008 0.117 0.054 0.115 0.019 0.007 0.065 0.065 0.010 0.050 
183 QAc-W-0168    (0)   17 :  0.098 0.009 0.083 0.066 0.008 0.111 0.034 0.036 0.088 0.090 0.085 0.013 0.095 0.070 0.071 0.012 0.031 
184 QAc-W-0169    (0)   17 :  0.102 0.019 0.108 0.069 0.004 0.123 0.028 0.011 0.107 0.123 0.082 0.004 0.006 0.058 0.075 0.048 0.033 
185 QAc-W-0170    (0)   17 :  0.113 0.012 0.103 0.075 0.004 0.128 0.061 0.004 0.105 0.113 0.085 0.007 0.011 0.056 0.080 0.008 0.037 
186 QAc-W-0172    (0)   17 :  0.090 0.008 0.110 0.073 0.014 0.176 0.028 0.002 0.113 0.120 0.089 0.011 0.007 0.054 0.075 0.006 0.023 
187 QAc-W-0173    (0)   17 :  0.128 0.011 0.136 0.144 0.005 0.050 0.022 0.008 0.108 0.046 0.114 0.006 0.013 0.084 0.070 0.006 0.050 
188 QAc-W-0174    (0)   17 :  0.116 0.004 0.148 0.126 0.004 0.063 0.019 0.012 0.105 0.059 0.116 0.006 0.008 0.077 0.070 0.011 0.053 


Estimated Allele Frequencies in each cluster
First column gives estimated ancestral frequencies


Locus 1 : 
18 alleles
0.0% missing data
 210   (0.115) 0.108 0.017 0.111 0.157 0.029 0.115 0.079 0.009 0.117 0.112 0.106 0.150 0.188 0.132 0.108 0.081 0.225 
 212   (0.122) 0.128 0.048 0.122 0.104 0.023 0.122 0.344 0.094 0.122 0.125 0.130 0.272 0.052 0.162 0.188 0.088 0.058 
 202   (0.055) 0.047 0.066 0.048 0.040 0.300 0.056 0.037 0.003 0.049 0.050 0.046 0.143 0.007 0.030 0.045 0.019 0.024 
 226   (0.036) 0.027 0.004 0.029 0.026 0.229 0.036 0.009 0.206 0.029 0.032 0.025 0.013 0.005 0.018 0.021 0.037 0.023 
 216   (0.075) 0.065 0.020 0.070 0.061 0.182 0.075 0.021 0.020 0.069 0.069 0.062 0.169 0.137 0.080 0.053 0.036 0.055 
 200   (0.244) 0.313 0.518 0.284 0.259 0.117 0.244 0.365 0.315 0.277 0.278 0.329 0.090 0.158 0.233 0.323 0.146 0.219 
 224   (0.042) 0.046 0.009 0.044 0.033 0.009 0.042 0.028 0.147 0.045 0.043 0.046 0.011 0.007 0.028 0.039 0.020 0.019 
 218   (0.056) 0.045 0.078 0.050 0.038 0.010 0.056 0.023 0.005 0.051 0.053 0.045 0.105 0.155 0.080 0.038 0.051 0.023 
 228   (0.012) 0.008 0.001 0.008 0.006 0.002 0.012 0.002 0.074 0.008 0.010 0.007 0.001 0.001 0.005 0.006 0.003 0.004 
 214   (0.062) 0.055 0.007 0.058 0.084 0.039 0.061 0.016 0.116 0.055 0.056 0.049 0.008 0.019 0.047 0.042 0.460 0.140 
 208   (0.060) 0.064 0.214 0.072 0.079 0.017 0.060 0.042 0.004 0.072 0.063 0.063 0.024 0.008 0.043 0.059 0.020 0.073 
 220   (0.029) 0.027 0.003 0.030 0.024 0.005 0.029 0.010 0.002 0.031 0.027 0.028 0.003 0.014 0.018 0.023 0.010 0.013 
 196   (0.012) 0.009 0.001 0.010 0.007 0.002 0.012 0.003 0.001 0.010 0.011 0.008 0.002 0.002 0.006 0.007 0.003 0.005 
 238   (0.010) 0.010 0.001 0.011 0.009 0.002 0.010 0.003 0.001 0.010 0.009 0.009 0.001 0.003 0.006 0.007 0.003 0.005 
 206   (0.020) 0.014 0.003 0.016 0.027 0.004 0.020 0.006 0.001 0.016 0.018 0.014 0.003 0.026 0.014 0.012 0.006 0.049 
 190   (0.010) 0.007 0.001 0.008 0.006 0.001 0.010 0.002 0.001 0.008 0.009 0.007 0.001 0.001 0.005 0.006 0.003 0.004 
 222   (0.026) 0.018 0.007 0.020 0.017 0.024 0.026 0.007 0.002 0.022 0.023 0.019 0.004 0.216 0.087 0.015 0.008 0.010 
 232   (0.012) 0.009 0.001 0.009 0.023 0.003 0.012 0.003 0.001 0.009 0.011 0.008 0.001 0.002 0.005 0.006 0.005 0.049 

Locus 2 : 
15 alleles
2.1% missing data
 171   (0.209) 0.231 0.314 0.213 0.279 0.234 0.209 0.383 0.019 0.217 0.216 0.229 0.179 0.063 0.150 0.276 0.230 0.404 
 175   (0.099) 0.088 0.043 0.090 0.069 0.198 0.099 0.062 0.022 0.092 0.094 0.088 0.259 0.032 0.059 0.081 0.266 0.043 
 185   (0.055) 0.047 0.008 0.050 0.042 0.013 0.056 0.019 0.005 0.053 0.054 0.048 0.081 0.223 0.105 0.042 0.024 0.024 
 179   (0.070) 0.068 0.008 0.071 0.059 0.254 0.070 0.023 0.328 0.074 0.066 0.067 0.009 0.209 0.233 0.055 0.031 0.033 
 181   (0.096) 0.108 0.032 0.096 0.104 0.035 0.096 0.122 0.267 0.093 0.101 0.108 0.350 0.013 0.060 0.109 0.094 0.115 
 173   (0.186) 0.197 0.183 0.203 0.181 0.176 0.186 0.213 0.234 0.189 0.201 0.200 0.040 0.223 0.164 0.207 0.196 0.170 
 177   (0.037) 0.029 0.004 0.031 0.025 0.007 0.037 0.011 0.101 0.031 0.034 0.029 0.005 0.077 0.057 0.023 0.045 0.015 
 187   (0.092) 0.095 0.106 0.104 0.094 0.017 0.093 0.114 0.013 0.103 0.087 0.096 0.012 0.029 0.066 0.096 0.065 0.063 
 183   (0.062) 0.061 0.008 0.062 0.081 0.016 0.062 0.020 0.004 0.068 0.063 0.061 0.020 0.110 0.047 0.051 0.021 0.081 
 189   (0.030) 0.026 0.289 0.027 0.021 0.005 0.030 0.018 0.002 0.027 0.028 0.025 0.003 0.013 0.026 0.023 0.010 0.012 
 191   (0.020) 0.015 0.003 0.018 0.019 0.039 0.020 0.005 0.001 0.017 0.018 0.015 0.037 0.003 0.011 0.012 0.007 0.023 
 163   (0.012) 0.008 0.001 0.009 0.007 0.002 0.012 0.003 0.001 0.009 0.010 0.008 0.001 0.001 0.005 0.006 0.003 0.004 
 165   (0.011) 0.007 0.001 0.008 0.006 0.002 0.011 0.002 0.001 0.008 0.009 0.008 0.001 0.001 0.005 0.006 0.003 0.004 
 193   (0.011) 0.010 0.001 0.009 0.007 0.002 0.011 0.003 0.001 0.011 0.010 0.011 0.001 0.001 0.007 0.005 0.003 0.005 
 167   (0.011) 0.008 0.001 0.009 0.007 0.002 0.011 0.003 0.001 0.009 0.010 0.008 0.001 0.001 0.005 0.006 0.003 0.004 

Locus 3 : 
4 alleles
1.1% missing data
 206   (0.893) 0.908 0.683 0.900 0.900 0.886 0.893 0.967 0.948 0.902 0.903 0.909 0.976 0.983 0.938 0.928 0.930 0.902 
 208   (0.055) 0.045 0.311 0.049 0.053 0.011 0.055 0.018 0.019 0.048 0.049 0.044 0.007 0.009 0.032 0.036 0.054 0.061 
 204   (0.039) 0.031 0.004 0.034 0.030 0.101 0.039 0.010 0.033 0.034 0.034 0.030 0.015 0.006 0.021 0.025 0.012 0.031 
 212   (0.014) 0.015 0.001 0.017 0.017 0.002 0.014 0.005 0.001 0.016 0.014 0.016 0.002 0.002 0.010 0.011 0.004 0.007 

Locus 4 : 
15 alleles
1.1% missing data
 165   (0.079) 0.096 0.013 0.093 0.080 0.052 0.079 0.040 0.170 0.083 0.082 0.093 0.471 0.011 0.056 0.080 0.069 0.038 
 163   (0.206) 0.233 0.087 0.228 0.253 0.078 0.206 0.092 0.029 0.231 0.205 0.232 0.030 0.289 0.235 0.195 0.173 0.271 
 167   (0.146) 0.140 0.238 0.143 0.134 0.481 0.146 0.182 0.009 0.141 0.139 0.132 0.065 0.168 0.110 0.156 0.152 0.109 
 161   (0.351) 0.348 0.481 0.347 0.351 0.328 0.351 0.615 0.779 0.350 0.369 0.358 0.125 0.465 0.458 0.426 0.485 0.405 
 153   (0.014) 0.016 0.009 0.016 0.010 0.003 0.014 0.005 0.001 0.014 0.016 0.018 0.002 0.002 0.010 0.013 0.005 0.006 
 173   (0.030) 0.024 0.003 0.024 0.024 0.005 0.030 0.008 0.002 0.026 0.027 0.025 0.263 0.004 0.016 0.017 0.053 0.024 
 171   (0.038) 0.036 0.004 0.037 0.042 0.030 0.038 0.011 0.003 0.040 0.040 0.036 0.005 0.006 0.026 0.030 0.016 0.041 
 179   (0.012) 0.009 0.001 0.009 0.007 0.002 0.012 0.004 0.001 0.010 0.010 0.009 0.001 0.001 0.005 0.007 0.003 0.005 
 157   (0.022) 0.016 0.149 0.017 0.017 0.004 0.022 0.014 0.001 0.018 0.019 0.016 0.003 0.003 0.010 0.015 0.007 0.016 
 149   (0.011) 0.008 0.001 0.008 0.013 0.002 0.011 0.002 0.001 0.008 0.009 0.007 0.001 0.002 0.005 0.006 0.006 0.021 
 177   (0.023) 0.021 0.003 0.021 0.017 0.004 0.023 0.008 0.001 0.021 0.021 0.021 0.011 0.003 0.013 0.017 0.007 0.010 
 155   (0.016) 0.012 0.005 0.013 0.010 0.003 0.016 0.005 0.001 0.013 0.014 0.013 0.002 0.003 0.009 0.009 0.005 0.007 
 175   (0.011) 0.008 0.001 0.009 0.009 0.002 0.011 0.002 0.001 0.009 0.010 0.008 0.001 0.001 0.005 0.007 0.003 0.007 
 169   (0.022) 0.019 0.002 0.018 0.022 0.004 0.022 0.006 0.001 0.020 0.019 0.019 0.017 0.003 0.012 0.012 0.008 0.032 
 159   (0.021) 0.015 0.002 0.016 0.012 0.003 0.021 0.005 0.001 0.016 0.018 0.015 0.002 0.038 0.030 0.012 0.006 0.008 

Locus 5 : 
16 alleles
0.0% missing data
 148   (0.122) 0.113 0.105 0.115 0.115 0.029 0.122 0.184 0.200 0.119 0.116 0.114 0.285 0.053 0.089 0.131 0.033 0.102 
 160   (0.025) 0.020 0.004 0.020 0.020 0.058 0.025 0.007 0.002 0.020 0.021 0.018 0.060 0.003 0.012 0.015 0.006 0.023 
 154   (0.081) 0.078 0.019 0.076 0.066 0.056 0.081 0.030 0.057 0.084 0.079 0.073 0.027 0.234 0.138 0.063 0.073 0.038 
 150   (0.057) 0.058 0.065 0.055 0.057 0.012 0.057 0.033 0.011 0.053 0.057 0.057 0.009 0.008 0.034 0.049 0.411 0.065 
 138   (0.125) 0.115 0.024 0.130 0.108 0.325 0.125 0.069 0.086 0.124 0.125 0.112 0.149 0.238 0.179 0.108 0.054 0.097 
 166   (0.031) 0.023 0.032 0.025 0.071 0.259 0.031 0.008 0.002 0.023 0.028 0.021 0.013 0.004 0.014 0.018 0.009 0.160 
 146   (0.092) 0.083 0.031 0.094 0.091 0.076 0.092 0.039 0.309 0.088 0.086 0.082 0.167 0.019 0.058 0.071 0.031 0.094 
 164   (0.016) 0.012 0.002 0.013 0.010 0.036 0.016 0.004 0.001 0.013 0.014 0.011 0.002 0.002 0.008 0.010 0.004 0.006 
 142   (0.018) 0.013 0.002 0.013 0.013 0.003 0.018 0.004 0.002 0.013 0.015 0.011 0.002 0.023 0.008 0.010 0.205 0.007 
 144   (0.142) 0.165 0.069 0.158 0.183 0.052 0.142 0.342 0.298 0.152 0.154 0.172 0.026 0.153 0.146 0.214 0.071 0.224 
 140   (0.089) 0.090 0.188 0.090 0.076 0.017 0.089 0.206 0.006 0.095 0.090 0.095 0.020 0.208 0.139 0.121 0.023 0.041 
 158   (0.045) 0.061 0.009 0.052 0.038 0.030 0.045 0.020 0.003 0.047 0.053 0.064 0.084 0.017 0.037 0.047 0.016 0.033 
 162   (0.028) 0.026 0.003 0.029 0.023 0.005 0.028 0.009 0.002 0.027 0.025 0.025 0.129 0.004 0.016 0.020 0.019 0.014 
 152   (0.091) 0.110 0.443 0.096 0.092 0.018 0.091 0.034 0.020 0.106 0.099 0.113 0.012 0.027 0.101 0.096 0.033 0.052 
 134   (0.017) 0.015 0.002 0.014 0.025 0.003 0.017 0.005 0.001 0.017 0.019 0.014 0.002 0.002 0.011 0.013 0.006 0.035 
 156   (0.021) 0.019 0.003 0.019 0.014 0.021 0.021 0.007 0.001 0.019 0.019 0.017 0.012 0.003 0.011 0.015 0.005 0.009 

Locus 6 : 
12 alleles
0.0% missing data
 225   (0.046) 0.037 0.011 0.040 0.032 0.007 0.046 0.012 0.143 0.040 0.041 0.036 0.126 0.028 0.026 0.030 0.034 0.019 
 239   (0.098) 0.098 0.014 0.107 0.082 0.242 0.098 0.106 0.339 0.100 0.105 0.095 0.029 0.018 0.070 0.105 0.049 0.062 
 229   (0.015) 0.012 0.001 0.012 0.009 0.002 0.015 0.004 0.001 0.011 0.014 0.011 0.294 0.002 0.006 0.009 0.004 0.005 
 235   (0.291) 0.302 0.268 0.297 0.265 0.084 0.291 0.397 0.274 0.302 0.292 0.307 0.370 0.444 0.434 0.332 0.521 0.176 
 237   (0.219) 0.227 0.202 0.224 0.223 0.067 0.219 0.258 0.144 0.233 0.218 0.228 0.039 0.160 0.212 0.236 0.160 0.186 
 233   (0.102) 0.108 0.463 0.102 0.090 0.260 0.102 0.153 0.085 0.093 0.107 0.107 0.059 0.017 0.072 0.112 0.075 0.095 
 227   (0.031) 0.022 0.003 0.024 0.127 0.281 0.031 0.007 0.002 0.026 0.030 0.021 0.004 0.004 0.014 0.018 0.031 0.318 
 245   (0.070) 0.079 0.022 0.074 0.058 0.022 0.070 0.027 0.005 0.076 0.074 0.084 0.009 0.175 0.059 0.066 0.031 0.034 
 241   (0.037) 0.032 0.006 0.032 0.033 0.013 0.037 0.011 0.003 0.034 0.034 0.030 0.060 0.020 0.030 0.027 0.030 0.033 
 231   (0.053) 0.051 0.005 0.054 0.047 0.016 0.053 0.015 0.003 0.053 0.049 0.051 0.006 0.050 0.050 0.040 0.050 0.034 
 243   (0.028) 0.024 0.003 0.026 0.027 0.005 0.028 0.009 0.002 0.024 0.028 0.022 0.003 0.081 0.022 0.019 0.014 0.033 
 251   (0.011) 0.008 0.001 0.009 0.007 0.002 0.011 0.003 0.001 0.008 0.010 0.008 0.001 0.001 0.005 0.006 0.003 0.004 

Locus 7 : 
5 alleles
0.0% missing data
 118   (0.919) 0.926 0.926 0.927 0.942 0.677 0.919 0.938 0.995 0.930 0.926 0.929 0.989 0.989 0.955 0.935 0.606 0.968 
 124   (0.040) 0.037 0.069 0.036 0.027 0.316 0.039 0.052 0.002 0.033 0.038 0.038 0.005 0.005 0.023 0.039 0.010 0.015 
 116   (0.013) 0.009 0.001 0.010 0.009 0.002 0.013 0.003 0.001 0.009 0.011 0.008 0.002 0.002 0.006 0.007 0.375 0.004 
 114   (0.017) 0.018 0.003 0.018 0.015 0.004 0.017 0.004 0.001 0.018 0.015 0.016 0.002 0.002 0.010 0.012 0.004 0.008 
 122   (0.012) 0.009 0.001 0.009 0.007 0.002 0.012 0.003 0.001 0.010 0.011 0.008 0.001 0.001 0.006 0.007 0.004 0.004 

Locus 8 : 
5 alleles
0.0% missing data
 135   (0.055) 0.077 0.013 0.063 0.055 0.010 0.055 0.038 0.008 0.061 0.064 0.082 0.023 0.026 0.049 0.066 0.017 0.024 
 139   (0.745) 0.764 0.934 0.765 0.732 0.948 0.745 0.878 0.951 0.764 0.742 0.755 0.819 0.627 0.798 0.797 0.564 0.690 
 137   (0.151) 0.123 0.048 0.132 0.181 0.034 0.151 0.071 0.039 0.136 0.151 0.124 0.152 0.282 0.111 0.107 0.403 0.266 
 143   (0.035) 0.027 0.004 0.029 0.024 0.006 0.035 0.009 0.002 0.029 0.031 0.029 0.004 0.042 0.021 0.022 0.013 0.014 
 141   (0.014) 0.010 0.002 0.011 0.008 0.002 0.014 0.004 0.001 0.010 0.012 0.009 0.002 0.022 0.021 0.008 0.003 0.005 

Locus 9 : 
11 alleles
0.0% missing data
 116   (0.301) 0.338 0.511 0.324 0.270 0.110 0.302 0.291 0.258 0.314 0.323 0.345 0.426 0.322 0.296 0.324 0.198 0.172 
 112   (0.090) 0.084 0.034 0.083 0.072 0.016 0.090 0.080 0.212 0.089 0.086 0.085 0.058 0.167 0.147 0.086 0.035 0.039 
 122   (0.056) 0.049 0.009 0.048 0.102 0.312 0.056 0.016 0.373 0.047 0.051 0.044 0.006 0.011 0.030 0.036 0.185 0.216 
 114   (0.216) 0.215 0.365 0.225 0.227 0.050 0.216 0.316 0.023 0.226 0.213 0.215 0.079 0.306 0.245 0.251 0.072 0.230 
 120   (0.042) 0.031 0.005 0.035 0.026 0.208 0.042 0.123 0.008 0.033 0.037 0.032 0.005 0.022 0.024 0.060 0.012 0.017 
 130   (0.035) 0.041 0.005 0.037 0.041 0.170 0.035 0.038 0.002 0.034 0.040 0.044 0.005 0.005 0.022 0.038 0.010 0.064 
 118   (0.129) 0.126 0.039 0.130 0.111 0.110 0.129 0.088 0.016 0.131 0.125 0.124 0.404 0.117 0.156 0.115 0.049 0.074 
 124   (0.058) 0.048 0.006 0.053 0.058 0.010 0.058 0.016 0.103 0.052 0.052 0.045 0.007 0.040 0.035 0.038 0.205 0.066 
 126   (0.037) 0.031 0.008 0.031 0.064 0.009 0.037 0.021 0.003 0.035 0.039 0.029 0.006 0.005 0.020 0.029 0.226 0.105 
 108   (0.015) 0.016 0.001 0.013 0.010 0.002 0.015 0.005 0.001 0.017 0.013 0.018 0.002 0.002 0.012 0.008 0.004 0.008 
 128   (0.021) 0.021 0.015 0.022 0.019 0.004 0.021 0.006 0.001 0.022 0.019 0.020 0.002 0.004 0.013 0.015 0.006 0.009 

Locus 10 : 
4 alleles
0.0% missing data
 232   (0.896) 0.913 0.987 0.908 0.852 0.973 0.895 0.939 0.994 0.901 0.897 0.908 0.987 0.912 0.935 0.922 0.963 0.739 
 238   (0.078) 0.062 0.010 0.070 0.131 0.023 0.078 0.053 0.005 0.071 0.079 0.066 0.010 0.084 0.048 0.062 0.030 0.248 
 234   (0.014) 0.015 0.001 0.013 0.010 0.002 0.014 0.005 0.001 0.017 0.013 0.018 0.002 0.002 0.011 0.008 0.004 0.008 
 244   (0.012) 0.010 0.001 0.010 0.007 0.002 0.012 0.003 0.001 0.010 0.011 0.009 0.001 0.002 0.006 0.008 0.003 0.005 

Locus 11 : 
7 alleles
0.0% missing data
 165   (0.770) 0.788 0.922 0.784 0.817 0.932 0.770 0.783 0.780 0.780 0.784 0.790 0.919 0.929 0.835 0.793 0.535 0.863 
 167   (0.071) 0.055 0.009 0.059 0.046 0.022 0.071 0.022 0.211 0.058 0.063 0.053 0.056 0.033 0.042 0.044 0.380 0.030 
 161   (0.112) 0.121 0.065 0.119 0.108 0.039 0.113 0.184 0.007 0.122 0.111 0.121 0.020 0.015 0.075 0.138 0.074 0.089 
 155   (0.011) 0.008 0.001 0.009 0.007 0.002 0.011 0.003 0.001 0.008 0.010 0.008 0.001 0.001 0.005 0.006 0.003 0.004 
 173   (0.012) 0.011 0.001 0.009 0.008 0.002 0.012 0.003 0.001 0.011 0.010 0.011 0.001 0.001 0.007 0.006 0.003 0.005 
 163   (0.013) 0.009 0.001 0.010 0.008 0.002 0.013 0.003 0.001 0.010 0.011 0.008 0.001 0.019 0.030 0.007 0.003 0.005 
 171   (0.012) 0.008 0.001 0.009 0.007 0.002 0.012 0.003 0.001 0.009 0.010 0.008 0.001 0.001 0.005 0.007 0.003 0.004 

Locus 12 : 
8 alleles
0.0% missing data
 137   (0.520) 0.510 0.333 0.507 0.531 0.842 0.520 0.304 0.425 0.528 0.509 0.513 0.403 0.815 0.636 0.456 0.712 0.550 
 140   (0.157) 0.176 0.592 0.174 0.126 0.031 0.157 0.433 0.029 0.161 0.179 0.180 0.212 0.057 0.120 0.253 0.061 0.090 
 134   (0.246) 0.249 0.057 0.247 0.271 0.113 0.246 0.244 0.541 0.242 0.244 0.245 0.375 0.101 0.176 0.243 0.205 0.299 
 149   (0.012) 0.008 0.001 0.010 0.007 0.002 0.012 0.003 0.001 0.010 0.011 0.008 0.002 0.002 0.005 0.007 0.003 0.005 
 143   (0.016) 0.012 0.002 0.012 0.021 0.004 0.016 0.004 0.001 0.014 0.015 0.012 0.002 0.002 0.008 0.010 0.005 0.032 
 128   (0.011) 0.008 0.001 0.009 0.009 0.002 0.011 0.003 0.001 0.009 0.010 0.008 0.001 0.001 0.005 0.007 0.003 0.007 
 125   (0.019) 0.014 0.012 0.015 0.011 0.003 0.019 0.004 0.001 0.015 0.016 0.012 0.002 0.019 0.036 0.011 0.006 0.007 
 146   (0.018) 0.023 0.002 0.026 0.024 0.003 0.018 0.005 0.001 0.022 0.016 0.022 0.002 0.002 0.013 0.015 0.005 0.010 

Locus 13 : 
19 alleles
0.5% missing data
 206   (0.132) 0.109 0.257 0.118 0.100 0.219 0.132 0.168 0.033 0.120 0.126 0.107 0.418 0.122 0.153 0.127 0.103 0.081 
 210   (0.098) 0.109 0.171 0.103 0.075 0.018 0.098 0.140 0.210 0.096 0.108 0.115 0.283 0.022 0.082 0.119 0.050 0.043 
 190   (0.072) 0.073 0.083 0.075 0.065 0.029 0.072 0.023 0.005 0.075 0.070 0.073 0.009 0.145 0.056 0.060 0.037 0.031 
 202   (0.087) 0.110 0.032 0.094 0.140 0.529 0.087 0.031 0.008 0.096 0.096 0.106 0.016 0.014 0.067 0.088 0.194 0.220 
 214   (0.037) 0.031 0.074 0.033 0.028 0.007 0.037 0.022 0.204 0.035 0.034 0.029 0.005 0.005 0.021 0.029 0.012 0.016 
 212   (0.036) 0.027 0.004 0.030 0.024 0.006 0.036 0.009 0.084 0.030 0.033 0.026 0.004 0.439 0.155 0.023 0.027 0.013 
 192   (0.109) 0.136 0.089 0.127 0.098 0.058 0.109 0.240 0.007 0.123 0.120 0.139 0.046 0.040 0.084 0.166 0.051 0.053 
 204   (0.035) 0.032 0.019 0.032 0.027 0.015 0.035 0.013 0.052 0.036 0.034 0.031 0.005 0.015 0.027 0.029 0.014 0.019 
 184   (0.055) 0.046 0.016 0.048 0.039 0.009 0.055 0.031 0.003 0.049 0.053 0.049 0.094 0.071 0.104 0.040 0.017 0.022 
 216   (0.022) 0.021 0.014 0.025 0.014 0.004 0.022 0.217 0.001 0.019 0.024 0.020 0.003 0.003 0.013 0.080 0.007 0.009 
 208   (0.045) 0.050 0.192 0.045 0.034 0.009 0.044 0.024 0.008 0.042 0.046 0.053 0.005 0.043 0.045 0.042 0.014 0.017 
 198   (0.038) 0.048 0.004 0.049 0.045 0.018 0.038 0.012 0.002 0.048 0.037 0.048 0.004 0.006 0.031 0.034 0.011 0.021 
 194   (0.067) 0.057 0.021 0.062 0.102 0.022 0.067 0.020 0.328 0.061 0.061 0.053 0.032 0.015 0.041 0.045 0.367 0.165 
 186   (0.018) 0.014 0.002 0.015 0.011 0.003 0.018 0.004 0.034 0.014 0.016 0.012 0.003 0.002 0.009 0.010 0.009 0.007 
 188   (0.019) 0.015 0.004 0.016 0.022 0.003 0.019 0.007 0.001 0.018 0.018 0.015 0.002 0.002 0.010 0.013 0.006 0.027 
 200   (0.070) 0.061 0.011 0.063 0.124 0.036 0.070 0.020 0.016 0.071 0.067 0.059 0.064 0.032 0.051 0.051 0.059 0.223 
 196   (0.037) 0.037 0.004 0.044 0.035 0.007 0.038 0.011 0.002 0.039 0.035 0.038 0.005 0.019 0.034 0.030 0.017 0.020 
 220   (0.011) 0.008 0.001 0.009 0.007 0.006 0.011 0.003 0.001 0.009 0.010 0.008 0.001 0.002 0.006 0.006 0.003 0.005 
 180   (0.013) 0.015 0.001 0.011 0.010 0.002 0.013 0.005 0.001 0.016 0.012 0.017 0.001 0.002 0.011 0.007 0.003 0.008 

Locus 14 : 
8 alleles
1.1% missing data
 139   (0.067) 0.066 0.009 0.061 0.054 0.040 0.067 0.206 0.178 0.059 0.067 0.065 0.090 0.010 0.036 0.104 0.139 0.055 
 145   (0.069) 0.054 0.012 0.060 0.051 0.013 0.069 0.032 0.009 0.064 0.063 0.055 0.138 0.126 0.146 0.051 0.027 0.045 
 151   (0.301) 0.313 0.664 0.298 0.294 0.351 0.301 0.207 0.445 0.300 0.307 0.313 0.466 0.435 0.308 0.280 0.180 0.289 
 157   (0.363) 0.397 0.276 0.402 0.391 0.468 0.364 0.464 0.132 0.390 0.379 0.398 0.221 0.252 0.364 0.421 0.454 0.327 
 154   (0.098) 0.090 0.028 0.092 0.075 0.017 0.098 0.064 0.230 0.096 0.091 0.093 0.014 0.150 0.072 0.077 0.113 0.049 
 163   (0.041) 0.032 0.005 0.036 0.027 0.099 0.041 0.011 0.003 0.035 0.037 0.032 0.063 0.005 0.022 0.027 0.047 0.017 
 160   (0.032) 0.023 0.003 0.026 0.085 0.006 0.032 0.008 0.002 0.026 0.028 0.023 0.005 0.004 0.015 0.018 0.012 0.199 
 142   (0.029) 0.024 0.003 0.026 0.023 0.006 0.029 0.008 0.002 0.029 0.027 0.023 0.004 0.017 0.037 0.022 0.027 0.019 

Locus 15 : 
13 alleles
1.6% missing data
 256   (0.146) 0.118 0.172 0.132 0.130 0.128 0.146 0.152 0.087 0.130 0.138 0.115 0.164 0.162 0.098 0.132 0.211 0.146 
 262   (0.022) 0.015 0.002 0.017 0.013 0.003 0.021 0.005 0.001 0.016 0.018 0.014 0.273 0.003 0.009 0.012 0.172 0.009 
 246   (0.118) 0.135 0.092 0.140 0.131 0.023 0.118 0.130 0.007 0.130 0.129 0.137 0.180 0.043 0.083 0.137 0.103 0.107 
 258   (0.183) 0.232 0.232 0.199 0.187 0.523 0.183 0.275 0.012 0.198 0.200 0.234 0.025 0.154 0.191 0.246 0.192 0.171 
 254   (0.105) 0.095 0.168 0.094 0.095 0.189 0.105 0.042 0.264 0.105 0.102 0.093 0.013 0.058 0.105 0.078 0.070 0.079 
 250   (0.031) 0.025 0.003 0.026 0.022 0.009 0.031 0.008 0.364 0.027 0.030 0.023 0.004 0.029 0.019 0.020 0.017 0.014 
 242   (0.099) 0.102 0.011 0.114 0.111 0.022 0.099 0.029 0.126 0.109 0.092 0.099 0.188 0.158 0.164 0.080 0.057 0.074 
 252   (0.065) 0.067 0.026 0.061 0.053 0.013 0.065 0.037 0.021 0.067 0.067 0.068 0.108 0.032 0.061 0.059 0.060 0.034 
 248   (0.137) 0.129 0.038 0.127 0.185 0.075 0.137 0.287 0.112 0.131 0.136 0.131 0.024 0.281 0.207 0.170 0.085 0.318 
 260   (0.040) 0.037 0.248 0.039 0.033 0.007 0.041 0.023 0.002 0.039 0.039 0.039 0.005 0.006 0.026 0.030 0.012 0.024 
 264   (0.015) 0.015 0.001 0.019 0.015 0.002 0.015 0.004 0.001 0.016 0.014 0.016 0.002 0.002 0.011 0.011 0.004 0.008 
 244   (0.029) 0.022 0.003 0.025 0.019 0.005 0.029 0.007 0.002 0.024 0.026 0.022 0.014 0.069 0.020 0.019 0.012 0.011 
 276   (0.011) 0.008 0.001 0.009 0.007 0.002 0.011 0.003 0.001 0.008 0.009 0.008 0.001 0.001 0.005 0.006 0.003 0.004 

Values of parameters used in structure:
DATAFILE=G:\Shared drives\Emily_Schumacher\QUAC_analyses\QUAC_structure_wild_relate\QUAC_allpop_relate_red_12_15_21\project_data,	OUTFILE=G:\Shared drives\Emily_Schumacher\QUAC_analyses\QUAC_structure_wild_relate\QUAC_allpop_relate_red_12_15_21\50-100\Results\50-100_run_85,	NUMINDS=188,	NUMLOCI=15,	MISSING=-9,	LABEL=1,	POPDATA=1,	POPFLAG=0,	PHENOTYPE=0,	EXTRACOLS=0,	MAXPOPS=17,	BURNIN=50000,	NUMREPS=100000,	USEPOPINFO=0,	INFERALPHA=1,	INFERLAMBDA=0,	POPSPECIFICLAMBDA=0,	POPALPHAS=0,	COMPUTEPROB=1,	NOADMIX=0,	ADMBURNIN=2500,	UPDATEFREQ=1,	PRINTLIKES=0,	INTERMEDSAVE=0,	PRINTKLD=0,	PRINTNET=0,	PRINTLAMBDA=0,	ANCESTDIST=0,	NUMBOXES=1000,	ANCESTPINT=0.90000,	GENSBACK=2,	MIGRPRIOR=0.05000,	PRINTQHAT=0,	PRINTQSUM=0,	ALPHA=1.0000,	FREQSCORR=1,	FPRIORMEAN=0.0100,	FPRIORSD=0.0500,	ONEFST=0,	LAMBDA=1.0000,	UNIFPRIORALPHA=1,	ALPHAMAX=10.0000,	ALPHAPRIORA=1.0000,	ALPHAPRIORB=2.0000,	ALPHAPROPSD=0.0250,	STARTATPOPINFO=0,	RANDOMIZE=1,	LINKAGE=0,	METROFREQ=10,	REPORTHITRATE=0,	MARKOVPHASE=-1,	PHASED=0,	PLOIDY=2,	PHASEINFO=0	LOCPRIOR=0, 	LOCPRIORINIT=1.000000, 	LOCDATA=0, 	LOCISPOP=0, 	LOCPRIORSTEP=0.100000, 	MAXLOCPRIOR=20.000000, 	SEED=1639613453,	
[STRAT parameters]:    NUMSIMSTATS=1000,	PHENOTYPECOL=-9,	POOLFREQ=10,	LOCUSxONLY=0,	EMERROR=0.00100,	MISSINGPHENO=-9,	