

----------------------------------------------------
STRUCTURE by Pritchard, Stephens and Donnelly (2000)
     and Falush, Stephens and Pritchard (2003)
       Code by Pritchard, Falush and Hubisz
             Version 2.3.4 (Jul 2012)
----------------------------------------------------



Command line arguments:   bin\structure -m G:\Shared drives\Emily_Schumacher\QUAC_analyses\QUAC_structure_wild_relate\QUAC_allpop_relate_red_12_15_21\50-100\mainparams -e G:\Shared drives\Emily_Schumacher\QUAC_analyses\QUAC_structure_wild_relate\QUAC_allpop_relate_red_12_15_21\50-100\extraparams 
Input File:    G:\Shared drives\Emily_Schumacher\QUAC_analyses\QUAC_structure_wild_relate\QUAC_allpop_relate_red_12_15_21\project_data

Run parameters:
   188 individuals
   15 loci
   20 populations assumed
   50000 Burn-in period
   100000 Reps


--------------------------------------------
Proportion of membership of each pre-defined
 population in each of the 20 clusters

Given    Inferred Clusters                                                                                                                              Number of
 Pop       1      2      3      4      5      6      7      8      9     10     11     12     13     14     15     16     17     18     19     20      Individuals

  1:     0.008  0.008  0.004  0.007  0.010  0.007  0.009  0.845  0.009  0.013  0.009  0.014  0.004  0.008  0.004  0.009  0.010  0.007  0.007  0.005        2
  2:     0.022  0.024  0.006  0.022  0.033  0.068  0.025  0.034  0.025  0.094  0.028  0.261  0.017  0.023  0.037  0.029  0.031  0.021  0.021  0.180       17
  3:     0.032  0.033  0.083  0.028  0.041  0.090  0.034  0.053  0.033  0.187  0.035  0.144  0.026  0.033  0.011  0.039  0.039  0.023  0.023  0.013       19
  4:     0.043  0.042  0.013  0.030  0.052  0.010  0.043  0.101  0.041  0.305  0.037  0.009  0.058  0.036  0.017  0.047  0.048  0.027  0.029  0.011       10
  5:     0.013  0.013  0.006  0.011  0.014  0.236  0.013  0.008  0.013  0.013  0.014  0.546  0.026  0.014  0.010  0.013  0.013  0.010  0.010  0.004        2
  6:     0.028  0.028  0.103  0.022  0.031  0.014  0.027  0.008  0.026  0.405  0.027  0.008  0.006  0.026  0.015  0.027  0.025  0.019  0.017  0.138        2
  7:     0.053  0.049  0.017  0.032  0.039  0.212  0.047  0.009  0.044  0.005  0.036  0.125  0.007  0.056  0.101  0.053  0.051  0.035  0.018  0.011        1
  8:     0.007  0.007  0.005  0.007  0.007  0.024  0.007  0.006  0.007  0.008  0.007  0.845  0.007  0.007  0.012  0.007  0.007  0.008  0.008  0.005        1
  9:     0.072  0.089  0.010  0.076  0.057  0.046  0.071  0.005  0.074  0.008  0.084  0.004  0.005  0.091  0.010  0.060  0.069  0.076  0.087  0.005        1
 10:     0.056  0.046  0.337  0.031  0.030  0.008  0.054  0.006  0.049  0.007  0.039  0.013  0.010  0.049  0.008  0.040  0.039  0.030  0.019  0.129        6
 11:     0.043  0.044  0.132  0.034  0.039  0.107  0.045  0.012  0.043  0.097  0.042  0.040  0.033  0.045  0.021  0.042  0.045  0.032  0.026  0.077       16
 12:     0.047  0.043  0.007  0.174  0.028  0.006  0.041  0.014  0.046  0.013  0.051  0.018  0.017  0.036  0.007  0.046  0.033  0.116  0.254  0.003        1
 13:     0.031  0.033  0.016  0.029  0.042  0.012  0.032  0.022  0.033  0.139  0.039  0.012  0.372  0.033  0.012  0.040  0.039  0.023  0.027  0.011       33
 14:     0.019  0.020  0.138  0.017  0.019  0.337  0.019  0.009  0.019  0.015  0.018  0.070  0.009  0.020  0.115  0.020  0.021  0.016  0.015  0.085       21
 15:     0.019  0.019  0.009  0.014  0.018  0.012  0.020  0.662  0.019  0.017  0.020  0.009  0.013  0.018  0.044  0.018  0.019  0.015  0.013  0.022       14
 16:     0.024  0.025  0.009  0.224  0.040  0.017  0.025  0.011  0.025  0.015  0.046  0.011  0.014  0.026  0.012  0.027  0.026  0.151  0.265  0.008       35
 17:     0.088  0.085  0.009  0.054  0.078  0.009  0.088  0.009  0.083  0.016  0.085  0.011  0.010  0.098  0.012  0.078  0.080  0.058  0.041  0.006        7
--------------------------------------------

Allele-freq. divergence among pops (Net nucleotide distance),
computed using point estimates of P.

      1       2       3       4       5       6       7       8       9      10      11      12      13      14      15      16      17      18      19      20      
 1      -    0.0001  0.0353  0.0038  0.0014  0.0545  0.0001  0.0447  0.0001  0.0353  0.0006  0.0821  0.0507  0.0001  0.0543  0.0006  0.0008  0.0046  0.0088  0.0579  
 2   0.0001     -    0.0359  0.0039  0.0009  0.0552  0.0000  0.0452  0.0000  0.0344  0.0004  0.0823  0.0501  0.0000  0.0553  0.0003  0.0005  0.0047  0.0089  0.0584  
 3   0.0353  0.0359     -    0.0403  0.0398  0.0858  0.0358  0.0946  0.0360  0.0749  0.0375  0.1226  0.1023  0.0360  0.0790  0.0374  0.0379  0.0425  0.0460  0.0763  
 4   0.0038  0.0039  0.0403     -    0.0045  0.0577  0.0040  0.0521  0.0038  0.0428  0.0034  0.0896  0.0579  0.0040  0.0599  0.0045  0.0049  0.0007  0.0011  0.0628  
 5   0.0014  0.0009  0.0398  0.0045     -    0.0593  0.0010  0.0478  0.0009  0.0316  0.0003  0.0850  0.0479  0.0009  0.0604  0.0003  0.0002  0.0052  0.0090  0.0605  
 6   0.0545  0.0552  0.0858  0.0577  0.0593     -    0.0556  0.0962  0.0557  0.0991  0.0579  0.0950  0.1148  0.0554  0.1036  0.0583  0.0587  0.0563  0.0635  0.1084  
 7   0.0001  0.0000  0.0358  0.0040  0.0010  0.0556     -    0.0452  0.0000  0.0350  0.0004  0.0831  0.0505  0.0000  0.0550  0.0004  0.0005  0.0048  0.0091  0.0584  
 8   0.0447  0.0452  0.0946  0.0521  0.0478  0.0962  0.0452     -    0.0450  0.0871  0.0474  0.1168  0.0978  0.0459  0.1080  0.0469  0.0471  0.0522  0.0587  0.1116  
 9   0.0001  0.0000  0.0360  0.0038  0.0009  0.0557  0.0000  0.0450     -    0.0345  0.0004  0.0825  0.0498  0.0001  0.0553  0.0003  0.0004  0.0046  0.0088  0.0581  
10   0.0353  0.0344  0.0749  0.0428  0.0316  0.0991  0.0350  0.0871  0.0345     -    0.0334  0.1078  0.0644  0.0346  0.1038  0.0329  0.0324  0.0433  0.0497  0.1062  
11   0.0006  0.0004  0.0375  0.0034  0.0003  0.0579  0.0004  0.0474  0.0004  0.0334     -    0.0853  0.0499  0.0003  0.0582  0.0002  0.0003  0.0041  0.0078  0.0598  
12   0.0821  0.0823  0.1226  0.0896  0.0850  0.0950  0.0831  0.1168  0.0825  0.1078  0.0853     -    0.1386  0.0832  0.1413  0.0836  0.0840  0.0908  0.0964  0.1484  
13   0.0507  0.0501  0.1023  0.0579  0.0479  0.1148  0.0505  0.0978  0.0498  0.0644  0.0499  0.1386     -    0.0506  0.1326  0.0482  0.0474  0.0609  0.0644  0.1109  
14   0.0001  0.0000  0.0360  0.0040  0.0009  0.0554  0.0000  0.0459  0.0001  0.0346  0.0003  0.0832  0.0506     -    0.0557  0.0003  0.0005  0.0047  0.0090  0.0589  
15   0.0543  0.0553  0.0790  0.0599  0.0604  0.1036  0.0550  0.1080  0.0553  0.1038  0.0582  0.1413  0.1326  0.0557     -    0.0575  0.0580  0.0607  0.0656  0.1033  
16   0.0006  0.0003  0.0374  0.0045  0.0003  0.0583  0.0004  0.0469  0.0003  0.0329  0.0002  0.0836  0.0482  0.0003  0.0575     -    0.0001  0.0053  0.0093  0.0594  
17   0.0008  0.0005  0.0379  0.0049  0.0002  0.0587  0.0005  0.0471  0.0004  0.0324  0.0003  0.0840  0.0474  0.0005  0.0580  0.0001     -    0.0059  0.0099  0.0591  
18   0.0046  0.0047  0.0425  0.0007  0.0052  0.0563  0.0048  0.0522  0.0046  0.0433  0.0041  0.0908  0.0609  0.0047  0.0607  0.0053  0.0059     -    0.0017  0.0635  
19   0.0088  0.0089  0.0460  0.0011  0.0090  0.0635  0.0091  0.0587  0.0088  0.0497  0.0078  0.0964  0.0644  0.0090  0.0656  0.0093  0.0099  0.0017     -    0.0688  
20   0.0579  0.0584  0.0763  0.0628  0.0605  0.1084  0.0584  0.1116  0.0581  0.1062  0.0598  0.1484  0.1109  0.0589  0.1033  0.0594  0.0591  0.0635  0.0688     -    

Average distances (expected heterozygosity) between individuals in same cluster:
cluster  1  : 0.6418 
cluster  2  : 0.6377 
cluster  3  : 0.5922 
cluster  4  : 0.6099 
cluster  5  : 0.6142 
cluster  6  : 0.5048 
cluster  7  : 0.6394 
cluster  8  : 0.5280 
cluster  9  : 0.6360 
cluster 10  : 0.5125 
cluster 11  : 0.6229 
cluster 12  : 0.4246 
cluster 13  : 0.5051 
cluster 14  : 0.6371 
cluster 15  : 0.5995 
cluster 16  : 0.6266 
cluster 17  : 0.6260 
cluster 18  : 0.6060 
cluster 19  : 0.5877 
cluster 20  : 0.5139 

--------------------------------------------
Estimated Ln Prob of Data   = -8236.8
Mean value of ln likelihood = -6993.8
Variance of ln likelihood   = 2485.9
Mean value of alpha         = 0.0394

Mean value of Fst_1         = 0.0003
Mean value of Fst_2         = 0.0219
Mean value of Fst_3         = 0.1778
Mean value of Fst_4         = 0.0974
Mean value of Fst_5         = 0.1161
Mean value of Fst_6         = 0.2635
Mean value of Fst_7         = 0.0198
Mean value of Fst_8         = 0.2180
Mean value of Fst_9         = 0.0351
Mean value of Fst_10         = 0.2212
Mean value of Fst_11         = 0.0931
Mean value of Fst_12         = 0.4098
Mean value of Fst_13         = 0.2474
Mean value of Fst_14         = 0.0331
Mean value of Fst_15         = 0.2850
Mean value of Fst_16         = 0.0753
Mean value of Fst_17         = 0.0781
Mean value of Fst_18         = 0.1057
Mean value of Fst_19         = 0.1465
Mean value of Fst_20         = 0.2782


Inferred ancestry of individuals:
        Label (%Miss) Pop:  Inferred clusters
  1 QAc-G-0029    (0)    1 :  0.011 0.011 0.005 0.009 0.015 0.006 0.013 0.783 0.014 0.023 0.013 0.025 0.005 0.011 0.005 0.014 0.016 0.009 0.009 0.006 
  2 QAc-G-0030    (0)    1 :  0.006 0.006 0.003 0.005 0.005 0.007 0.005 0.908 0.005 0.004 0.005 0.004 0.004 0.005 0.003 0.005 0.005 0.006 0.005 0.004 
  3 QAc-G-0062    (0)    2 :  0.019 0.024 0.008 0.033 0.024 0.236 0.024 0.005 0.021 0.005 0.018 0.030 0.005 0.024 0.037 0.021 0.022 0.021 0.028 0.392 
  4 QAc-G-0063    (0)    2 :  0.026 0.027 0.008 0.020 0.027 0.045 0.027 0.006 0.027 0.020 0.025 0.575 0.016 0.025 0.015 0.028 0.029 0.025 0.020 0.009 
  5 QAc-G-0064    (0)    2 :  0.006 0.006 0.006 0.009 0.006 0.025 0.006 0.005 0.006 0.006 0.007 0.006 0.004 0.006 0.004 0.007 0.006 0.006 0.007 0.866 
  6 QAc-G-0065    (0)    2 :  0.005 0.005 0.009 0.004 0.004 0.003 0.005 0.007 0.005 0.004 0.005 0.003 0.005 0.005 0.004 0.005 0.005 0.004 0.004 0.910 
  7 QAc-G-0066    (0)    2 :  0.004 0.004 0.003 0.004 0.004 0.005 0.004 0.005 0.004 0.004 0.004 0.926 0.003 0.004 0.004 0.004 0.004 0.004 0.004 0.003 
  8 QAc-G-0067    (0)    2 :  0.014 0.016 0.012 0.013 0.014 0.004 0.016 0.017 0.016 0.012 0.015 0.005 0.008 0.015 0.006 0.015 0.014 0.012 0.010 0.767 
  9 QAc-G-0068    (0)    2 :  0.005 0.004 0.005 0.009 0.004 0.006 0.004 0.004 0.005 0.003 0.004 0.434 0.004 0.005 0.476 0.004 0.004 0.006 0.007 0.006 
 10 QAc-G-0070    (0)    2 :  0.020 0.022 0.005 0.038 0.029 0.106 0.022 0.009 0.022 0.009 0.022 0.462 0.006 0.022 0.020 0.024 0.024 0.064 0.054 0.020 
 11 QAc-G-0071   (13)    2 :  0.006 0.006 0.005 0.006 0.006 0.039 0.006 0.008 0.007 0.007 0.006 0.858 0.003 0.006 0.005 0.006 0.006 0.006 0.006 0.003 
 12 QAc-G-0072    (0)    2 :  0.005 0.005 0.004 0.005 0.005 0.004 0.005 0.005 0.005 0.006 0.006 0.906 0.004 0.005 0.005 0.005 0.005 0.005 0.006 0.004 
 13 QAc-G-0073    (0)    2 :  0.016 0.032 0.004 0.016 0.076 0.004 0.027 0.008 0.025 0.489 0.064 0.005 0.014 0.029 0.005 0.062 0.064 0.020 0.036 0.004 
 14 QAc-G-0074    (0)    2 :  0.033 0.036 0.005 0.029 0.046 0.035 0.034 0.004 0.035 0.334 0.034 0.165 0.019 0.036 0.006 0.047 0.040 0.030 0.025 0.005 
 15 QAc-G-0075    (0)    2 :  0.030 0.025 0.008 0.023 0.026 0.011 0.026 0.016 0.026 0.623 0.025 0.010 0.029 0.022 0.008 0.022 0.027 0.018 0.016 0.009 
 16 QAc-G-0076    (0)    2 :  0.036 0.054 0.005 0.059 0.122 0.005 0.052 0.009 0.065 0.045 0.100 0.010 0.074 0.049 0.006 0.092 0.111 0.028 0.052 0.026 
 17 QAc-G-0080    (0)    2 :  0.056 0.048 0.006 0.029 0.033 0.017 0.057 0.441 0.047 0.012 0.037 0.009 0.004 0.043 0.012 0.040 0.044 0.030 0.016 0.020 
 18 QAc-G-0081    (0)    2 :  0.069 0.075 0.008 0.056 0.107 0.010 0.090 0.008 0.082 0.004 0.085 0.005 0.011 0.074 0.007 0.096 0.097 0.060 0.049 0.006 
 19 QAc-G-0083    (0)    2 :  0.018 0.017 0.005 0.024 0.028 0.605 0.019 0.014 0.019 0.018 0.019 0.030 0.078 0.015 0.004 0.022 0.020 0.017 0.017 0.011 
 20 QAc-G-0285    (0)    3 :  0.007 0.006 0.010 0.007 0.007 0.803 0.007 0.009 0.006 0.004 0.007 0.076 0.005 0.007 0.007 0.007 0.006 0.007 0.007 0.004 
 21 QAc-G-0287    (0)    3 :  0.003 0.003 0.003 0.003 0.003 0.004 0.003 0.003 0.003 0.004 0.003 0.938 0.003 0.003 0.003 0.003 0.003 0.003 0.003 0.003 
 22 QAc-G-0288    (6)    3 :  0.007 0.007 0.006 0.008 0.006 0.005 0.007 0.015 0.007 0.006 0.007 0.861 0.007 0.007 0.008 0.007 0.007 0.007 0.008 0.005 
 23 QAc-G-0292    (0)    3 :  0.010 0.012 0.007 0.020 0.012 0.658 0.011 0.005 0.011 0.005 0.010 0.164 0.005 0.010 0.009 0.013 0.010 0.011 0.010 0.006 
 24 QAc-G-0294    (0)    3 :  0.043 0.046 0.009 0.033 0.139 0.004 0.067 0.016 0.062 0.033 0.084 0.005 0.034 0.056 0.019 0.115 0.130 0.043 0.047 0.016 
 25 QAc-G-0295    (0)    3 :  0.025 0.033 0.006 0.059 0.088 0.021 0.035 0.017 0.036 0.346 0.061 0.016 0.031 0.026 0.005 0.029 0.073 0.021 0.057 0.017 
 26 QAc-G-0296    (0)    3 :  0.022 0.032 0.006 0.036 0.072 0.012 0.030 0.005 0.036 0.403 0.053 0.008 0.050 0.030 0.005 0.060 0.052 0.016 0.033 0.042 
 27 QAc-G-0297    (0)    3 :  0.087 0.066 0.015 0.044 0.048 0.004 0.074 0.005 0.072 0.197 0.050 0.003 0.032 0.084 0.008 0.072 0.066 0.046 0.024 0.003 
 28 QAc-G-0298    (6)    3 :  0.013 0.017 0.005 0.015 0.029 0.015 0.016 0.016 0.016 0.726 0.023 0.004 0.011 0.016 0.005 0.019 0.021 0.011 0.014 0.008 
 29 QAc-G-0299    (0)    3 :  0.012 0.015 0.009 0.013 0.021 0.005 0.012 0.005 0.012 0.674 0.015 0.011 0.115 0.013 0.009 0.017 0.016 0.009 0.012 0.005 
 30 QAc-G-0300    (0)    3 :  0.027 0.035 0.012 0.041 0.076 0.004 0.037 0.005 0.041 0.303 0.056 0.005 0.099 0.034 0.009 0.060 0.062 0.023 0.035 0.036 
 31 QAc-G-0301    (0)    3 :  0.011 0.011 0.005 0.010 0.013 0.010 0.012 0.008 0.010 0.775 0.013 0.012 0.017 0.011 0.004 0.011 0.010 0.009 0.008 0.038 
 32 QAc-G-0302    (0)    3 :  0.018 0.018 0.710 0.014 0.017 0.006 0.020 0.005 0.016 0.011 0.028 0.005 0.023 0.019 0.019 0.022 0.020 0.014 0.012 0.004 
 33 QAc-G-0303    (0)    3 :  0.018 0.019 0.720 0.019 0.014 0.015 0.018 0.006 0.016 0.004 0.015 0.005 0.004 0.016 0.037 0.014 0.014 0.018 0.017 0.009 
 34 QAc-G-0305    (0)    3 :  0.019 0.019 0.025 0.016 0.018 0.079 0.022 0.020 0.019 0.006 0.016 0.606 0.004 0.022 0.032 0.021 0.017 0.018 0.014 0.005 
 35 QAc-G-0307    (0)    3 :  0.011 0.011 0.007 0.013 0.010 0.009 0.011 0.822 0.011 0.007 0.011 0.004 0.005 0.011 0.006 0.010 0.010 0.012 0.013 0.005 
 36 QAc-G-0313    (0)    3 :  0.101 0.096 0.005 0.059 0.064 0.045 0.098 0.011 0.090 0.007 0.066 0.009 0.008 0.091 0.010 0.069 0.068 0.057 0.032 0.015 
 37 QAc-G-0314    (0)    3 :  0.092 0.086 0.010 0.059 0.075 0.003 0.083 0.010 0.082 0.040 0.071 0.004 0.024 0.087 0.006 0.104 0.071 0.051 0.034 0.009 
 38 QAc-G-0316    (0)    3 :  0.087 0.086 0.006 0.056 0.073 0.006 0.080 0.022 0.079 0.007 0.087 0.008 0.013 0.082 0.005 0.097 0.087 0.061 0.046 0.012 
 39 QAc-G-0033    (0)    4 :  0.008 0.009 0.006 0.018 0.015 0.004 0.009 0.007 0.018 0.674 0.012 0.005 0.142 0.010 0.004 0.010 0.018 0.008 0.012 0.012 
 40 QAc-G-0034    (0)    4 :  0.012 0.011 0.010 0.011 0.015 0.005 0.011 0.024 0.010 0.791 0.013 0.004 0.010 0.012 0.005 0.011 0.012 0.014 0.012 0.008 
 41 QAc-G-0035    (0)    4 :  0.034 0.034 0.008 0.021 0.081 0.011 0.057 0.012 0.050 0.019 0.056 0.014 0.320 0.038 0.008 0.071 0.079 0.031 0.031 0.023 
 42 QAc-G-0036    (0)    4 :  0.011 0.011 0.004 0.010 0.015 0.007 0.010 0.006 0.010 0.815 0.011 0.014 0.007 0.010 0.006 0.009 0.012 0.011 0.008 0.012 
 43 QAc-G-0039    (0)    4 :  0.040 0.056 0.010 0.045 0.156 0.004 0.066 0.033 0.060 0.019 0.077 0.009 0.024 0.047 0.012 0.115 0.120 0.045 0.055 0.008 
 44 QAc-G-0040    (0)    4 :  0.059 0.062 0.011 0.067 0.094 0.043 0.059 0.011 0.064 0.044 0.068 0.015 0.035 0.058 0.006 0.077 0.095 0.044 0.080 0.007 
 45 QAc-G-0045    (0)    4 :  0.009 0.020 0.005 0.009 0.048 0.004 0.011 0.012 0.010 0.677 0.023 0.010 0.024 0.023 0.004 0.048 0.024 0.007 0.026 0.006 
 46 QAc-G-0050    (0)    4 :  0.108 0.091 0.053 0.046 0.038 0.014 0.076 0.087 0.075 0.004 0.044 0.011 0.004 0.068 0.099 0.054 0.054 0.042 0.023 0.006 
 47 QAc-G-0052    (0)    4 :  0.014 0.014 0.005 0.011 0.016 0.004 0.014 0.786 0.016 0.006 0.015 0.004 0.005 0.013 0.008 0.013 0.015 0.012 0.009 0.019 
 48 QAc-G-0056    (0)    4 :  0.130 0.115 0.017 0.063 0.037 0.006 0.122 0.034 0.098 0.007 0.053 0.007 0.006 0.079 0.015 0.066 0.055 0.051 0.031 0.009 
 49 QAc-G-0276    (0)    5 :  0.012 0.012 0.005 0.010 0.015 0.457 0.011 0.008 0.013 0.013 0.013 0.339 0.020 0.014 0.008 0.013 0.013 0.010 0.009 0.003 
 50 QAc-G-0280    (6)    5 :  0.014 0.014 0.007 0.011 0.013 0.015 0.014 0.008 0.013 0.012 0.015 0.753 0.032 0.014 0.012 0.013 0.013 0.011 0.012 0.006 
 51 QAc-G-0018    (0)    6 :  0.011 0.012 0.014 0.009 0.016 0.004 0.012 0.011 0.011 0.797 0.012 0.006 0.007 0.011 0.018 0.014 0.011 0.010 0.008 0.006 
 52 QAc-G-0017    (0)    6 :  0.045 0.045 0.192 0.035 0.046 0.024 0.043 0.004 0.041 0.013 0.043 0.010 0.004 0.042 0.011 0.039 0.038 0.028 0.025 0.271 
 53 QAc-G-0250    (0)    7 :  0.053 0.049 0.017 0.032 0.039 0.212 0.047 0.009 0.044 0.005 0.036 0.125 0.007 0.056 0.101 0.053 0.051 0.035 0.018 0.011 
 54 QAc-G-0003    (6)    8 :  0.007 0.007 0.005 0.007 0.007 0.024 0.007 0.006 0.007 0.008 0.007 0.845 0.007 0.007 0.012 0.007 0.007 0.008 0.008 0.005 
 55 QAc-G-0283    (0)    9 :  0.072 0.089 0.010 0.076 0.057 0.046 0.071 0.005 0.074 0.008 0.084 0.004 0.005 0.091 0.010 0.060 0.069 0.076 0.087 0.005 
 56 QAc-G-0255    (0)   10 :  0.035 0.032 0.453 0.030 0.039 0.006 0.042 0.004 0.040 0.008 0.066 0.005 0.026 0.047 0.010 0.054 0.053 0.028 0.014 0.008 
 57 QAc-G-0256    (0)   10 :  0.007 0.008 0.834 0.006 0.009 0.014 0.008 0.006 0.008 0.008 0.007 0.019 0.008 0.008 0.007 0.008 0.007 0.006 0.006 0.016 
 58 QAc-G-0257    (0)   10 :  0.021 0.020 0.663 0.019 0.019 0.006 0.019 0.010 0.021 0.005 0.023 0.004 0.003 0.018 0.010 0.016 0.019 0.017 0.015 0.071 
 59 QAc-G-0259    (0)   10 :  0.134 0.111 0.014 0.053 0.033 0.002 0.130 0.002 0.123 0.003 0.037 0.002 0.007 0.115 0.004 0.068 0.079 0.052 0.027 0.003 
 60 QAc-G-0260    (0)   10 :  0.098 0.071 0.044 0.059 0.048 0.014 0.078 0.007 0.061 0.007 0.062 0.042 0.010 0.062 0.006 0.055 0.046 0.044 0.036 0.151 
 61 QAc-G-0261    (0)   10 :  0.042 0.036 0.012 0.021 0.033 0.006 0.045 0.006 0.042 0.011 0.042 0.004 0.004 0.045 0.011 0.038 0.033 0.031 0.015 0.522 
 62 QAc-G-0109    (0)   11 :  0.063 0.047 0.372 0.040 0.031 0.009 0.054 0.012 0.050 0.017 0.040 0.005 0.004 0.054 0.008 0.039 0.036 0.049 0.027 0.042 
 63 QAc-G-0113    (0)   11 :  0.024 0.020 0.545 0.016 0.017 0.052 0.028 0.020 0.021 0.013 0.019 0.011 0.005 0.022 0.095 0.021 0.021 0.016 0.012 0.023 
 64 QAc-G-0114    (0)   11 :  0.036 0.030 0.509 0.021 0.021 0.008 0.035 0.007 0.033 0.024 0.030 0.011 0.086 0.034 0.016 0.032 0.029 0.021 0.013 0.005 
 65 QAc-G-0117    (0)   11 :  0.049 0.060 0.096 0.038 0.058 0.048 0.058 0.009 0.050 0.052 0.062 0.006 0.031 0.060 0.059 0.062 0.064 0.037 0.031 0.069 
 66 QAc-G-0120    (0)   11 :  0.097 0.080 0.208 0.038 0.042 0.010 0.089 0.008 0.086 0.012 0.049 0.004 0.010 0.074 0.010 0.058 0.053 0.044 0.020 0.008 
 67 QAc-G-0125    (0)   11 :  0.026 0.026 0.017 0.021 0.019 0.049 0.023 0.032 0.026 0.004 0.021 0.015 0.005 0.024 0.006 0.019 0.019 0.021 0.018 0.607 
 68 QAc-G-0141    (0)   11 :  0.065 0.071 0.048 0.047 0.073 0.015 0.067 0.022 0.058 0.033 0.072 0.017 0.013 0.078 0.047 0.073 0.087 0.050 0.042 0.021 
 69 QAc-G-0143    (0)   11 :  0.059 0.106 0.005 0.067 0.059 0.004 0.075 0.006 0.074 0.008 0.089 0.006 0.004 0.111 0.005 0.109 0.109 0.063 0.040 0.003 
 70 QAc-G-0147    (0)   11 :  0.043 0.040 0.068 0.050 0.037 0.034 0.043 0.008 0.042 0.028 0.039 0.005 0.008 0.035 0.027 0.033 0.033 0.047 0.045 0.334 
 71 QAc-G-0174    (0)   11 :  0.005 0.005 0.005 0.005 0.005 0.846 0.005 0.005 0.005 0.007 0.004 0.067 0.005 0.005 0.006 0.005 0.005 0.005 0.005 0.004 
 72 QAc-G-0182    (0)   11 :  0.007 0.007 0.006 0.007 0.007 0.599 0.007 0.003 0.007 0.005 0.006 0.290 0.004 0.007 0.004 0.006 0.006 0.006 0.006 0.010 
 73 QAc-G-0188    (0)   11 :  0.052 0.052 0.191 0.036 0.043 0.011 0.051 0.004 0.056 0.006 0.071 0.184 0.015 0.046 0.023 0.057 0.048 0.029 0.018 0.007 
 74 QAc-G-0229    (0)   11 :  0.012 0.013 0.008 0.011 0.013 0.009 0.011 0.007 0.012 0.812 0.011 0.005 0.006 0.011 0.005 0.012 0.012 0.012 0.013 0.004 
 75 QAc-G-0233    (0)   11 :  0.069 0.063 0.005 0.056 0.040 0.004 0.068 0.024 0.066 0.011 0.052 0.006 0.234 0.067 0.007 0.051 0.056 0.056 0.054 0.010 
 76 QAc-G-0237    (0)   11 :  0.022 0.027 0.019 0.039 0.047 0.007 0.023 0.019 0.034 0.506 0.031 0.009 0.029 0.021 0.005 0.023 0.045 0.016 0.029 0.048 
 77 QAc-G-0243    (0)   11 :  0.057 0.060 0.007 0.053 0.108 0.008 0.080 0.012 0.064 0.015 0.074 0.003 0.077 0.071 0.007 0.076 0.098 0.043 0.046 0.040 
 78 QAc-G-0249    (0)   12 :  0.047 0.043 0.007 0.174 0.028 0.006 0.041 0.014 0.046 0.013 0.051 0.018 0.017 0.036 0.007 0.046 0.033 0.116 0.254 0.003 
 79 QAc-W-0001    (0)   13 :  0.009 0.011 0.013 0.009 0.010 0.003 0.009 0.004 0.009 0.047 0.009 0.003 0.802 0.010 0.004 0.010 0.010 0.007 0.007 0.015 
 80 QAc-W-0002    (0)   13 :  0.030 0.036 0.025 0.030 0.053 0.007 0.029 0.006 0.028 0.479 0.042 0.032 0.020 0.034 0.008 0.045 0.041 0.021 0.030 0.004 
 81 QAc-W-0003    (0)   13 :  0.014 0.016 0.014 0.011 0.015 0.026 0.014 0.018 0.014 0.017 0.013 0.008 0.740 0.013 0.010 0.016 0.013 0.010 0.008 0.010 
 82 QAc-W-0004    (0)   13 :  0.005 0.005 0.004 0.008 0.006 0.003 0.005 0.007 0.006 0.017 0.006 0.008 0.882 0.006 0.004 0.007 0.006 0.005 0.006 0.004 
 83 QAc-W-0005    (0)   13 :  0.006 0.007 0.005 0.007 0.008 0.006 0.007 0.004 0.007 0.008 0.008 0.005 0.878 0.006 0.003 0.008 0.008 0.007 0.007 0.005 
 84 QAc-W-0007   (13)   13 :  0.007 0.007 0.005 0.007 0.009 0.005 0.007 0.004 0.008 0.015 0.009 0.005 0.865 0.007 0.005 0.007 0.008 0.007 0.007 0.005 
 85 QAc-W-0008    (6)   13 :  0.030 0.026 0.007 0.023 0.022 0.006 0.028 0.004 0.025 0.012 0.024 0.005 0.640 0.027 0.017 0.028 0.026 0.026 0.017 0.004 
 86 QAc-W-0009    (0)   13 :  0.058 0.049 0.140 0.070 0.084 0.006 0.049 0.010 0.054 0.076 0.084 0.016 0.017 0.051 0.012 0.047 0.075 0.034 0.058 0.010 
 87 QAc-W-0010    (0)   13 :  0.017 0.023 0.016 0.020 0.026 0.015 0.016 0.005 0.021 0.010 0.020 0.007 0.651 0.018 0.010 0.025 0.028 0.020 0.024 0.028 
 88 QAc-W-0011    (0)   13 :  0.039 0.042 0.010 0.031 0.048 0.013 0.040 0.014 0.048 0.049 0.057 0.033 0.359 0.035 0.009 0.053 0.058 0.023 0.029 0.012 
 89 QAc-W-0012    (0)   13 :  0.023 0.022 0.009 0.017 0.019 0.006 0.023 0.011 0.022 0.101 0.019 0.011 0.586 0.022 0.014 0.023 0.024 0.017 0.019 0.011 
 90 QAc-W-0013    (0)   13 :  0.034 0.037 0.048 0.034 0.096 0.007 0.033 0.140 0.046 0.146 0.072 0.016 0.014 0.043 0.007 0.076 0.080 0.018 0.045 0.008 
 91 QAc-W-0014    (0)   13 :  0.011 0.010 0.004 0.013 0.016 0.009 0.011 0.005 0.012 0.015 0.013 0.004 0.801 0.010 0.004 0.015 0.015 0.013 0.015 0.005 
 92 QAc-W-0015    (0)   13 :  0.022 0.037 0.011 0.031 0.076 0.113 0.026 0.014 0.026 0.339 0.049 0.016 0.012 0.037 0.005 0.064 0.047 0.024 0.049 0.004 
 93 QAc-W-0017    (0)   13 :  0.068 0.068 0.012 0.060 0.085 0.036 0.069 0.020 0.070 0.037 0.083 0.009 0.008 0.082 0.016 0.097 0.070 0.049 0.054 0.006 
 94 QAc-W-0018    (0)   13 :  0.045 0.050 0.020 0.039 0.044 0.004 0.048 0.038 0.047 0.022 0.043 0.004 0.361 0.048 0.023 0.055 0.042 0.029 0.027 0.014 
 95 QAc-W-0020    (0)   13 :  0.022 0.018 0.004 0.015 0.019 0.005 0.019 0.004 0.019 0.007 0.022 0.004 0.731 0.024 0.008 0.023 0.019 0.016 0.010 0.011 
 96 QAc-W-0021    (0)   13 :  0.058 0.052 0.018 0.033 0.043 0.003 0.053 0.093 0.059 0.017 0.039 0.010 0.293 0.048 0.012 0.060 0.047 0.032 0.020 0.008 
 97 QAc-W-0022    (0)   13 :  0.071 0.076 0.008 0.046 0.084 0.022 0.068 0.010 0.063 0.089 0.076 0.013 0.017 0.083 0.006 0.080 0.083 0.049 0.049 0.008 
 98 QAc-W-0023    (6)   13 :  0.047 0.054 0.023 0.065 0.085 0.005 0.052 0.021 0.064 0.107 0.083 0.003 0.074 0.053 0.005 0.073 0.081 0.034 0.044 0.026 
 99 QAc-W-0024    (0)   13 :  0.042 0.049 0.010 0.031 0.053 0.005 0.047 0.080 0.044 0.021 0.052 0.050 0.302 0.044 0.006 0.053 0.046 0.032 0.027 0.006 
100 QAc-W-0025    (0)   13 :  0.026 0.024 0.009 0.024 0.031 0.004 0.026 0.014 0.029 0.337 0.033 0.007 0.291 0.025 0.009 0.028 0.035 0.020 0.024 0.004 
101 QAc-W-0026    (0)   13 :  0.036 0.038 0.015 0.029 0.027 0.013 0.035 0.073 0.031 0.045 0.038 0.041 0.384 0.037 0.017 0.033 0.027 0.028 0.030 0.023 
102 QAc-W-0027    (0)   13 :  0.018 0.015 0.011 0.014 0.019 0.004 0.016 0.005 0.017 0.696 0.017 0.005 0.076 0.015 0.006 0.017 0.021 0.013 0.014 0.004 
103 QAc-W-0028    (0)   13 :  0.020 0.021 0.006 0.023 0.037 0.007 0.022 0.004 0.022 0.116 0.040 0.009 0.528 0.026 0.005 0.032 0.037 0.023 0.020 0.003 
104 QAc-W-0029    (0)   13 :  0.025 0.033 0.011 0.035 0.071 0.003 0.032 0.007 0.038 0.196 0.057 0.003 0.227 0.033 0.027 0.057 0.076 0.015 0.036 0.019 
105 QAc-W-0032    (0)   13 :  0.012 0.010 0.004 0.010 0.017 0.003 0.013 0.006 0.011 0.024 0.012 0.003 0.775 0.011 0.005 0.015 0.014 0.011 0.012 0.030 
106 QAc-W-0033    (0)   13 :  0.082 0.082 0.009 0.047 0.052 0.008 0.080 0.012 0.076 0.015 0.052 0.004 0.119 0.073 0.060 0.063 0.063 0.044 0.031 0.028 
107 QAc-W-0035    (0)   13 :  0.037 0.041 0.005 0.037 0.044 0.012 0.037 0.017 0.043 0.366 0.035 0.018 0.090 0.036 0.020 0.038 0.053 0.026 0.037 0.007 
108 QAc-W-0037    (0)   13 :  0.013 0.012 0.006 0.012 0.016 0.006 0.012 0.014 0.015 0.756 0.013 0.008 0.026 0.013 0.008 0.012 0.018 0.010 0.012 0.018 
109 QAc-W-0038    (0)   13 :  0.057 0.060 0.011 0.050 0.096 0.028 0.069 0.006 0.056 0.067 0.088 0.008 0.102 0.063 0.007 0.072 0.063 0.044 0.041 0.010 
110 QAc-W-0040    (0)   13 :  0.027 0.020 0.007 0.053 0.019 0.010 0.023 0.012 0.026 0.017 0.022 0.009 0.567 0.024 0.005 0.016 0.022 0.045 0.058 0.018 
111 QAc-W-0041    (0)   13 :  0.027 0.046 0.027 0.020 0.071 0.005 0.030 0.049 0.034 0.313 0.062 0.030 0.033 0.041 0.027 0.073 0.045 0.022 0.038 0.005 
112 QAc-W-0042    (0)   14 :  0.015 0.020 0.336 0.013 0.028 0.010 0.016 0.014 0.016 0.015 0.024 0.034 0.006 0.018 0.046 0.030 0.023 0.009 0.015 0.310 
113 QAc-W-0044    (0)   14 :  0.025 0.039 0.077 0.030 0.076 0.072 0.028 0.004 0.034 0.073 0.067 0.040 0.008 0.041 0.017 0.072 0.076 0.024 0.043 0.154 
114 QAc-W-0045    (0)   14 :  0.016 0.019 0.659 0.012 0.018 0.006 0.017 0.008 0.018 0.013 0.023 0.011 0.006 0.018 0.075 0.012 0.017 0.011 0.009 0.031 
115 QAc-W-0048    (0)   14 :  0.030 0.025 0.618 0.017 0.017 0.005 0.026 0.014 0.023 0.012 0.016 0.004 0.011 0.026 0.010 0.021 0.024 0.015 0.010 0.075 
116 QAc-W-0050    (0)   14 :  0.021 0.020 0.177 0.016 0.016 0.006 0.023 0.006 0.022 0.009 0.016 0.008 0.004 0.019 0.553 0.019 0.021 0.016 0.013 0.016 
117 QAc-W-0051    (0)   14 :  0.013 0.012 0.033 0.009 0.011 0.039 0.013 0.014 0.014 0.005 0.011 0.006 0.006 0.012 0.664 0.012 0.014 0.009 0.008 0.094 
118 QAc-W-0052    (0)   14 :  0.005 0.005 0.007 0.005 0.005 0.006 0.005 0.003 0.005 0.005 0.005 0.006 0.009 0.005 0.004 0.005 0.005 0.005 0.005 0.902 
119 QAc-W-0053    (0)   14 :  0.011 0.013 0.802 0.009 0.012 0.007 0.011 0.005 0.011 0.008 0.012 0.005 0.008 0.013 0.012 0.013 0.012 0.009 0.011 0.017 
120 QAc-W-0054    (0)   14 :  0.056 0.061 0.028 0.048 0.043 0.054 0.053 0.006 0.066 0.009 0.037 0.086 0.007 0.056 0.137 0.054 0.057 0.039 0.031 0.070 
121 QAc-W-0056    (0)   14 :  0.065 0.057 0.012 0.036 0.032 0.010 0.058 0.010 0.052 0.052 0.033 0.007 0.039 0.053 0.322 0.042 0.054 0.036 0.022 0.007 
122 QAc-W-0057    (0)   14 :  0.033 0.035 0.071 0.020 0.023 0.079 0.029 0.025 0.028 0.017 0.025 0.008 0.006 0.032 0.468 0.026 0.028 0.022 0.016 0.009 
123 QAc-W-0060    (0)   14 :  0.007 0.008 0.005 0.007 0.006 0.843 0.008 0.004 0.007 0.019 0.007 0.009 0.003 0.007 0.004 0.006 0.006 0.006 0.006 0.031 
124 QAc-W-0061    (0)   14 :  0.026 0.024 0.014 0.034 0.019 0.596 0.024 0.011 0.026 0.024 0.024 0.013 0.010 0.027 0.014 0.024 0.022 0.028 0.033 0.005 
125 QAc-W-0062    (0)   14 :  0.005 0.004 0.004 0.005 0.004 0.913 0.004 0.005 0.004 0.004 0.004 0.006 0.003 0.005 0.004 0.004 0.004 0.005 0.005 0.008 
126 QAc-W-0063    (0)   14 :  0.013 0.013 0.006 0.016 0.013 0.747 0.015 0.021 0.014 0.006 0.012 0.020 0.015 0.014 0.005 0.013 0.014 0.010 0.011 0.021 
127 QAc-W-0064    (0)   14 :  0.008 0.009 0.005 0.008 0.008 0.838 0.009 0.006 0.009 0.005 0.007 0.022 0.011 0.009 0.007 0.008 0.008 0.009 0.007 0.005 
128 QAc-W-0065    (0)   14 :  0.018 0.016 0.009 0.015 0.015 0.728 0.018 0.010 0.016 0.012 0.017 0.009 0.007 0.018 0.023 0.015 0.015 0.018 0.015 0.006 
129 QAc-W-0066    (0)   14 :  0.003 0.003 0.003 0.003 0.003 0.005 0.003 0.005 0.003 0.004 0.003 0.937 0.003 0.003 0.003 0.003 0.003 0.003 0.003 0.003 
130 QAc-W-0072    (0)   14 :  0.016 0.015 0.005 0.047 0.018 0.657 0.016 0.009 0.016 0.006 0.016 0.006 0.014 0.016 0.033 0.016 0.014 0.035 0.043 0.004 
131 QAc-W-0073    (0)   14 :  0.012 0.013 0.014 0.010 0.015 0.789 0.014 0.007 0.013 0.007 0.014 0.006 0.006 0.013 0.009 0.013 0.014 0.013 0.010 0.007 
132 QAc-W-0077    (0)   14 :  0.006 0.006 0.008 0.005 0.005 0.669 0.006 0.004 0.006 0.007 0.006 0.226 0.005 0.006 0.007 0.006 0.007 0.006 0.006 0.004 
133 QAc-W-0078    (0)   15 :  0.036 0.032 0.005 0.026 0.021 0.007 0.036 0.578 0.033 0.019 0.026 0.028 0.012 0.029 0.007 0.025 0.026 0.021 0.020 0.013 
134 QAc-W-0079    (6)   15 :  0.006 0.006 0.007 0.006 0.006 0.004 0.006 0.880 0.007 0.008 0.007 0.011 0.005 0.006 0.005 0.006 0.006 0.007 0.006 0.003 
135 QAc-W-0081    (0)   15 :  0.007 0.007 0.004 0.006 0.007 0.008 0.007 0.872 0.009 0.005 0.008 0.004 0.008 0.007 0.005 0.008 0.007 0.006 0.006 0.010 
136 QAc-W-0082    (0)   15 :  0.007 0.005 0.007 0.005 0.007 0.005 0.007 0.412 0.006 0.006 0.006 0.005 0.003 0.006 0.488 0.006 0.007 0.006 0.005 0.003 
137 QAc-W-0083    (0)   15 :  0.009 0.009 0.007 0.010 0.010 0.033 0.008 0.805 0.009 0.007 0.009 0.008 0.008 0.009 0.014 0.008 0.010 0.010 0.009 0.009 
138 QAc-W-0086    (0)   15 :  0.008 0.008 0.005 0.009 0.010 0.005 0.008 0.843 0.008 0.007 0.008 0.013 0.006 0.009 0.016 0.007 0.008 0.008 0.009 0.004 
139 QAc-W-0087    (0)   15 :  0.006 0.005 0.009 0.006 0.007 0.003 0.006 0.890 0.007 0.005 0.006 0.005 0.004 0.007 0.005 0.006 0.006 0.007 0.006 0.003 
140 QAc-W-0088    (0)   15 :  0.017 0.017 0.009 0.013 0.014 0.006 0.017 0.774 0.016 0.012 0.015 0.006 0.006 0.015 0.008 0.015 0.014 0.012 0.011 0.004 
141 QAc-W-0092    (0)   15 :  0.030 0.035 0.016 0.021 0.034 0.005 0.027 0.503 0.032 0.081 0.033 0.011 0.018 0.028 0.006 0.033 0.029 0.020 0.020 0.017 
142 QAc-W-0093    (0)   15 :  0.025 0.027 0.009 0.021 0.029 0.005 0.027 0.626 0.024 0.015 0.032 0.003 0.025 0.023 0.014 0.020 0.022 0.022 0.021 0.009 
143 QAc-W-0094    (0)   15 :  0.035 0.043 0.020 0.028 0.040 0.053 0.046 0.193 0.034 0.008 0.053 0.007 0.051 0.037 0.013 0.039 0.046 0.027 0.023 0.205 
144 QAc-W-0097    (0)   15 :  0.026 0.027 0.011 0.018 0.028 0.007 0.030 0.575 0.027 0.056 0.030 0.006 0.021 0.026 0.010 0.025 0.029 0.021 0.014 0.013 
145 QAc-W-0099    (0)   15 :  0.041 0.043 0.013 0.025 0.036 0.004 0.041 0.489 0.048 0.009 0.037 0.005 0.004 0.037 0.014 0.044 0.041 0.031 0.022 0.014 
146 QAc-W-0107    (0)   15 :  0.010 0.008 0.004 0.007 0.008 0.030 0.009 0.823 0.008 0.005 0.009 0.012 0.006 0.008 0.008 0.010 0.009 0.008 0.007 0.007 
147 QAc-W-0115    (0)   16 :  0.016 0.013 0.004 0.261 0.037 0.007 0.014 0.008 0.015 0.019 0.049 0.005 0.010 0.015 0.005 0.013 0.015 0.221 0.267 0.006 
148 QAc-W-0116    (0)   16 :  0.032 0.030 0.021 0.217 0.035 0.005 0.032 0.006 0.030 0.015 0.045 0.003 0.007 0.036 0.008 0.033 0.035 0.132 0.267 0.012 
149 QAc-W-0117    (0)   16 :  0.010 0.012 0.012 0.297 0.013 0.004 0.012 0.004 0.014 0.008 0.025 0.004 0.005 0.013 0.005 0.012 0.011 0.145 0.390 0.004 
150 QAc-W-0118    (0)   16 :  0.023 0.018 0.008 0.255 0.038 0.021 0.021 0.022 0.018 0.006 0.039 0.033 0.007 0.016 0.008 0.017 0.016 0.174 0.255 0.005 
151 QAc-W-0119    (0)   16 :  0.019 0.021 0.007 0.252 0.018 0.004 0.023 0.007 0.023 0.006 0.044 0.014 0.006 0.021 0.011 0.025 0.020 0.134 0.338 0.007 
152 QAc-W-0120    (0)   16 :  0.044 0.048 0.011 0.206 0.037 0.007 0.043 0.010 0.042 0.008 0.047 0.016 0.009 0.046 0.005 0.033 0.034 0.113 0.236 0.004 
153 QAc-W-0121    (0)   16 :  0.013 0.012 0.006 0.262 0.015 0.010 0.013 0.004 0.013 0.006 0.015 0.068 0.006 0.013 0.032 0.015 0.014 0.119 0.360 0.003 
154 QAc-W-0122    (0)   16 :  0.028 0.028 0.011 0.162 0.088 0.007 0.031 0.005 0.033 0.006 0.067 0.004 0.017 0.043 0.005 0.045 0.044 0.196 0.175 0.004 
155 QAc-W-0123    (6)   16 :  0.026 0.022 0.008 0.229 0.045 0.008 0.023 0.010 0.027 0.013 0.057 0.007 0.004 0.027 0.006 0.026 0.024 0.188 0.234 0.016 
156 QAc-W-0124    (0)   16 :  0.022 0.027 0.004 0.134 0.063 0.106 0.022 0.050 0.021 0.032 0.058 0.010 0.012 0.025 0.006 0.028 0.023 0.184 0.167 0.006 
157 QAc-W-0125    (0)   16 :  0.015 0.014 0.009 0.278 0.015 0.005 0.014 0.020 0.015 0.011 0.041 0.008 0.008 0.015 0.006 0.014 0.014 0.164 0.329 0.007 
158 QAc-W-0132    (6)   16 :  0.032 0.030 0.005 0.166 0.053 0.026 0.033 0.034 0.031 0.034 0.050 0.037 0.016 0.031 0.008 0.032 0.028 0.152 0.184 0.017 
159 QAc-W-0134    (0)   16 :  0.007 0.008 0.006 0.308 0.008 0.007 0.007 0.006 0.007 0.007 0.024 0.005 0.005 0.008 0.004 0.007 0.008 0.161 0.399 0.006 
160 QAc-W-0135    (0)   16 :  0.019 0.025 0.006 0.194 0.041 0.027 0.019 0.009 0.023 0.022 0.048 0.014 0.091 0.022 0.004 0.024 0.025 0.176 0.208 0.004 
161 QAc-W-0136    (0)   16 :  0.010 0.009 0.005 0.292 0.011 0.006 0.009 0.005 0.010 0.005 0.045 0.003 0.005 0.009 0.006 0.010 0.008 0.200 0.347 0.006 
162 QAc-W-0138    (0)   16 :  0.008 0.009 0.004 0.288 0.013 0.005 0.008 0.004 0.009 0.005 0.043 0.004 0.008 0.008 0.005 0.012 0.010 0.200 0.351 0.007 
163 QAc-W-0140    (0)   16 :  0.018 0.017 0.018 0.264 0.029 0.005 0.016 0.005 0.020 0.014 0.029 0.006 0.008 0.019 0.008 0.019 0.023 0.116 0.361 0.004 
164 QAc-W-0141    (6)   16 :  0.054 0.073 0.013 0.065 0.107 0.008 0.068 0.007 0.063 0.037 0.092 0.022 0.016 0.060 0.009 0.090 0.067 0.058 0.083 0.006 
165 QAc-W-0142    (0)   16 :  0.008 0.008 0.005 0.313 0.009 0.016 0.007 0.005 0.007 0.004 0.014 0.012 0.004 0.007 0.011 0.007 0.007 0.142 0.410 0.004 
166 QAc-W-0143    (0)   16 :  0.022 0.019 0.012 0.257 0.027 0.006 0.018 0.028 0.021 0.005 0.046 0.003 0.008 0.020 0.013 0.027 0.020 0.130 0.314 0.006 
167 QAc-W-0145    (0)   16 :  0.009 0.009 0.005 0.265 0.046 0.006 0.010 0.003 0.011 0.005 0.050 0.003 0.004 0.012 0.004 0.013 0.010 0.261 0.269 0.004 
168 QAc-W-0148    (0)   16 :  0.009 0.009 0.005 0.291 0.024 0.008 0.007 0.004 0.008 0.011 0.041 0.004 0.006 0.008 0.005 0.009 0.008 0.203 0.331 0.007 
169 QAc-W-0149    (0)   16 :  0.046 0.046 0.015 0.091 0.102 0.012 0.047 0.009 0.049 0.007 0.077 0.004 0.011 0.064 0.008 0.073 0.070 0.123 0.115 0.031 
170 QAc-W-0150    (0)   16 :  0.031 0.043 0.007 0.109 0.088 0.007 0.036 0.022 0.044 0.027 0.067 0.005 0.074 0.045 0.008 0.062 0.061 0.112 0.135 0.018 
171 QAc-W-0151    (0)   16 :  0.016 0.019 0.007 0.240 0.036 0.007 0.015 0.009 0.017 0.047 0.054 0.004 0.010 0.018 0.008 0.017 0.018 0.196 0.257 0.006 
172 QAc-W-0152    (0)   16 :  0.010 0.010 0.010 0.260 0.043 0.029 0.010 0.005 0.011 0.008 0.050 0.006 0.005 0.011 0.011 0.011 0.013 0.240 0.253 0.005 
173 QAc-W-0153    (0)   16 :  0.050 0.076 0.005 0.056 0.106 0.021 0.089 0.025 0.057 0.026 0.100 0.006 0.005 0.103 0.004 0.075 0.080 0.053 0.059 0.003 
174 QAc-W-0154    (0)   16 :  0.029 0.031 0.006 0.225 0.031 0.004 0.027 0.005 0.034 0.007 0.042 0.003 0.045 0.026 0.005 0.028 0.027 0.114 0.308 0.004 
175 QAc-W-0157    (0)   16 :  0.045 0.030 0.010 0.202 0.024 0.019 0.039 0.004 0.043 0.018 0.041 0.011 0.005 0.028 0.009 0.027 0.030 0.134 0.253 0.026 
176 QAc-W-0158    (0)   16 :  0.026 0.026 0.006 0.192 0.052 0.008 0.024 0.028 0.025 0.046 0.054 0.023 0.040 0.023 0.005 0.026 0.030 0.149 0.208 0.008 
177 QAc-W-0159    (0)   16 :  0.009 0.009 0.006 0.310 0.010 0.003 0.009 0.007 0.010 0.007 0.012 0.004 0.008 0.009 0.009 0.009 0.010 0.134 0.418 0.008 
178 QAc-W-0160    (0)   16 :  0.033 0.035 0.005 0.234 0.038 0.006 0.032 0.009 0.033 0.018 0.045 0.004 0.027 0.028 0.005 0.033 0.031 0.120 0.263 0.004 
179 QAc-W-0162    (0)   16 :  0.022 0.018 0.022 0.232 0.023 0.092 0.018 0.007 0.020 0.004 0.037 0.005 0.004 0.022 0.033 0.015 0.016 0.127 0.268 0.015 
180 QAc-W-0163    (0)   16 :  0.033 0.035 0.032 0.208 0.028 0.009 0.031 0.005 0.031 0.008 0.027 0.007 0.006 0.027 0.104 0.024 0.029 0.099 0.248 0.009 
181 QAc-W-0164    (0)   16 :  0.039 0.037 0.011 0.207 0.034 0.081 0.034 0.010 0.031 0.008 0.041 0.008 0.007 0.036 0.016 0.033 0.031 0.126 0.201 0.009 
182 QAc-W-0167    (0)   17 :  0.075 0.077 0.008 0.043 0.090 0.008 0.094 0.018 0.063 0.006 0.112 0.006 0.006 0.113 0.009 0.077 0.088 0.062 0.040 0.006 
183 QAc-W-0168    (0)   17 :  0.087 0.080 0.015 0.073 0.064 0.017 0.079 0.013 0.078 0.015 0.068 0.043 0.008 0.080 0.008 0.068 0.056 0.068 0.073 0.006 
184 QAc-W-0169    (0)   17 :  0.103 0.090 0.012 0.060 0.052 0.009 0.092 0.004 0.101 0.014 0.058 0.010 0.018 0.092 0.040 0.070 0.091 0.055 0.025 0.004 
185 QAc-W-0170    (0)   17 :  0.099 0.092 0.008 0.058 0.074 0.005 0.090 0.007 0.090 0.048 0.073 0.003 0.010 0.098 0.007 0.066 0.079 0.056 0.032 0.005 
186 QAc-W-0172    (0)   17 :  0.137 0.103 0.005 0.048 0.065 0.002 0.111 0.008 0.113 0.009 0.057 0.002 0.008 0.093 0.005 0.083 0.064 0.045 0.027 0.015 
187 QAc-W-0173    (0)   17 :  0.049 0.064 0.005 0.047 0.118 0.012 0.074 0.006 0.062 0.014 0.131 0.004 0.011 0.099 0.006 0.093 0.082 0.063 0.055 0.005 
188 QAc-W-0174    (0)   17 :  0.063 0.089 0.010 0.050 0.086 0.010 0.077 0.006 0.075 0.008 0.098 0.009 0.005 0.110 0.010 0.090 0.105 0.057 0.038 0.004 


Estimated Allele Frequencies in each cluster
First column gives estimated ancestral frequencies


Locus 1 : 
18 alleles
0.0% missing data
 210   (0.112) 0.112 0.112 0.276 0.138 0.119 0.021 0.111 0.153 0.113 0.068 0.115 0.007 0.016 0.111 0.073 0.109 0.104 0.139 0.152 0.028 
 212   (0.122) 0.122 0.126 0.032 0.097 0.135 0.016 0.123 0.273 0.129 0.420 0.124 0.192 0.044 0.123 0.086 0.127 0.132 0.132 0.098 0.023 
 202   (0.057) 0.057 0.054 0.015 0.035 0.041 0.007 0.055 0.147 0.053 0.035 0.044 0.003 0.061 0.053 0.019 0.049 0.046 0.034 0.023 0.325 
 226   (0.039) 0.039 0.036 0.022 0.023 0.025 0.129 0.037 0.011 0.036 0.004 0.028 0.252 0.004 0.035 0.031 0.029 0.029 0.023 0.014 0.226 
 216   (0.073) 0.073 0.069 0.049 0.095 0.059 0.053 0.071 0.170 0.073 0.010 0.067 0.005 0.016 0.067 0.034 0.064 0.062 0.091 0.098 0.166 
 200   (0.250) 0.250 0.266 0.194 0.229 0.326 0.121 0.262 0.086 0.265 0.373 0.293 0.510 0.529 0.272 0.135 0.310 0.318 0.220 0.226 0.121 
 224   (0.043) 0.043 0.043 0.010 0.029 0.044 0.266 0.043 0.010 0.042 0.020 0.040 0.004 0.008 0.043 0.019 0.045 0.043 0.029 0.024 0.009 
 218   (0.059) 0.059 0.055 0.014 0.091 0.050 0.018 0.057 0.107 0.056 0.011 0.055 0.004 0.078 0.054 0.047 0.053 0.050 0.083 0.105 0.011 
 228   (0.011) 0.011 0.010 0.002 0.006 0.005 0.134 0.010 0.001 0.010 0.001 0.006 0.001 0.001 0.009 0.003 0.008 0.007 0.006 0.004 0.002 
 214   (0.061) 0.061 0.059 0.174 0.045 0.046 0.215 0.058 0.007 0.057 0.007 0.048 0.012 0.006 0.059 0.497 0.052 0.053 0.046 0.031 0.035 
 208   (0.057) 0.057 0.061 0.069 0.048 0.070 0.007 0.065 0.020 0.058 0.034 0.082 0.004 0.219 0.064 0.019 0.063 0.065 0.044 0.037 0.015 
 220   (0.028) 0.028 0.028 0.007 0.022 0.022 0.003 0.028 0.003 0.028 0.005 0.025 0.002 0.003 0.030 0.009 0.025 0.026 0.021 0.016 0.005 
 196   (0.010) 0.010 0.010 0.002 0.005 0.006 0.001 0.010 0.001 0.009 0.001 0.007 0.001 0.001 0.009 0.003 0.008 0.007 0.006 0.004 0.002 
 238   (0.010) 0.010 0.010 0.002 0.007 0.006 0.001 0.010 0.001 0.009 0.001 0.008 0.001 0.001 0.010 0.003 0.008 0.008 0.007 0.004 0.001 
 206   (0.019) 0.019 0.017 0.059 0.018 0.012 0.002 0.018 0.002 0.017 0.002 0.014 0.001 0.003 0.016 0.007 0.015 0.014 0.016 0.021 0.004 
 190   (0.011) 0.011 0.010 0.002 0.006 0.006 0.001 0.010 0.001 0.009 0.001 0.006 0.001 0.001 0.010 0.003 0.007 0.008 0.006 0.004 0.002 
 222   (0.027) 0.027 0.025 0.006 0.100 0.021 0.004 0.025 0.004 0.025 0.003 0.029 0.002 0.007 0.024 0.007 0.020 0.019 0.092 0.138 0.022 
 232   (0.011) 0.011 0.010 0.063 0.006 0.006 0.001 0.010 0.001 0.010 0.001 0.007 0.001 0.001 0.010 0.005 0.008 0.008 0.006 0.004 0.004 

Locus 2 : 
15 alleles
2.1% missing data
 171   (0.206) 0.206 0.209 0.489 0.153 0.223 0.041 0.210 0.176 0.211 0.447 0.216 0.017 0.310 0.211 0.223 0.227 0.231 0.147 0.129 0.233 
 175   (0.092) 0.092 0.090 0.025 0.065 0.072 0.025 0.090 0.266 0.092 0.053 0.075 0.023 0.040 0.086 0.305 0.082 0.082 0.061 0.049 0.210 
 185   (0.057) 0.057 0.054 0.013 0.116 0.058 0.015 0.054 0.082 0.056 0.007 0.063 0.005 0.008 0.053 0.019 0.052 0.049 0.118 0.143 0.012 
 179   (0.075) 0.075 0.074 0.018 0.144 0.089 0.508 0.073 0.009 0.072 0.010 0.090 0.034 0.008 0.078 0.027 0.073 0.072 0.192 0.170 0.257 
 181   (0.092) 0.092 0.095 0.118 0.060 0.100 0.042 0.093 0.350 0.095 0.126 0.090 0.570 0.028 0.093 0.076 0.105 0.097 0.059 0.052 0.034 
 173   (0.196) 0.196 0.198 0.165 0.216 0.220 0.138 0.197 0.040 0.199 0.199 0.198 0.327 0.182 0.192 0.208 0.198 0.211 0.182 0.221 0.170 
 177   (0.037) 0.037 0.034 0.010 0.049 0.029 0.190 0.034 0.005 0.034 0.004 0.031 0.003 0.004 0.033 0.033 0.030 0.029 0.048 0.053 0.006 
 187   (0.094) 0.094 0.096 0.041 0.068 0.085 0.024 0.097 0.011 0.094 0.123 0.098 0.008 0.103 0.103 0.062 0.095 0.095 0.072 0.056 0.018 
 183   (0.060) 0.060 0.062 0.082 0.072 0.061 0.007 0.064 0.020 0.062 0.008 0.068 0.006 0.007 0.067 0.020 0.062 0.058 0.063 0.085 0.016 
 189   (0.030) 0.030 0.028 0.007 0.022 0.022 0.003 0.028 0.003 0.029 0.016 0.024 0.002 0.303 0.027 0.010 0.027 0.026 0.022 0.019 0.005 
 191   (0.020) 0.020 0.019 0.023 0.012 0.015 0.003 0.019 0.033 0.018 0.002 0.019 0.002 0.003 0.018 0.007 0.016 0.018 0.012 0.008 0.032 
 163   (0.010) 0.010 0.009 0.002 0.005 0.005 0.001 0.009 0.001 0.009 0.001 0.006 0.001 0.001 0.009 0.002 0.007 0.007 0.006 0.004 0.001 
 165   (0.011) 0.011 0.010 0.002 0.006 0.006 0.001 0.010 0.001 0.010 0.001 0.006 0.001 0.001 0.010 0.003 0.008 0.007 0.006 0.004 0.002 
 193   (0.011) 0.011 0.012 0.002 0.007 0.007 0.001 0.011 0.001 0.011 0.001 0.009 0.001 0.001 0.011 0.003 0.011 0.010 0.007 0.005 0.002 
 167   (0.011) 0.011 0.009 0.002 0.005 0.007 0.001 0.010 0.001 0.010 0.001 0.007 0.001 0.001 0.010 0.003 0.008 0.008 0.006 0.004 0.002 

Locus 3 : 
4 alleles
1.1% missing data
 206   (0.891) 0.891 0.895 0.905 0.931 0.917 0.888 0.893 0.977 0.898 0.984 0.914 0.989 0.675 0.895 0.950 0.909 0.910 0.933 0.952 0.903 
 208   (0.058) 0.058 0.054 0.064 0.035 0.040 0.050 0.055 0.007 0.053 0.010 0.043 0.004 0.319 0.053 0.036 0.047 0.047 0.035 0.024 0.011 
 204   (0.038) 0.038 0.036 0.028 0.025 0.026 0.061 0.036 0.014 0.036 0.005 0.028 0.007 0.004 0.035 0.011 0.030 0.029 0.023 0.015 0.084 
 212   (0.013) 0.013 0.015 0.003 0.010 0.016 0.002 0.016 0.002 0.013 0.002 0.015 0.001 0.001 0.017 0.003 0.013 0.014 0.009 0.009 0.002 

Locus 4 : 
15 alleles
1.1% missing data
 165   (0.074) 0.074 0.077 0.018 0.052 0.095 0.323 0.081 0.483 0.077 0.027 0.078 0.005 0.012 0.078 0.066 0.081 0.090 0.051 0.046 0.042 
 163   (0.203) 0.203 0.208 0.297 0.239 0.236 0.074 0.212 0.028 0.206 0.057 0.231 0.015 0.080 0.219 0.161 0.222 0.221 0.247 0.256 0.073 
 167   (0.143) 0.143 0.141 0.093 0.143 0.131 0.019 0.142 0.058 0.142 0.197 0.141 0.009 0.245 0.142 0.140 0.136 0.140 0.132 0.149 0.505 
 161   (0.370) 0.370 0.371 0.426 0.424 0.386 0.562 0.362 0.119 0.373 0.682 0.379 0.957 0.479 0.364 0.501 0.377 0.370 0.426 0.443 0.325 
 153   (0.015) 0.015 0.015 0.003 0.010 0.014 0.002 0.014 0.002 0.015 0.003 0.014 0.001 0.008 0.013 0.005 0.015 0.017 0.008 0.007 0.003 
 173   (0.030) 0.030 0.029 0.023 0.018 0.019 0.003 0.028 0.269 0.029 0.003 0.022 0.002 0.003 0.027 0.065 0.025 0.024 0.018 0.011 0.005 
 171   (0.036) 0.036 0.036 0.040 0.024 0.032 0.004 0.039 0.005 0.037 0.004 0.039 0.003 0.004 0.038 0.018 0.037 0.035 0.025 0.015 0.026 
 179   (0.010) 0.010 0.009 0.002 0.006 0.006 0.001 0.009 0.001 0.009 0.003 0.006 0.001 0.001 0.009 0.003 0.007 0.008 0.006 0.003 0.002 
 157   (0.022) 0.022 0.021 0.015 0.012 0.014 0.002 0.021 0.003 0.020 0.013 0.015 0.001 0.153 0.020 0.008 0.018 0.017 0.012 0.008 0.004 
 149   (0.011) 0.011 0.010 0.027 0.006 0.006 0.001 0.010 0.001 0.009 0.001 0.007 0.001 0.001 0.009 0.005 0.007 0.007 0.006 0.003 0.002 
 177   (0.021) 0.021 0.020 0.005 0.013 0.019 0.002 0.021 0.009 0.021 0.003 0.018 0.001 0.002 0.021 0.007 0.020 0.020 0.014 0.009 0.004 
 155   (0.016) 0.016 0.015 0.004 0.009 0.010 0.002 0.015 0.002 0.015 0.002 0.011 0.001 0.004 0.015 0.005 0.012 0.013 0.010 0.007 0.003 
 175   (0.010) 0.010 0.010 0.007 0.006 0.006 0.001 0.010 0.001 0.010 0.001 0.007 0.001 0.001 0.009 0.003 0.008 0.008 0.006 0.003 0.002 
 169   (0.020) 0.020 0.020 0.034 0.012 0.013 0.002 0.020 0.016 0.019 0.002 0.016 0.001 0.002 0.019 0.008 0.018 0.017 0.013 0.009 0.004 
 159   (0.020) 0.020 0.018 0.004 0.027 0.013 0.002 0.018 0.002 0.018 0.002 0.016 0.001 0.002 0.017 0.006 0.015 0.015 0.025 0.030 0.003 

Locus 5 : 
16 alleles
0.0% missing data
 148   (0.119) 0.119 0.118 0.090 0.089 0.110 0.048 0.120 0.290 0.118 0.202 0.110 0.363 0.099 0.115 0.031 0.115 0.116 0.093 0.074 0.027 
 160   (0.023) 0.023 0.022 0.023 0.015 0.015 0.003 0.021 0.061 0.021 0.003 0.017 0.001 0.003 0.020 0.006 0.019 0.018 0.013 0.008 0.063 
 154   (0.077) 0.077 0.078 0.020 0.140 0.074 0.167 0.075 0.026 0.079 0.009 0.080 0.009 0.018 0.077 0.040 0.077 0.071 0.124 0.158 0.049 
 150   (0.062) 0.062 0.061 0.074 0.039 0.052 0.010 0.061 0.010 0.060 0.028 0.053 0.012 0.059 0.060 0.432 0.061 0.061 0.039 0.028 0.013 
 138   (0.122) 0.122 0.120 0.085 0.178 0.125 0.191 0.120 0.148 0.121 0.049 0.133 0.008 0.022 0.119 0.047 0.109 0.119 0.165 0.189 0.298 
 166   (0.029) 0.029 0.027 0.224 0.017 0.017 0.003 0.027 0.011 0.026 0.005 0.020 0.002 0.031 0.025 0.009 0.022 0.020 0.016 0.010 0.288 
 146   (0.096) 0.096 0.093 0.091 0.066 0.082 0.229 0.096 0.166 0.092 0.023 0.085 0.343 0.029 0.095 0.033 0.084 0.085 0.067 0.048 0.073 
 164   (0.014) 0.014 0.013 0.003 0.008 0.010 0.001 0.014 0.002 0.013 0.002 0.010 0.001 0.002 0.013 0.004 0.011 0.011 0.008 0.005 0.036 
 142   (0.017) 0.017 0.016 0.005 0.016 0.010 0.002 0.015 0.002 0.015 0.002 0.010 0.006 0.002 0.014 0.233 0.012 0.012 0.012 0.015 0.003 
 144   (0.154) 0.154 0.160 0.251 0.153 0.180 0.302 0.158 0.027 0.157 0.398 0.172 0.226 0.068 0.163 0.069 0.170 0.167 0.165 0.169 0.056 
 140   (0.087) 0.087 0.090 0.021 0.136 0.098 0.010 0.089 0.018 0.086 0.244 0.102 0.007 0.191 0.091 0.021 0.093 0.086 0.137 0.169 0.017 
 158   (0.047) 0.047 0.050 0.028 0.036 0.058 0.005 0.046 0.083 0.052 0.011 0.053 0.004 0.009 0.048 0.016 0.058 0.061 0.032 0.035 0.032 
 162   (0.028) 0.028 0.027 0.007 0.018 0.023 0.003 0.028 0.131 0.026 0.005 0.024 0.002 0.003 0.029 0.021 0.024 0.026 0.018 0.011 0.005 
 152   (0.090) 0.090 0.092 0.033 0.067 0.121 0.022 0.094 0.012 0.099 0.016 0.098 0.015 0.461 0.096 0.029 0.113 0.116 0.089 0.065 0.018 
 134   (0.015) 0.015 0.015 0.039 0.010 0.012 0.002 0.016 0.002 0.016 0.002 0.017 0.001 0.002 0.017 0.005 0.015 0.015 0.010 0.006 0.003 
 156   (0.019) 0.019 0.018 0.005 0.011 0.014 0.002 0.019 0.011 0.018 0.003 0.017 0.001 0.002 0.019 0.005 0.016 0.016 0.013 0.008 0.018 

Locus 6 : 
12 alleles
0.0% missing data
 225   (0.042) 0.042 0.040 0.010 0.029 0.031 0.006 0.041 0.124 0.040 0.005 0.034 0.293 0.009 0.039 0.026 0.036 0.034 0.030 0.027 0.007 
 239   (0.099) 0.099 0.100 0.044 0.083 0.101 0.227 0.100 0.027 0.100 0.097 0.096 0.433 0.013 0.098 0.045 0.093 0.101 0.067 0.059 0.231 
 229   (0.014) 0.014 0.013 0.003 0.008 0.009 0.001 0.013 0.310 0.013 0.002 0.009 0.001 0.001 0.012 0.004 0.011 0.011 0.008 0.005 0.002 
 235   (0.311) 0.311 0.312 0.129 0.364 0.344 0.310 0.313 0.372 0.316 0.423 0.333 0.222 0.264 0.319 0.559 0.321 0.318 0.416 0.403 0.084 
 237   (0.210) 0.210 0.216 0.161 0.195 0.219 0.268 0.215 0.036 0.212 0.275 0.226 0.025 0.193 0.219 0.137 0.224 0.217 0.201 0.186 0.062 
 233   (0.099) 0.099 0.098 0.093 0.067 0.097 0.160 0.098 0.056 0.098 0.166 0.095 0.011 0.483 0.095 0.075 0.099 0.104 0.064 0.057 0.258 
 227   (0.029) 0.029 0.026 0.449 0.016 0.017 0.003 0.027 0.003 0.026 0.003 0.021 0.002 0.003 0.026 0.029 0.023 0.021 0.016 0.009 0.301 
 245   (0.065) 0.066 0.068 0.019 0.104 0.077 0.008 0.066 0.008 0.068 0.012 0.074 0.005 0.018 0.068 0.028 0.076 0.080 0.078 0.124 0.020 
 241   (0.039) 0.039 0.038 0.031 0.031 0.029 0.007 0.038 0.051 0.040 0.005 0.030 0.003 0.006 0.037 0.027 0.035 0.034 0.031 0.024 0.013 
 231   (0.051) 0.051 0.051 0.023 0.050 0.046 0.006 0.052 0.006 0.050 0.006 0.050 0.003 0.005 0.052 0.051 0.051 0.048 0.050 0.047 0.015 
 243   (0.028) 0.028 0.027 0.036 0.045 0.024 0.003 0.027 0.003 0.026 0.004 0.024 0.002 0.003 0.025 0.014 0.023 0.024 0.032 0.054 0.005 
 251   (0.012) 0.012 0.011 0.002 0.007 0.006 0.001 0.011 0.001 0.011 0.001 0.007 0.001 0.001 0.011 0.003 0.008 0.008 0.007 0.004 0.002 

Locus 7 : 
5 alleles
0.0% missing data
 118   (0.922) 0.922 0.927 0.983 0.955 0.939 0.992 0.923 0.990 0.926 0.938 0.940 0.994 0.929 0.927 0.541 0.934 0.931 0.953 0.968 0.656 
 124   (0.039) 0.039 0.037 0.009 0.023 0.034 0.004 0.039 0.005 0.039 0.058 0.031 0.003 0.067 0.036 0.010 0.036 0.038 0.025 0.017 0.338 
 116   (0.012) 0.012 0.011 0.003 0.007 0.006 0.001 0.011 0.002 0.011 0.001 0.007 0.002 0.001 0.010 0.442 0.008 0.008 0.006 0.004 0.002 
 114   (0.016) 0.016 0.015 0.003 0.010 0.015 0.002 0.017 0.002 0.015 0.002 0.015 0.001 0.002 0.017 0.004 0.015 0.015 0.010 0.007 0.003 
 122   (0.011) 0.011 0.010 0.002 0.006 0.006 0.001 0.010 0.001 0.010 0.001 0.007 0.001 0.001 0.010 0.003 0.008 0.008 0.006 0.004 0.002 

Locus 8 : 
5 alleles
0.0% missing data
 135   (0.052) 0.052 0.056 0.012 0.040 0.080 0.006 0.060 0.021 0.061 0.026 0.065 0.010 0.012 0.054 0.015 0.075 0.083 0.043 0.043 0.009 
 139   (0.765) 0.765 0.770 0.658 0.736 0.783 0.958 0.764 0.819 0.766 0.924 0.772 0.928 0.940 0.773 0.507 0.765 0.766 0.767 0.707 0.952 
 137   (0.137) 0.137 0.132 0.319 0.178 0.107 0.031 0.134 0.155 0.131 0.045 0.130 0.059 0.043 0.131 0.464 0.125 0.116 0.144 0.203 0.031 
 143   (0.032) 0.032 0.030 0.008 0.030 0.021 0.004 0.031 0.004 0.030 0.004 0.023 0.002 0.003 0.031 0.012 0.025 0.026 0.029 0.032 0.006 
 141   (0.013) 0.013 0.012 0.003 0.016 0.009 0.001 0.012 0.002 0.012 0.002 0.010 0.001 0.002 0.011 0.003 0.009 0.009 0.017 0.016 0.002 

Locus 9 : 
11 alleles
0.0% missing data
 116   (0.297) 0.297 0.307 0.115 0.316 0.348 0.168 0.305 0.424 0.313 0.269 0.324 0.362 0.521 0.299 0.197 0.333 0.343 0.289 0.332 0.101 
 112   (0.087) 0.087 0.086 0.020 0.115 0.093 0.383 0.083 0.056 0.084 0.077 0.086 0.013 0.033 0.089 0.030 0.082 0.081 0.127 0.133 0.015 
 122   (0.059) 0.059 0.055 0.288 0.036 0.040 0.305 0.055 0.007 0.054 0.007 0.044 0.441 0.008 0.054 0.142 0.046 0.047 0.034 0.023 0.312 
 114   (0.224) 0.225 0.221 0.231 0.257 0.224 0.045 0.226 0.079 0.227 0.350 0.229 0.021 0.362 0.229 0.073 0.223 0.225 0.259 0.271 0.049 
 120   (0.040) 0.040 0.037 0.010 0.028 0.027 0.021 0.037 0.005 0.036 0.158 0.029 0.003 0.004 0.035 0.011 0.031 0.030 0.029 0.023 0.215 
 130   (0.036) 0.036 0.036 0.076 0.028 0.040 0.004 0.035 0.005 0.038 0.034 0.038 0.002 0.006 0.034 0.010 0.039 0.040 0.020 0.020 0.178 
 118   (0.127) 0.127 0.130 0.049 0.127 0.131 0.018 0.129 0.408 0.124 0.076 0.133 0.018 0.037 0.129 0.049 0.129 0.120 0.148 0.129 0.106 
 124   (0.059) 0.059 0.056 0.073 0.046 0.042 0.049 0.058 0.007 0.055 0.007 0.049 0.135 0.007 0.057 0.211 0.049 0.050 0.045 0.038 0.010 
 126   (0.037) 0.037 0.036 0.131 0.024 0.026 0.004 0.037 0.006 0.037 0.018 0.034 0.003 0.008 0.037 0.268 0.033 0.032 0.024 0.014 0.008 
 108   (0.014) 0.014 0.016 0.003 0.010 0.011 0.001 0.014 0.001 0.014 0.001 0.014 0.001 0.001 0.015 0.003 0.015 0.014 0.010 0.007 0.002 
 128   (0.020) 0.020 0.019 0.005 0.013 0.018 0.002 0.020 0.002 0.019 0.002 0.021 0.001 0.014 0.021 0.005 0.019 0.017 0.014 0.010 0.003 

Locus 10 : 
4 alleles
0.0% missing data
 232   (0.899) 0.899 0.900 0.670 0.911 0.922 0.989 0.902 0.988 0.904 0.952 0.909 0.993 0.988 0.901 0.963 0.911 0.912 0.921 0.921 0.974 
 238   (0.076) 0.076 0.074 0.325 0.073 0.060 0.009 0.073 0.009 0.073 0.045 0.069 0.005 0.009 0.073 0.031 0.066 0.065 0.062 0.068 0.022 
 234   (0.014) 0.014 0.016 0.003 0.009 0.011 0.001 0.014 0.002 0.014 0.001 0.014 0.001 0.001 0.016 0.003 0.016 0.015 0.011 0.007 0.002 
 244   (0.011) 0.011 0.010 0.002 0.006 0.007 0.001 0.010 0.001 0.010 0.001 0.008 0.001 0.001 0.010 0.003 0.008 0.008 0.006 0.004 0.002 

Locus 11 : 
7 alleles
0.0% missing data
 165   (0.773) 0.773 0.777 0.901 0.839 0.812 0.800 0.776 0.921 0.784 0.772 0.803 0.768 0.929 0.775 0.525 0.791 0.793 0.826 0.875 0.936 
 167   (0.073) 0.073 0.068 0.018 0.052 0.047 0.184 0.069 0.056 0.067 0.012 0.050 0.221 0.008 0.067 0.389 0.057 0.057 0.050 0.038 0.021 
 161   (0.109) 0.109 0.113 0.071 0.075 0.111 0.012 0.113 0.018 0.108 0.211 0.115 0.008 0.058 0.118 0.074 0.117 0.117 0.078 0.057 0.036 
 155   (0.010) 0.010 0.009 0.002 0.006 0.005 0.001 0.009 0.001 0.009 0.001 0.006 0.001 0.001 0.009 0.002 0.007 0.007 0.006 0.004 0.002 
 173   (0.011) 0.011 0.012 0.002 0.007 0.007 0.001 0.011 0.001 0.010 0.001 0.009 0.001 0.001 0.011 0.003 0.010 0.010 0.007 0.005 0.002 
 163   (0.011) 0.011 0.010 0.003 0.015 0.010 0.001 0.010 0.001 0.010 0.001 0.010 0.001 0.001 0.009 0.003 0.008 0.008 0.027 0.018 0.002 
 171   (0.012) 0.012 0.011 0.002 0.007 0.008 0.001 0.011 0.001 0.011 0.001 0.008 0.001 0.001 0.011 0.003 0.009 0.008 0.006 0.004 0.002 

Locus 12 : 
8 alleles
0.0% missing data
 137   (0.525) 0.525 0.526 0.558 0.624 0.530 0.417 0.524 0.393 0.529 0.232 0.537 0.450 0.322 0.525 0.743 0.529 0.518 0.645 0.689 0.852 
 140   (0.156) 0.156 0.161 0.065 0.139 0.188 0.049 0.156 0.213 0.160 0.513 0.172 0.015 0.610 0.156 0.058 0.172 0.181 0.113 0.119 0.030 
 134   (0.247) 0.247 0.243 0.320 0.185 0.226 0.526 0.248 0.385 0.244 0.246 0.228 0.530 0.053 0.249 0.178 0.239 0.243 0.180 0.151 0.106 
 149   (0.011) 0.011 0.010 0.003 0.006 0.006 0.001 0.010 0.001 0.010 0.001 0.007 0.001 0.001 0.010 0.003 0.008 0.008 0.006 0.004 0.002 
 143   (0.014) 0.014 0.013 0.039 0.008 0.009 0.001 0.014 0.002 0.013 0.002 0.012 0.002 0.001 0.013 0.005 0.011 0.011 0.008 0.005 0.003 
 128   (0.011) 0.011 0.010 0.007 0.006 0.007 0.001 0.010 0.001 0.010 0.001 0.007 0.001 0.001 0.010 0.003 0.008 0.008 0.006 0.004 0.002 
 125   (0.017) 0.017 0.016 0.004 0.019 0.013 0.002 0.015 0.002 0.015 0.002 0.014 0.001 0.010 0.015 0.006 0.013 0.012 0.027 0.019 0.003 
 146   (0.019) 0.019 0.020 0.004 0.012 0.020 0.002 0.022 0.002 0.018 0.002 0.022 0.001 0.002 0.024 0.005 0.020 0.020 0.014 0.010 0.003 

Locus 13 : 
19 alleles
0.5% missing data
 206   (0.130) 0.130 0.126 0.061 0.132 0.110 0.028 0.126 0.431 0.126 0.180 0.118 0.045 0.266 0.121 0.114 0.116 0.113 0.135 0.122 0.210 
 210   (0.102) 0.101 0.106 0.025 0.073 0.115 0.038 0.099 0.286 0.103 0.143 0.106 0.415 0.174 0.102 0.047 0.111 0.108 0.074 0.066 0.018 
 190   (0.072) 0.072 0.072 0.016 0.091 0.073 0.011 0.076 0.009 0.072 0.009 0.070 0.005 0.079 0.075 0.033 0.072 0.071 0.074 0.111 0.028 
 202   (0.088) 0.088 0.092 0.263 0.062 0.107 0.013 0.091 0.015 0.095 0.012 0.095 0.008 0.031 0.092 0.213 0.106 0.114 0.062 0.051 0.552 
 214   (0.043) 0.043 0.040 0.010 0.027 0.034 0.145 0.042 0.005 0.040 0.019 0.036 0.257 0.059 0.039 0.013 0.036 0.034 0.027 0.018 0.007 
 212   (0.036) 0.036 0.033 0.007 0.185 0.034 0.004 0.033 0.004 0.034 0.004 0.048 0.186 0.004 0.031 0.020 0.028 0.027 0.180 0.262 0.006 
 192   (0.109) 0.109 0.115 0.027 0.089 0.139 0.013 0.114 0.041 0.114 0.271 0.125 0.008 0.088 0.120 0.051 0.130 0.135 0.083 0.083 0.057 
 204   (0.040) 0.040 0.039 0.014 0.029 0.039 0.054 0.038 0.005 0.039 0.009 0.035 0.015 0.017 0.039 0.016 0.039 0.035 0.034 0.025 0.015 
 184   (0.058) 0.058 0.056 0.012 0.065 0.056 0.007 0.054 0.089 0.060 0.021 0.057 0.004 0.016 0.055 0.019 0.054 0.053 0.086 0.068 0.010 
 216   (0.019) 0.019 0.019 0.004 0.018 0.025 0.002 0.018 0.002 0.021 0.284 0.017 0.001 0.013 0.017 0.006 0.015 0.024 0.010 0.014 0.003 
 208   (0.042) 0.042 0.042 0.009 0.044 0.047 0.005 0.042 0.005 0.043 0.016 0.043 0.014 0.208 0.040 0.014 0.045 0.047 0.040 0.043 0.009 
 198   (0.038) 0.038 0.042 0.008 0.026 0.046 0.004 0.044 0.004 0.039 0.005 0.051 0.003 0.004 0.045 0.011 0.045 0.042 0.030 0.023 0.017 
 194   (0.062) 0.062 0.060 0.204 0.042 0.046 0.610 0.060 0.028 0.057 0.007 0.050 0.006 0.019 0.058 0.342 0.051 0.052 0.039 0.027 0.017 
 186   (0.018) 0.018 0.016 0.004 0.011 0.010 0.048 0.016 0.002 0.016 0.002 0.011 0.012 0.002 0.015 0.009 0.013 0.012 0.009 0.005 0.003 
 188   (0.019) 0.019 0.018 0.028 0.012 0.013 0.002 0.019 0.002 0.018 0.004 0.015 0.001 0.003 0.019 0.006 0.017 0.017 0.012 0.007 0.003 
 200   (0.065) 0.065 0.062 0.293 0.048 0.056 0.010 0.065 0.064 0.064 0.007 0.061 0.015 0.010 0.067 0.061 0.061 0.058 0.055 0.039 0.032 
 196   (0.037) 0.037 0.037 0.009 0.030 0.035 0.005 0.039 0.005 0.036 0.004 0.038 0.002 0.004 0.042 0.018 0.039 0.035 0.033 0.025 0.006 
 220   (0.010) 0.010 0.009 0.003 0.006 0.006 0.001 0.010 0.001 0.009 0.001 0.008 0.001 0.001 0.009 0.003 0.008 0.008 0.006 0.004 0.005 
 180   (0.013) 0.013 0.016 0.003 0.009 0.011 0.001 0.014 0.001 0.013 0.001 0.014 0.001 0.001 0.015 0.004 0.015 0.015 0.011 0.007 0.002 

Locus 14 : 
8 alleles
1.1% missing data
 139   (0.075) 0.075 0.074 0.053 0.046 0.064 0.166 0.071 0.091 0.070 0.252 0.058 0.189 0.010 0.072 0.110 0.070 0.066 0.044 0.034 0.041 
 145   (0.065) 0.065 0.062 0.036 0.092 0.067 0.010 0.062 0.137 0.065 0.021 0.064 0.008 0.010 0.062 0.026 0.056 0.057 0.132 0.106 0.013 
 151   (0.305) 0.305 0.307 0.279 0.346 0.307 0.557 0.300 0.476 0.307 0.171 0.301 0.334 0.678 0.302 0.179 0.312 0.312 0.314 0.371 0.352 
 157   (0.359) 0.359 0.368 0.294 0.346 0.416 0.155 0.376 0.216 0.371 0.492 0.410 0.146 0.265 0.373 0.477 0.390 0.396 0.333 0.325 0.475 
 154   (0.099) 0.099 0.099 0.028 0.106 0.075 0.100 0.098 0.014 0.095 0.051 0.091 0.317 0.026 0.101 0.119 0.093 0.091 0.099 0.116 0.017 
 163   (0.041) 0.041 0.039 0.011 0.025 0.029 0.005 0.040 0.058 0.039 0.005 0.033 0.003 0.005 0.038 0.052 0.033 0.033 0.025 0.016 0.092 
 160   (0.029) 0.029 0.027 0.282 0.016 0.017 0.003 0.028 0.004 0.027 0.003 0.020 0.002 0.003 0.027 0.012 0.022 0.022 0.017 0.011 0.005 
 142   (0.027) 0.027 0.025 0.015 0.022 0.025 0.003 0.026 0.003 0.026 0.004 0.023 0.002 0.003 0.026 0.024 0.023 0.023 0.036 0.022 0.005 

Locus 15 : 
13 alleles
1.6% missing data
 256   (0.148) 0.148 0.139 0.152 0.141 0.114 0.122 0.141 0.164 0.143 0.155 0.124 0.069 0.177 0.136 0.233 0.125 0.122 0.120 0.133 0.121 
 262   (0.021) 0.021 0.019 0.008 0.011 0.012 0.002 0.019 0.284 0.018 0.002 0.013 0.001 0.002 0.018 0.175 0.014 0.015 0.012 0.007 0.003 
 246   (0.115) 0.116 0.120 0.096 0.100 0.149 0.013 0.123 0.181 0.122 0.127 0.135 0.008 0.084 0.121 0.101 0.127 0.137 0.082 0.089 0.023 
 258   (0.182) 0.182 0.194 0.155 0.179 0.237 0.024 0.187 0.024 0.191 0.293 0.204 0.014 0.237 0.194 0.184 0.227 0.232 0.177 0.187 0.549 
 254   (0.107) 0.107 0.104 0.069 0.088 0.092 0.342 0.108 0.013 0.106 0.027 0.102 0.156 0.165 0.107 0.065 0.101 0.096 0.103 0.073 0.183 
 250   (0.033) 0.033 0.031 0.010 0.026 0.022 0.081 0.031 0.004 0.031 0.004 0.024 0.657 0.003 0.029 0.016 0.025 0.026 0.023 0.022 0.008 
 242   (0.104) 0.104 0.106 0.061 0.131 0.114 0.150 0.107 0.186 0.102 0.013 0.119 0.070 0.012 0.114 0.066 0.102 0.101 0.157 0.141 0.021 
 252   (0.066) 0.066 0.068 0.020 0.050 0.065 0.040 0.065 0.102 0.072 0.025 0.067 0.007 0.026 0.067 0.046 0.070 0.066 0.053 0.045 0.013 
 248   (0.131) 0.131 0.131 0.399 0.196 0.127 0.217 0.127 0.022 0.127 0.334 0.132 0.012 0.035 0.127 0.082 0.125 0.123 0.199 0.227 0.065 
 260   (0.041) 0.041 0.039 0.019 0.026 0.033 0.004 0.041 0.005 0.039 0.015 0.035 0.003 0.253 0.040 0.013 0.038 0.040 0.027 0.021 0.007 
 264   (0.015) 0.015 0.015 0.003 0.009 0.012 0.001 0.015 0.002 0.014 0.002 0.015 0.001 0.001 0.016 0.004 0.015 0.015 0.010 0.007 0.002 
 244   (0.025) 0.026 0.024 0.007 0.035 0.017 0.003 0.024 0.013 0.024 0.003 0.023 0.002 0.003 0.023 0.012 0.022 0.020 0.029 0.046 0.004 
 276   (0.011) 0.011 0.009 0.002 0.006 0.006 0.001 0.009 0.001 0.010 0.001 0.006 0.001 0.001 0.009 0.003 0.007 0.007 0.006 0.004 0.001 

Values of parameters used in structure:
DATAFILE=G:\Shared drives\Emily_Schumacher\QUAC_analyses\QUAC_structure_wild_relate\QUAC_allpop_relate_red_12_15_21\project_data,	OUTFILE=G:\Shared drives\Emily_Schumacher\QUAC_analyses\QUAC_structure_wild_relate\QUAC_allpop_relate_red_12_15_21\50-100\Results\50-100_run_100,	NUMINDS=188,	NUMLOCI=15,	MISSING=-9,	LABEL=1,	POPDATA=1,	POPFLAG=0,	PHENOTYPE=0,	EXTRACOLS=0,	MAXPOPS=20,	BURNIN=50000,	NUMREPS=100000,	USEPOPINFO=0,	INFERALPHA=1,	INFERLAMBDA=0,	POPSPECIFICLAMBDA=0,	POPALPHAS=0,	COMPUTEPROB=1,	NOADMIX=0,	ADMBURNIN=2500,	UPDATEFREQ=1,	PRINTLIKES=0,	INTERMEDSAVE=0,	PRINTKLD=0,	PRINTNET=0,	PRINTLAMBDA=0,	ANCESTDIST=0,	NUMBOXES=1000,	ANCESTPINT=0.90000,	GENSBACK=2,	MIGRPRIOR=0.05000,	PRINTQHAT=0,	PRINTQSUM=0,	ALPHA=1.0000,	FREQSCORR=1,	FPRIORMEAN=0.0100,	FPRIORSD=0.0500,	ONEFST=0,	LAMBDA=1.0000,	UNIFPRIORALPHA=1,	ALPHAMAX=10.0000,	ALPHAPRIORA=1.0000,	ALPHAPRIORB=2.0000,	ALPHAPROPSD=0.0250,	STARTATPOPINFO=0,	RANDOMIZE=1,	LINKAGE=0,	METROFREQ=10,	REPORTHITRATE=0,	MARKOVPHASE=-1,	PHASED=0,	PLOIDY=2,	PHASEINFO=0	LOCPRIOR=0, 	LOCPRIORINIT=1.000000, 	LOCDATA=0, 	LOCISPOP=0, 	LOCPRIORSTEP=0.100000, 	MAXLOCPRIOR=20.000000, 	SEED=1639616983,	
[STRAT parameters]:    NUMSIMSTATS=1000,	PHENOTYPECOL=-9,	POOLFREQ=10,	LOCUSxONLY=0,	EMERROR=0.00100,	MISSINGPHENO=-9,	