

----------------------------------------------------
STRUCTURE by Pritchard, Stephens and Donnelly (2000)
     and Falush, Stephens and Pritchard (2003)
       Code by Pritchard, Falush and Hubisz
             Version 2.3.4 (Jul 2012)
----------------------------------------------------



Command line arguments:   bin\structure -m G:\Shared drives\Emily_Schumacher\QUAC_analyses\QUAC_structure_wild_relate\QUAC_allpop_relate_red_12_15_21\50-100\mainparams -e G:\Shared drives\Emily_Schumacher\QUAC_analyses\QUAC_structure_wild_relate\QUAC_allpop_relate_red_12_15_21\50-100\extraparams 
Input File:    G:\Shared drives\Emily_Schumacher\QUAC_analyses\QUAC_structure_wild_relate\QUAC_allpop_relate_red_12_15_21\project_data

Run parameters:
   188 individuals
   15 loci
   14 populations assumed
   50000 Burn-in period
   100000 Reps


--------------------------------------------
Proportion of membership of each pre-defined
 population in each of the 14 clusters

Given    Inferred Clusters                                                                                    Number of
 Pop       1      2      3      4      5      6      7      8      9     10     11     12     13     14      Individuals

  1:     0.004  0.017  0.005  0.009  0.005  0.004  0.010  0.890  0.006  0.014  0.008  0.008  0.010  0.009        2
  2:     0.007  0.117  0.047  0.026  0.195  0.022  0.341  0.045  0.017  0.056  0.027  0.025  0.042  0.034       17
  3:     0.092  0.215  0.013  0.046  0.013  0.030  0.238  0.057  0.012  0.075  0.048  0.043  0.059  0.059       19
  4:     0.016  0.330  0.017  0.070  0.011  0.073  0.014  0.116  0.018  0.100  0.049  0.065  0.070  0.052       10
  5:     0.006  0.016  0.010  0.014  0.004  0.027  0.834  0.010  0.007  0.017  0.013  0.013  0.015  0.013        2
  6:     0.143  0.433  0.017  0.029  0.163  0.006  0.012  0.008  0.010  0.034  0.040  0.032  0.039  0.034        2
  7:     0.024  0.005  0.149  0.042  0.012  0.010  0.523  0.009  0.008  0.050  0.047  0.040  0.046  0.037        1
  8:     0.004  0.007  0.008  0.006  0.005  0.007  0.922  0.006  0.008  0.006  0.006  0.005  0.005  0.006        1
  9:     0.013  0.008  0.013  0.093  0.006  0.006  0.016  0.006  0.070  0.080  0.220  0.104  0.116  0.248        1
 10:     0.390  0.007  0.008  0.106  0.159  0.010  0.012  0.006  0.013  0.030  0.066  0.098  0.052  0.040        6
 11:     0.166  0.110  0.027  0.068  0.102  0.047  0.140  0.015  0.022  0.058  0.064  0.070  0.053  0.059       16
 12:     0.011  0.015  0.010  0.081  0.004  0.025  0.019  0.016  0.543  0.042  0.062  0.070  0.053  0.050        1
 13:     0.022  0.166  0.014  0.040  0.012  0.424  0.016  0.027  0.019  0.075  0.041  0.038  0.056  0.050       33
 14:     0.157  0.019  0.149  0.023  0.093  0.010  0.392  0.010  0.023  0.028  0.023  0.024  0.027  0.022       21
 15:     0.011  0.020  0.045  0.021  0.027  0.014  0.011  0.740  0.010  0.021  0.021  0.021  0.020  0.019       14
 16:     0.011  0.018  0.014  0.025  0.010  0.017  0.016  0.013  0.717  0.032  0.033  0.026  0.035  0.036       35
 17:     0.011  0.018  0.016  0.146  0.007  0.011  0.013  0.010  0.026  0.085  0.179  0.129  0.128  0.222        7
--------------------------------------------

Allele-freq. divergence among pops (Net nucleotide distance),
computed using point estimates of P.

      1       2       3       4       5       6       7       8       9      10      11      12      13      14      
 1      -    0.0613  0.0572  0.0259  0.0624  0.0823  0.0750  0.0796  0.0573  0.0330  0.0281  0.0257  0.0294  0.0313  
 2   0.0613     -    0.0822  0.0312  0.0921  0.0534  0.0766  0.0771  0.0699  0.0250  0.0319  0.0311  0.0288  0.0309  
 3   0.0572  0.0822     -    0.0391  0.0802  0.1035  0.0825  0.0877  0.0694  0.0490  0.0418  0.0394  0.0440  0.0458  
 4   0.0259  0.0312  0.0391     -    0.0486  0.0428  0.0485  0.0399  0.0284  0.0042  0.0005  0.0000  0.0013  0.0020  
 5   0.0624  0.0921  0.0802  0.0486     -    0.0935  0.0964  0.0957  0.0768  0.0536  0.0510  0.0491  0.0506  0.0539  
 6   0.0823  0.0534  0.1035  0.0428  0.0935     -    0.0972  0.0849  0.0801  0.0362  0.0443  0.0429  0.0398  0.0437  
 7   0.0750  0.0766  0.0825  0.0485  0.0964  0.0972     -    0.0827  0.0757  0.0554  0.0510  0.0488  0.0514  0.0541  
 8   0.0796  0.0771  0.0877  0.0399  0.0957  0.0849  0.0827     -    0.0727  0.0463  0.0414  0.0402  0.0427  0.0442  
 9   0.0573  0.0699  0.0694  0.0284  0.0768  0.0801  0.0757  0.0727     -    0.0356  0.0294  0.0286  0.0302  0.0319  
10   0.0330  0.0250  0.0490  0.0042  0.0536  0.0362  0.0554  0.0463  0.0356     -    0.0041  0.0041  0.0013  0.0031  
11   0.0281  0.0319  0.0418  0.0005  0.0510  0.0443  0.0510  0.0414  0.0294  0.0041     -    0.0004  0.0010  0.0006  
12   0.0257  0.0311  0.0394  0.0000  0.0491  0.0429  0.0488  0.0402  0.0286  0.0041  0.0004     -    0.0013  0.0018  
13   0.0294  0.0288  0.0440  0.0013  0.0506  0.0398  0.0514  0.0427  0.0302  0.0013  0.0010  0.0013     -    0.0009  
14   0.0313  0.0309  0.0458  0.0020  0.0539  0.0437  0.0541  0.0442  0.0319  0.0031  0.0006  0.0018  0.0009     -    

Average distances (expected heterozygosity) between individuals in same cluster:
cluster  1  : 0.6068 
cluster  2  : 0.5229 
cluster  3  : 0.6159 
cluster  4  : 0.6506 
cluster  5  : 0.5325 
cluster  6  : 0.5232 
cluster  7  : 0.5062 
cluster  8  : 0.5376 
cluster  9  : 0.5376 
cluster 10  : 0.6069 
cluster 11  : 0.6421 
cluster 12  : 0.6492 
cluster 13  : 0.6240 
cluster 14  : 0.6260 

--------------------------------------------
Estimated Ln Prob of Data   = -8173.6
Mean value of ln likelihood = -7031.8
Variance of ln likelihood   = 2283.6
Mean value of alpha         = 0.0392

Mean value of Fst_1         = 0.1360
Mean value of Fst_2         = 0.1973
Mean value of Fst_3         = 0.2211
Mean value of Fst_4         = 0.0003
Mean value of Fst_5         = 0.2404
Mean value of Fst_6         = 0.2103
Mean value of Fst_7         = 0.2543
Mean value of Fst_8         = 0.1944
Mean value of Fst_9         = 0.1428
Mean value of Fst_10         = 0.1117
Mean value of Fst_11         = 0.0361
Mean value of Fst_12         = 0.0103
Mean value of Fst_13         = 0.0765
Mean value of Fst_14         = 0.0829


Inferred ancestry of individuals:
        Label (%Miss) Pop:  Inferred clusters
  1 QAc-G-0029    (0)    1 :  0.005 0.030 0.006 0.012 0.006 0.005 0.014 0.839 0.005 0.025 0.011 0.011 0.015 0.014 
  2 QAc-G-0030    (0)    1 :  0.004 0.004 0.003 0.006 0.004 0.004 0.006 0.940 0.007 0.004 0.005 0.005 0.005 0.005 
  3 QAc-G-0062    (0)    2 :  0.008 0.006 0.125 0.029 0.476 0.005 0.157 0.006 0.045 0.026 0.028 0.025 0.038 0.026 
  4 QAc-G-0063    (0)    2 :  0.011 0.038 0.021 0.026 0.006 0.026 0.710 0.008 0.009 0.039 0.025 0.026 0.028 0.026 
  5 QAc-G-0064    (0)    2 :  0.006 0.006 0.004 0.005 0.924 0.004 0.012 0.004 0.006 0.006 0.005 0.005 0.006 0.005 
  6 QAc-G-0065    (0)    2 :  0.010 0.004 0.004 0.004 0.936 0.005 0.003 0.007 0.003 0.005 0.005 0.005 0.005 0.005 
  7 QAc-G-0066    (0)    2 :  0.004 0.005 0.004 0.004 0.003 0.004 0.943 0.007 0.005 0.005 0.004 0.004 0.004 0.004 
  8 QAc-G-0067    (0)    2 :  0.012 0.014 0.007 0.017 0.839 0.008 0.004 0.019 0.006 0.015 0.015 0.018 0.014 0.013 
  9 QAc-G-0068    (0)    2 :  0.009 0.004 0.552 0.009 0.007 0.004 0.363 0.009 0.013 0.005 0.006 0.007 0.006 0.005 
 10 QAc-G-0070    (0)    2 :  0.006 0.011 0.019 0.022 0.015 0.006 0.746 0.020 0.065 0.018 0.018 0.019 0.021 0.016 
 11 QAc-G-0071   (13)    2 :  0.004 0.009 0.004 0.005 0.004 0.004 0.937 0.007 0.004 0.005 0.004 0.004 0.005 0.005 
 12 QAc-G-0072    (0)    2 :  0.004 0.008 0.007 0.007 0.004 0.006 0.912 0.009 0.009 0.007 0.006 0.006 0.007 0.007 
 13 QAc-G-0073    (0)    2 :  0.004 0.580 0.006 0.016 0.004 0.014 0.004 0.012 0.013 0.173 0.022 0.018 0.086 0.046 
 14 QAc-G-0074    (0)    2 :  0.006 0.474 0.008 0.034 0.006 0.029 0.236 0.004 0.012 0.051 0.032 0.027 0.046 0.035 
 15 QAc-G-0075    (0)    2 :  0.008 0.695 0.008 0.031 0.010 0.049 0.012 0.015 0.007 0.038 0.028 0.027 0.031 0.040 
 16 QAc-G-0076    (0)    2 :  0.006 0.085 0.006 0.045 0.031 0.094 0.007 0.009 0.006 0.340 0.042 0.040 0.177 0.112 
 17 QAc-G-0080    (0)    2 :  0.008 0.018 0.016 0.061 0.029 0.005 0.021 0.596 0.006 0.032 0.056 0.063 0.038 0.053 
 18 QAc-G-0081    (0)    2 :  0.009 0.005 0.007 0.120 0.007 0.013 0.009 0.008 0.074 0.154 0.139 0.105 0.180 0.168 
 19 QAc-G-0083    (0)    2 :  0.006 0.019 0.005 0.014 0.014 0.097 0.718 0.022 0.011 0.026 0.017 0.018 0.017 0.017 
 20 QAc-G-0285    (0)    3 :  0.009 0.004 0.009 0.006 0.004 0.004 0.920 0.008 0.006 0.006 0.006 0.006 0.007 0.006 
 21 QAc-G-0287    (0)    3 :  0.004 0.007 0.003 0.004 0.004 0.004 0.947 0.005 0.005 0.004 0.004 0.004 0.004 0.004 
 22 QAc-G-0288    (6)    3 :  0.007 0.009 0.009 0.010 0.006 0.011 0.868 0.024 0.011 0.008 0.009 0.009 0.009 0.008 
 23 QAc-G-0292    (0)    3 :  0.009 0.005 0.028 0.011 0.009 0.005 0.829 0.004 0.026 0.016 0.013 0.010 0.021 0.017 
 24 QAc-G-0294    (0)    3 :  0.009 0.044 0.023 0.057 0.016 0.059 0.005 0.015 0.005 0.327 0.072 0.048 0.185 0.136 
 25 QAc-G-0295    (0)    3 :  0.008 0.460 0.005 0.025 0.024 0.039 0.023 0.022 0.005 0.185 0.042 0.025 0.052 0.083 
 26 QAc-G-0296    (0)    3 :  0.008 0.512 0.005 0.021 0.032 0.057 0.012 0.005 0.007 0.158 0.019 0.019 0.084 0.059 
 27 QAc-G-0297    (0)    3 :  0.023 0.204 0.008 0.157 0.003 0.040 0.003 0.006 0.007 0.082 0.125 0.141 0.078 0.123 
 28 QAc-G-0298    (6)    3 :  0.006 0.793 0.006 0.015 0.008 0.011 0.009 0.018 0.005 0.038 0.019 0.016 0.019 0.038 
 29 QAc-G-0299    (0)    3 :  0.009 0.711 0.010 0.013 0.005 0.132 0.008 0.005 0.004 0.043 0.011 0.012 0.023 0.015 
 30 QAc-G-0300    (0)    3 :  0.011 0.409 0.009 0.026 0.030 0.105 0.005 0.005 0.019 0.169 0.027 0.024 0.086 0.075 
 31 QAc-G-0301    (0)    3 :  0.006 0.833 0.005 0.011 0.040 0.020 0.012 0.008 0.005 0.014 0.011 0.011 0.013 0.012 
 32 QAc-G-0302    (0)    3 :  0.811 0.011 0.020 0.018 0.004 0.024 0.005 0.005 0.005 0.017 0.020 0.022 0.019 0.021 
 33 QAc-G-0303    (0)    3 :  0.777 0.004 0.052 0.025 0.010 0.004 0.009 0.007 0.024 0.014 0.018 0.023 0.016 0.016 
 34 QAc-G-0305    (0)    3 :  0.016 0.008 0.017 0.017 0.006 0.005 0.811 0.030 0.012 0.013 0.016 0.015 0.015 0.019 
 35 QAc-G-0307    (0)    3 :  0.007 0.007 0.007 0.011 0.007 0.005 0.006 0.873 0.022 0.010 0.011 0.013 0.011 0.010 
 36 QAc-G-0313    (0)    3 :  0.006 0.008 0.013 0.181 0.021 0.009 0.041 0.010 0.015 0.112 0.161 0.165 0.139 0.119 
 37 QAc-G-0314    (0)    3 :  0.015 0.049 0.006 0.145 0.010 0.027 0.003 0.012 0.012 0.117 0.155 0.144 0.157 0.149 
 38 QAc-G-0316    (0)    3 :  0.007 0.007 0.008 0.126 0.017 0.017 0.010 0.026 0.026 0.094 0.164 0.108 0.183 0.206 
 39 QAc-G-0033    (0)    4 :  0.007 0.695 0.005 0.008 0.010 0.184 0.005 0.007 0.007 0.036 0.008 0.007 0.013 0.010 
 40 QAc-G-0034    (0)    4 :  0.011 0.851 0.005 0.012 0.007 0.010 0.005 0.027 0.014 0.015 0.010 0.012 0.014 0.009 
 41 QAc-G-0035    (0)    4 :  0.010 0.025 0.010 0.037 0.024 0.418 0.021 0.014 0.006 0.165 0.046 0.046 0.094 0.083 
 42 QAc-G-0036    (0)    4 :  0.004 0.876 0.006 0.011 0.013 0.009 0.013 0.006 0.008 0.012 0.012 0.010 0.010 0.011 
 43 QAc-G-0039    (0)    4 :  0.011 0.028 0.013 0.048 0.009 0.030 0.007 0.034 0.010 0.313 0.087 0.052 0.187 0.169 
 44 QAc-G-0040    (0)    4 :  0.016 0.058 0.009 0.082 0.007 0.040 0.054 0.010 0.079 0.247 0.074 0.073 0.153 0.100 
 45 QAc-G-0045    (0)    4 :  0.005 0.743 0.005 0.008 0.006 0.023 0.007 0.012 0.005 0.098 0.008 0.008 0.055 0.014 
 46 QAc-G-0050    (0)    4 :  0.071 0.004 0.091 0.200 0.007 0.005 0.016 0.121 0.013 0.045 0.119 0.184 0.065 0.058 
 47 QAc-G-0052    (0)    4 :  0.006 0.007 0.008 0.012 0.019 0.005 0.004 0.879 0.007 0.012 0.012 0.011 0.011 0.009 
 48 QAc-G-0056    (0)    4 :  0.019 0.009 0.019 0.280 0.010 0.007 0.007 0.045 0.029 0.058 0.120 0.245 0.096 0.057 
 49 QAc-G-0276    (0)    5 :  0.005 0.012 0.007 0.008 0.003 0.024 0.877 0.007 0.005 0.012 0.009 0.009 0.011 0.010 
 50 QAc-G-0280    (6)    5 :  0.008 0.021 0.013 0.021 0.006 0.030 0.790 0.013 0.008 0.023 0.017 0.017 0.018 0.016 
 51 QAc-G-0018    (0)    6 :  0.017 0.853 0.020 0.010 0.007 0.008 0.005 0.012 0.006 0.016 0.011 0.011 0.014 0.010 
 52 QAc-G-0017    (0)    6 :  0.269 0.014 0.014 0.048 0.318 0.004 0.019 0.004 0.014 0.051 0.069 0.054 0.064 0.058 
 53 QAc-G-0250    (0)    7 :  0.024 0.005 0.149 0.042 0.012 0.010 0.523 0.009 0.008 0.050 0.047 0.040 0.046 0.037 
 54 QAc-G-0003    (6)    8 :  0.004 0.007 0.008 0.006 0.005 0.007 0.922 0.006 0.008 0.006 0.006 0.005 0.005 0.006 
 55 QAc-G-0283    (0)    9 :  0.013 0.008 0.013 0.093 0.006 0.006 0.016 0.006 0.070 0.080 0.220 0.104 0.116 0.248 
 56 QAc-G-0255    (0)   10 :  0.617 0.008 0.012 0.037 0.010 0.028 0.006 0.004 0.006 0.036 0.053 0.068 0.052 0.063 
 57 QAc-G-0256    (0)   10 :  0.877 0.008 0.007 0.008 0.024 0.008 0.018 0.006 0.004 0.010 0.007 0.008 0.008 0.007 
 58 QAc-G-0257    (0)   10 :  0.761 0.006 0.010 0.023 0.074 0.004 0.004 0.012 0.018 0.017 0.017 0.022 0.018 0.014 
 59 QAc-G-0259    (0)   10 :  0.012 0.003 0.004 0.342 0.003 0.008 0.003 0.003 0.007 0.025 0.169 0.293 0.087 0.042 
 60 QAc-G-0260    (0)   10 :  0.060 0.009 0.008 0.186 0.210 0.010 0.037 0.008 0.039 0.055 0.097 0.149 0.086 0.046 
 61 QAc-G-0261    (0)   10 :  0.015 0.011 0.010 0.042 0.634 0.005 0.005 0.006 0.005 0.039 0.056 0.048 0.059 0.066 
 62 QAc-G-0109    (0)   11 :  0.425 0.018 0.009 0.091 0.079 0.005 0.008 0.016 0.026 0.035 0.085 0.082 0.053 0.069 
 63 QAc-G-0113    (0)   11 :  0.626 0.012 0.110 0.034 0.030 0.006 0.033 0.023 0.007 0.018 0.027 0.035 0.018 0.021 
 64 QAc-G-0114    (0)   11 :  0.632 0.019 0.012 0.041 0.004 0.117 0.010 0.007 0.006 0.028 0.032 0.040 0.027 0.024 
 65 QAc-G-0117    (0)   11 :  0.134 0.066 0.104 0.079 0.087 0.045 0.027 0.015 0.007 0.116 0.080 0.072 0.096 0.072 
 66 QAc-G-0120    (0)   11 :  0.293 0.013 0.012 0.179 0.008 0.012 0.007 0.009 0.010 0.053 0.107 0.158 0.067 0.072 
 67 QAc-G-0125    (0)   11 :  0.018 0.004 0.007 0.026 0.715 0.005 0.052 0.038 0.026 0.014 0.028 0.029 0.020 0.018 
 68 QAc-G-0141    (0)   11 :  0.067 0.038 0.080 0.094 0.025 0.015 0.023 0.028 0.019 0.134 0.111 0.088 0.129 0.149 
 69 QAc-G-0143    (0)   11 :  0.006 0.009 0.007 0.191 0.003 0.004 0.005 0.007 0.004 0.051 0.224 0.234 0.090 0.165 
 70 QAc-G-0147    (0)   11 :  0.081 0.032 0.034 0.048 0.531 0.010 0.012 0.008 0.069 0.030 0.038 0.050 0.031 0.027 
 71 QAc-G-0174    (0)   11 :  0.005 0.006 0.007 0.004 0.004 0.004 0.942 0.004 0.005 0.004 0.004 0.004 0.004 0.004 
 72 QAc-G-0182    (0)   11 :  0.006 0.004 0.004 0.006 0.014 0.004 0.928 0.003 0.004 0.005 0.006 0.006 0.006 0.005 
 73 QAc-G-0188    (0)   11 :  0.323 0.009 0.022 0.081 0.008 0.020 0.163 0.005 0.006 0.051 0.075 0.090 0.073 0.076 
 74 QAc-G-0229    (0)   11 :  0.009 0.880 0.006 0.010 0.004 0.007 0.007 0.007 0.012 0.011 0.012 0.011 0.012 0.013 
 75 QAc-G-0233    (0)   11 :  0.007 0.012 0.007 0.098 0.010 0.366 0.005 0.039 0.114 0.062 0.072 0.110 0.054 0.043 
 76 QAc-G-0237    (0)   11 :  0.021 0.625 0.006 0.024 0.053 0.029 0.008 0.019 0.012 0.111 0.019 0.023 0.023 0.026 
 77 QAc-G-0243    (0)   11 :  0.008 0.017 0.008 0.074 0.058 0.102 0.005 0.012 0.029 0.197 0.097 0.088 0.149 0.155 
 78 QAc-G-0249    (0)   12 :  0.011 0.015 0.010 0.081 0.004 0.025 0.019 0.016 0.543 0.042 0.062 0.070 0.053 0.050 
 79 QAc-W-0001    (0)   13 :  0.012 0.036 0.004 0.009 0.012 0.868 0.003 0.005 0.005 0.011 0.008 0.008 0.008 0.010 
 80 QAc-W-0002    (0)   13 :  0.029 0.656 0.010 0.030 0.004 0.022 0.018 0.007 0.013 0.069 0.034 0.030 0.042 0.035 
 81 QAc-W-0003    (0)   13 :  0.018 0.021 0.012 0.016 0.012 0.784 0.023 0.025 0.005 0.018 0.015 0.018 0.017 0.017 
 82 QAc-W-0004    (0)   13 :  0.004 0.018 0.004 0.005 0.004 0.914 0.005 0.007 0.005 0.010 0.005 0.005 0.007 0.007 
 83 QAc-W-0005    (0)   13 :  0.005 0.008 0.004 0.006 0.005 0.913 0.006 0.004 0.006 0.008 0.007 0.006 0.007 0.014 
 84 QAc-W-0007   (13)   13 :  0.006 0.016 0.005 0.007 0.006 0.902 0.005 0.005 0.007 0.011 0.007 0.007 0.008 0.009 
 85 QAc-W-0008    (6)   13 :  0.010 0.016 0.016 0.040 0.005 0.732 0.008 0.004 0.017 0.030 0.030 0.036 0.028 0.027 
 86 QAc-W-0009    (0)   13 :  0.249 0.150 0.012 0.078 0.012 0.021 0.012 0.011 0.023 0.159 0.056 0.077 0.068 0.072 
 87 QAc-W-0010    (0)   13 :  0.019 0.012 0.017 0.019 0.039 0.714 0.012 0.006 0.032 0.044 0.020 0.019 0.026 0.022 
 88 QAc-W-0011    (0)   13 :  0.016 0.076 0.015 0.041 0.013 0.413 0.033 0.015 0.006 0.151 0.035 0.042 0.091 0.053 
 89 QAc-W-0012    (0)   13 :  0.010 0.114 0.014 0.025 0.009 0.672 0.011 0.012 0.014 0.035 0.021 0.024 0.022 0.018 
 90 QAc-W-0013    (0)   13 :  0.055 0.197 0.007 0.035 0.007 0.016 0.010 0.147 0.006 0.252 0.025 0.031 0.133 0.079 
 91 QAc-W-0014    (0)   13 :  0.004 0.018 0.005 0.009 0.005 0.858 0.007 0.005 0.019 0.019 0.011 0.010 0.017 0.011 
 92 QAc-W-0015    (0)   13 :  0.010 0.463 0.005 0.025 0.004 0.012 0.113 0.014 0.022 0.126 0.026 0.027 0.094 0.058 
 93 QAc-W-0017    (0)   13 :  0.015 0.047 0.026 0.105 0.007 0.011 0.032 0.025 0.048 0.101 0.166 0.104 0.135 0.177 
 94 QAc-W-0018    (0)   13 :  0.032 0.024 0.037 0.068 0.015 0.423 0.004 0.043 0.010 0.071 0.066 0.066 0.077 0.065 
 95 QAc-W-0020    (0)   13 :  0.004 0.007 0.008 0.019 0.009 0.825 0.004 0.004 0.004 0.015 0.024 0.019 0.020 0.037 
 96 QAc-W-0021    (0)   13 :  0.023 0.018 0.018 0.083 0.008 0.352 0.007 0.133 0.011 0.080 0.070 0.068 0.085 0.045 
 97 QAc-W-0022    (0)   13 :  0.009 0.115 0.008 0.093 0.008 0.021 0.037 0.013 0.032 0.156 0.114 0.082 0.167 0.144 
 98 QAc-W-0023    (6)   13 :  0.033 0.120 0.006 0.073 0.043 0.110 0.004 0.022 0.030 0.190 0.076 0.078 0.116 0.099 
 99 QAc-W-0024    (0)   13 :  0.012 0.025 0.007 0.047 0.007 0.417 0.020 0.117 0.010 0.048 0.067 0.058 0.076 0.090 
100 QAc-W-0025    (0)   13 :  0.010 0.350 0.009 0.027 0.004 0.403 0.006 0.018 0.012 0.055 0.030 0.025 0.027 0.022 
101 QAc-W-0026    (0)   13 :  0.016 0.057 0.018 0.048 0.022 0.512 0.049 0.083 0.029 0.032 0.037 0.043 0.031 0.022 
102 QAc-W-0027    (0)   13 :  0.013 0.758 0.007 0.015 0.004 0.093 0.004 0.005 0.012 0.030 0.018 0.013 0.013 0.016 
103 QAc-W-0028    (0)   13 :  0.008 0.128 0.005 0.018 0.004 0.620 0.009 0.004 0.009 0.044 0.032 0.022 0.035 0.061 
104 QAc-W-0029    (0)   13 :  0.014 0.182 0.023 0.021 0.019 0.291 0.003 0.007 0.004 0.223 0.026 0.022 0.096 0.069 
105 QAc-W-0032    (0)   13 :  0.004 0.019 0.005 0.008 0.020 0.868 0.003 0.005 0.008 0.021 0.009 0.008 0.012 0.010 
106 QAc-W-0033    (0)   13 :  0.012 0.021 0.089 0.155 0.031 0.172 0.007 0.014 0.022 0.086 0.098 0.128 0.107 0.059 
107 QAc-W-0035    (0)   13 :  0.006 0.421 0.028 0.052 0.009 0.141 0.020 0.021 0.030 0.089 0.039 0.053 0.050 0.042 
108 QAc-W-0037    (0)   13 :  0.007 0.838 0.007 0.011 0.018 0.024 0.007 0.014 0.007 0.023 0.010 0.013 0.011 0.010 
109 QAc-W-0038    (0)   13 :  0.014 0.110 0.009 0.071 0.012 0.172 0.023 0.008 0.010 0.082 0.121 0.074 0.099 0.197 
110 QAc-W-0040    (0)   13 :  0.008 0.017 0.005 0.024 0.029 0.665 0.009 0.015 0.135 0.020 0.024 0.020 0.014 0.013 
111 QAc-W-0041    (0)   13 :  0.028 0.425 0.033 0.037 0.005 0.046 0.012 0.062 0.010 0.149 0.023 0.030 0.102 0.038 
112 QAc-W-0042    (0)   14 :  0.435 0.017 0.060 0.016 0.288 0.007 0.025 0.018 0.006 0.044 0.014 0.018 0.033 0.019 
113 QAc-W-0044    (0)   14 :  0.083 0.084 0.031 0.027 0.167 0.009 0.117 0.005 0.029 0.184 0.030 0.031 0.137 0.067 
114 QAc-W-0045    (0)   14 :  0.761 0.014 0.055 0.016 0.047 0.007 0.009 0.008 0.005 0.019 0.014 0.017 0.013 0.015 
115 QAc-W-0048    (0)   14 :  0.718 0.013 0.013 0.034 0.083 0.012 0.005 0.015 0.005 0.017 0.022 0.030 0.018 0.014 
116 QAc-W-0050    (0)   14 :  0.178 0.009 0.627 0.023 0.024 0.004 0.008 0.005 0.011 0.018 0.028 0.022 0.021 0.022 
117 QAc-W-0051    (0)   14 :  0.028 0.006 0.750 0.013 0.100 0.007 0.015 0.016 0.005 0.014 0.011 0.012 0.012 0.010 
118 QAc-W-0052    (0)   14 :  0.007 0.005 0.004 0.004 0.933 0.010 0.006 0.003 0.004 0.005 0.004 0.005 0.005 0.004 
119 QAc-W-0053    (0)   14 :  0.848 0.008 0.016 0.012 0.023 0.008 0.006 0.005 0.008 0.016 0.013 0.011 0.015 0.010 
120 QAc-W-0054    (0)   14 :  0.048 0.013 0.234 0.067 0.101 0.009 0.151 0.010 0.025 0.064 0.069 0.079 0.073 0.056 
121 QAc-W-0056    (0)   14 :  0.015 0.074 0.441 0.086 0.009 0.050 0.009 0.011 0.011 0.043 0.070 0.086 0.049 0.047 
122 QAc-W-0057    (0)   14 :  0.070 0.018 0.640 0.038 0.011 0.007 0.034 0.025 0.017 0.023 0.032 0.033 0.027 0.027 
123 QAc-W-0060    (0)   14 :  0.008 0.026 0.006 0.012 0.046 0.003 0.833 0.005 0.011 0.009 0.010 0.011 0.009 0.009 
124 QAc-W-0061    (0)   14 :  0.022 0.036 0.025 0.040 0.007 0.014 0.563 0.013 0.078 0.032 0.047 0.050 0.036 0.038 
125 QAc-W-0062    (0)   14 :  0.005 0.005 0.007 0.006 0.014 0.003 0.914 0.007 0.011 0.005 0.006 0.006 0.006 0.006 
126 QAc-W-0063    (0)   14 :  0.008 0.005 0.008 0.016 0.064 0.012 0.791 0.018 0.013 0.012 0.015 0.013 0.013 0.012 
127 QAc-W-0064    (0)   14 :  0.007 0.006 0.010 0.010 0.006 0.015 0.880 0.008 0.010 0.008 0.010 0.011 0.009 0.011 
128 QAc-W-0065    (0)   14 :  0.010 0.022 0.024 0.019 0.007 0.010 0.764 0.012 0.020 0.015 0.027 0.018 0.020 0.030 
129 QAc-W-0066    (0)   14 :  0.003 0.006 0.003 0.004 0.003 0.004 0.947 0.007 0.003 0.004 0.004 0.004 0.004 0.004 
130 QAc-W-0072    (0)   14 :  0.008 0.006 0.143 0.025 0.006 0.017 0.456 0.009 0.203 0.021 0.023 0.026 0.036 0.022 
131 QAc-W-0073    (0)   14 :  0.023 0.011 0.025 0.020 0.009 0.008 0.759 0.012 0.011 0.024 0.022 0.021 0.027 0.026 
132 QAc-W-0077    (0)   14 :  0.006 0.006 0.006 0.004 0.005 0.005 0.939 0.003 0.005 0.005 0.004 0.004 0.005 0.004 
133 QAc-W-0078    (0)   15 :  0.007 0.022 0.008 0.044 0.019 0.015 0.017 0.682 0.020 0.029 0.033 0.047 0.032 0.028 
134 QAc-W-0079    (6)   15 :  0.007 0.008 0.005 0.006 0.004 0.006 0.006 0.922 0.007 0.006 0.006 0.006 0.006 0.005 
135 QAc-W-0081    (0)   15 :  0.005 0.005 0.005 0.006 0.009 0.007 0.005 0.920 0.005 0.009 0.005 0.006 0.007 0.005 
136 QAc-W-0082    (0)   15 :  0.007 0.005 0.502 0.006 0.003 0.003 0.004 0.437 0.004 0.005 0.006 0.006 0.005 0.006 
137 QAc-W-0083    (0)   15 :  0.008 0.007 0.015 0.009 0.009 0.008 0.023 0.865 0.011 0.008 0.009 0.009 0.009 0.009 
138 QAc-W-0086    (0)   15 :  0.006 0.008 0.013 0.008 0.005 0.007 0.009 0.892 0.010 0.009 0.007 0.008 0.008 0.008 
139 QAc-W-0087    (0)   15 :  0.008 0.005 0.005 0.005 0.003 0.004 0.004 0.928 0.007 0.006 0.007 0.006 0.006 0.006 
140 QAc-W-0088    (0)   15 :  0.013 0.010 0.009 0.019 0.005 0.006 0.006 0.840 0.007 0.014 0.020 0.019 0.014 0.017 
141 QAc-W-0092    (0)   15 :  0.016 0.100 0.007 0.029 0.019 0.026 0.008 0.638 0.010 0.042 0.025 0.024 0.032 0.023 
142 QAc-W-0093    (0)   15 :  0.013 0.018 0.013 0.026 0.010 0.028 0.004 0.733 0.015 0.022 0.030 0.029 0.024 0.036 
143 QAc-W-0094    (0)   15 :  0.030 0.009 0.014 0.049 0.254 0.048 0.025 0.322 0.008 0.032 0.057 0.052 0.049 0.051 
144 QAc-W-0097    (0)   15 :  0.014 0.060 0.010 0.031 0.018 0.025 0.007 0.639 0.006 0.043 0.035 0.032 0.040 0.039 
145 QAc-W-0099    (0)   15 :  0.018 0.010 0.014 0.042 0.020 0.004 0.005 0.654 0.018 0.056 0.042 0.044 0.045 0.028 
146 QAc-W-0107    (0)   15 :  0.004 0.006 0.008 0.009 0.006 0.006 0.027 0.881 0.007 0.008 0.010 0.009 0.009 0.010 
147 QAc-W-0115    (0)   16 :  0.005 0.020 0.005 0.011 0.007 0.012 0.006 0.009 0.867 0.012 0.011 0.012 0.012 0.011 
148 QAc-W-0116    (0)   16 :  0.024 0.019 0.010 0.033 0.014 0.008 0.004 0.007 0.701 0.033 0.034 0.038 0.040 0.035 
149 QAc-W-0117    (0)   16 :  0.012 0.008 0.005 0.009 0.004 0.005 0.004 0.004 0.882 0.013 0.015 0.011 0.011 0.016 
150 QAc-W-0118    (0)   16 :  0.009 0.006 0.009 0.014 0.005 0.007 0.043 0.021 0.811 0.012 0.015 0.017 0.013 0.016 
151 QAc-W-0119    (0)   16 :  0.008 0.008 0.018 0.028 0.007 0.007 0.010 0.009 0.780 0.027 0.024 0.025 0.028 0.022 
152 QAc-W-0120    (0)   16 :  0.013 0.009 0.007 0.042 0.005 0.010 0.017 0.010 0.741 0.021 0.035 0.042 0.028 0.020 
153 QAc-W-0121    (0)   16 :  0.009 0.006 0.032 0.015 0.003 0.008 0.042 0.004 0.793 0.023 0.013 0.018 0.018 0.016 
154 QAc-W-0122    (0)   16 :  0.011 0.006 0.007 0.033 0.004 0.021 0.005 0.006 0.584 0.052 0.067 0.038 0.078 0.087 
155 QAc-W-0123    (6)   16 :  0.011 0.016 0.007 0.026 0.020 0.004 0.009 0.011 0.738 0.024 0.035 0.026 0.031 0.043 
156 QAc-W-0124    (0)   16 :  0.004 0.045 0.007 0.025 0.007 0.020 0.078 0.076 0.606 0.028 0.029 0.025 0.031 0.019 
157 QAc-W-0125    (0)   16 :  0.009 0.011 0.007 0.014 0.008 0.008 0.006 0.018 0.846 0.016 0.013 0.013 0.017 0.014 
158 QAc-W-0132    (6)   16 :  0.007 0.049 0.009 0.028 0.026 0.020 0.050 0.040 0.620 0.028 0.027 0.030 0.039 0.028 
159 QAc-W-0134    (0)   16 :  0.006 0.007 0.004 0.006 0.006 0.005 0.006 0.005 0.920 0.012 0.006 0.006 0.006 0.006 
160 QAc-W-0135    (0)   16 :  0.007 0.025 0.005 0.022 0.004 0.107 0.035 0.010 0.672 0.024 0.022 0.019 0.026 0.023 
161 QAc-W-0136    (0)   16 :  0.005 0.006 0.005 0.007 0.007 0.005 0.004 0.005 0.915 0.008 0.009 0.007 0.011 0.008 
162 QAc-W-0138    (0)   16 :  0.004 0.005 0.005 0.007 0.006 0.008 0.004 0.003 0.903 0.012 0.009 0.008 0.014 0.010 
163 QAc-W-0140    (0)   16 :  0.028 0.020 0.008 0.017 0.004 0.009 0.005 0.006 0.761 0.042 0.025 0.019 0.026 0.031 
164 QAc-W-0141    (6)   16 :  0.024 0.058 0.012 0.067 0.008 0.023 0.018 0.008 0.109 0.143 0.122 0.076 0.151 0.181 
165 QAc-W-0142    (0)   16 :  0.005 0.004 0.012 0.006 0.003 0.004 0.014 0.005 0.910 0.009 0.006 0.007 0.007 0.006 
166 QAc-W-0143    (0)   16 :  0.011 0.005 0.008 0.013 0.006 0.008 0.004 0.023 0.861 0.014 0.011 0.013 0.012 0.010 
167 QAc-W-0145    (0)   16 :  0.006 0.005 0.005 0.011 0.004 0.004 0.005 0.004 0.895 0.010 0.015 0.012 0.010 0.014 
168 QAc-W-0148    (0)   16 :  0.005 0.012 0.005 0.006 0.006 0.006 0.005 0.004 0.916 0.007 0.006 0.007 0.007 0.007 
169 QAc-W-0149    (0)   16 :  0.020 0.007 0.011 0.063 0.039 0.013 0.010 0.011 0.340 0.119 0.082 0.062 0.127 0.096 
170 QAc-W-0150    (0)   16 :  0.007 0.042 0.010 0.040 0.018 0.090 0.006 0.027 0.406 0.103 0.050 0.046 0.094 0.062 
171 QAc-W-0151    (0)   16 :  0.006 0.048 0.007 0.016 0.006 0.010 0.005 0.011 0.806 0.014 0.018 0.017 0.018 0.016 
172 QAc-W-0152    (0)   16 :  0.011 0.009 0.013 0.011 0.006 0.005 0.018 0.005 0.870 0.009 0.009 0.011 0.015 0.009 
173 QAc-W-0153    (0)   16 :  0.007 0.030 0.004 0.065 0.004 0.006 0.013 0.024 0.017 0.091 0.237 0.085 0.130 0.285 
174 QAc-W-0154    (0)   16 :  0.006 0.009 0.006 0.028 0.004 0.056 0.004 0.006 0.750 0.027 0.029 0.027 0.023 0.025 
175 QAc-W-0157    (0)   16 :  0.013 0.021 0.009 0.050 0.030 0.005 0.018 0.005 0.640 0.028 0.050 0.065 0.038 0.029 
176 QAc-W-0158    (0)   16 :  0.006 0.074 0.006 0.021 0.008 0.045 0.019 0.030 0.642 0.044 0.019 0.020 0.041 0.025 
177 QAc-W-0159    (0)   16 :  0.006 0.007 0.009 0.009 0.008 0.008 0.003 0.007 0.893 0.014 0.009 0.009 0.009 0.008 
178 QAc-W-0160    (0)   16 :  0.005 0.019 0.005 0.023 0.004 0.025 0.004 0.008 0.790 0.033 0.020 0.021 0.024 0.020 
179 QAc-W-0162    (0)   16 :  0.034 0.004 0.058 0.021 0.022 0.004 0.036 0.007 0.732 0.013 0.018 0.018 0.018 0.015 
180 QAc-W-0163    (0)   16 :  0.038 0.008 0.126 0.039 0.011 0.007 0.008 0.005 0.618 0.026 0.029 0.031 0.030 0.025 
181 QAc-W-0164    (0)   16 :  0.010 0.007 0.022 0.030 0.010 0.007 0.024 0.012 0.747 0.016 0.028 0.030 0.032 0.024 
182 QAc-W-0167    (0)   17 :  0.010 0.006 0.011 0.067 0.007 0.006 0.009 0.019 0.008 0.085 0.228 0.075 0.141 0.329 
183 QAc-W-0168    (0)   17 :  0.018 0.022 0.014 0.139 0.008 0.011 0.045 0.015 0.125 0.068 0.142 0.151 0.108 0.133 
184 QAc-W-0169    (0)   17 :  0.017 0.018 0.054 0.239 0.005 0.022 0.012 0.004 0.006 0.073 0.152 0.192 0.095 0.113 
185 QAc-W-0170    (0)   17 :  0.009 0.052 0.010 0.151 0.005 0.012 0.004 0.007 0.012 0.098 0.172 0.159 0.127 0.180 
186 QAc-W-0172    (0)   17 :  0.005 0.010 0.006 0.308 0.014 0.008 0.002 0.010 0.007 0.102 0.125 0.220 0.096 0.087 
187 QAc-W-0173    (0)   17 :  0.006 0.013 0.006 0.046 0.005 0.012 0.007 0.006 0.014 0.079 0.212 0.042 0.174 0.377 
188 QAc-W-0174    (0)   17 :  0.010 0.008 0.011 0.071 0.005 0.005 0.012 0.006 0.008 0.090 0.221 0.065 0.155 0.332 


Estimated Allele Frequencies in each cluster
First column gives estimated ancestral frequencies


Locus 1 : 
18 alleles
0.0% missing data
 210   (0.113) 0.255 0.073 0.085 0.113 0.030 0.018 0.009 0.148 0.182 0.103 0.116 0.114 0.107 0.109 
 212   (0.122) 0.038 0.393 0.095 0.122 0.025 0.058 0.097 0.270 0.077 0.137 0.124 0.121 0.127 0.122 
 202   (0.062) 0.020 0.036 0.022 0.062 0.282 0.067 0.004 0.137 0.006 0.042 0.057 0.061 0.050 0.046 
 226   (0.035) 0.023 0.004 0.037 0.035 0.217 0.004 0.201 0.016 0.004 0.018 0.030 0.034 0.024 0.022 
 216   (0.074) 0.053 0.010 0.036 0.074 0.193 0.021 0.022 0.169 0.131 0.052 0.066 0.073 0.059 0.055 
 200   (0.245) 0.203 0.381 0.149 0.245 0.119 0.505 0.315 0.091 0.156 0.398 0.264 0.248 0.336 0.312 
 224   (0.044) 0.012 0.028 0.023 0.044 0.010 0.010 0.145 0.013 0.005 0.048 0.044 0.045 0.049 0.048 
 218   (0.052) 0.013 0.010 0.045 0.052 0.010 0.086 0.005 0.103 0.157 0.036 0.045 0.051 0.043 0.037 
 228   (0.012) 0.003 0.001 0.003 0.012 0.002 0.001 0.072 0.001 0.001 0.005 0.009 0.011 0.007 0.006 
 214   (0.062) 0.153 0.007 0.446 0.062 0.047 0.007 0.119 0.008 0.022 0.040 0.058 0.061 0.052 0.053 
 208   (0.059) 0.085 0.040 0.019 0.058 0.017 0.203 0.004 0.028 0.006 0.055 0.074 0.061 0.061 0.096 
 220   (0.028) 0.008 0.006 0.010 0.029 0.006 0.003 0.002 0.003 0.010 0.021 0.036 0.030 0.025 0.036 
 196   (0.011) 0.003 0.001 0.003 0.011 0.002 0.001 0.001 0.002 0.001 0.005 0.009 0.011 0.007 0.006 
 238   (0.013) 0.003 0.001 0.004 0.013 0.002 0.001 0.001 0.002 0.002 0.007 0.014 0.012 0.010 0.013 
 206   (0.021) 0.061 0.002 0.006 0.021 0.004 0.003 0.001 0.003 0.027 0.011 0.016 0.020 0.014 0.012 
 190   (0.012) 0.003 0.001 0.003 0.012 0.002 0.001 0.001 0.001 0.001 0.005 0.009 0.012 0.007 0.006 
 222   (0.024) 0.007 0.003 0.007 0.024 0.028 0.008 0.002 0.004 0.211 0.013 0.020 0.023 0.016 0.013 
 232   (0.012) 0.059 0.001 0.005 0.012 0.005 0.001 0.001 0.001 0.001 0.005 0.009 0.011 0.007 0.006 

Locus 2 : 
15 alleles
2.1% missing data
 171   (0.221) 0.445 0.417 0.238 0.221 0.242 0.306 0.021 0.181 0.061 0.267 0.216 0.225 0.241 0.224 
 175   (0.098) 0.029 0.056 0.254 0.098 0.194 0.050 0.024 0.255 0.024 0.083 0.088 0.097 0.083 0.076 
 185   (0.052) 0.014 0.006 0.022 0.052 0.013 0.008 0.005 0.081 0.221 0.039 0.049 0.051 0.047 0.044 
 179   (0.065) 0.017 0.009 0.030 0.065 0.243 0.008 0.327 0.008 0.275 0.051 0.073 0.063 0.074 0.078 
 181   (0.097) 0.124 0.133 0.088 0.097 0.036 0.038 0.261 0.342 0.010 0.115 0.093 0.096 0.109 0.096 
 173   (0.180) 0.167 0.227 0.197 0.180 0.186 0.188 0.234 0.041 0.193 0.246 0.173 0.178 0.192 0.181 
 177   (0.035) 0.010 0.004 0.045 0.035 0.007 0.004 0.101 0.005 0.090 0.020 0.030 0.034 0.026 0.024 
 187   (0.094) 0.048 0.115 0.076 0.094 0.019 0.111 0.015 0.012 0.023 0.072 0.119 0.095 0.096 0.133 
 183   (0.060) 0.101 0.008 0.020 0.060 0.016 0.008 0.004 0.022 0.082 0.051 0.073 0.063 0.063 0.076 
 189   (0.031) 0.008 0.017 0.011 0.031 0.005 0.272 0.002 0.004 0.016 0.023 0.027 0.031 0.024 0.025 
 191   (0.020) 0.027 0.002 0.007 0.020 0.030 0.003 0.001 0.045 0.002 0.011 0.018 0.019 0.014 0.014 
 163   (0.012) 0.003 0.001 0.003 0.012 0.002 0.001 0.001 0.001 0.001 0.005 0.010 0.012 0.007 0.006 
 165   (0.012) 0.003 0.001 0.003 0.012 0.002 0.001 0.001 0.001 0.001 0.005 0.010 0.012 0.007 0.006 
 193   (0.012) 0.003 0.001 0.003 0.012 0.002 0.001 0.001 0.001 0.001 0.005 0.012 0.012 0.008 0.010 
 167   (0.012) 0.003 0.001 0.003 0.012 0.002 0.001 0.001 0.001 0.001 0.007 0.010 0.012 0.008 0.008 

Locus 3 : 
4 alleles
1.1% missing data
 206   (0.886) 0.899 0.984 0.929 0.887 0.876 0.702 0.943 0.974 0.986 0.929 0.885 0.888 0.907 0.902 
 208   (0.060) 0.067 0.010 0.055 0.060 0.012 0.292 0.022 0.008 0.008 0.037 0.054 0.059 0.048 0.045 
 204   (0.039) 0.030 0.005 0.012 0.039 0.110 0.005 0.034 0.016 0.005 0.023 0.036 0.038 0.029 0.027 
 212   (0.015) 0.004 0.002 0.004 0.015 0.002 0.002 0.001 0.002 0.002 0.011 0.024 0.015 0.016 0.026 

Locus 4 : 
15 alleles
1.1% missing data
 165   (0.082) 0.022 0.032 0.070 0.082 0.053 0.016 0.169 0.454 0.009 0.107 0.095 0.080 0.093 0.113 
 163   (0.199) 0.264 0.067 0.179 0.199 0.089 0.091 0.032 0.030 0.280 0.229 0.239 0.201 0.244 0.273 
 167   (0.142) 0.102 0.189 0.166 0.142 0.457 0.235 0.009 0.073 0.142 0.122 0.142 0.142 0.130 0.136 
 161   (0.353) 0.428 0.671 0.470 0.353 0.333 0.478 0.777 0.134 0.501 0.389 0.320 0.355 0.354 0.307 
 153   (0.014) 0.004 0.004 0.005 0.014 0.003 0.010 0.001 0.002 0.001 0.025 0.011 0.013 0.018 0.013 
 173   (0.029) 0.024 0.003 0.047 0.029 0.005 0.003 0.002 0.257 0.003 0.015 0.027 0.030 0.020 0.020 
 171   (0.040) 0.050 0.004 0.017 0.040 0.034 0.005 0.003 0.006 0.004 0.030 0.042 0.041 0.040 0.043 
 179   (0.012) 0.003 0.003 0.004 0.012 0.002 0.002 0.001 0.001 0.001 0.007 0.011 0.012 0.008 0.010 
 157   (0.023) 0.017 0.013 0.008 0.023 0.004 0.141 0.001 0.003 0.002 0.014 0.018 0.021 0.015 0.013 
 149   (0.012) 0.026 0.001 0.006 0.012 0.002 0.001 0.001 0.001 0.001 0.005 0.009 0.011 0.007 0.006 
 177   (0.021) 0.006 0.004 0.007 0.021 0.004 0.003 0.001 0.013 0.003 0.020 0.023 0.021 0.023 0.021 
 155   (0.018) 0.004 0.002 0.005 0.018 0.003 0.007 0.001 0.003 0.003 0.009 0.015 0.018 0.011 0.010 
 175   (0.012) 0.010 0.001 0.004 0.012 0.002 0.001 0.001 0.001 0.001 0.006 0.010 0.012 0.008 0.007 
 169   (0.023) 0.035 0.003 0.008 0.023 0.004 0.003 0.001 0.019 0.002 0.012 0.021 0.022 0.016 0.017 
 159   (0.020) 0.005 0.002 0.006 0.020 0.003 0.002 0.001 0.002 0.046 0.011 0.017 0.020 0.013 0.012 

Locus 5 : 
16 alleles
0.0% missing data
 148   (0.116) 0.097 0.196 0.032 0.116 0.027 0.111 0.196 0.281 0.051 0.104 0.116 0.116 0.113 0.107 
 160   (0.027) 0.027 0.004 0.007 0.027 0.058 0.004 0.002 0.057 0.003 0.017 0.022 0.025 0.018 0.017 
 154   (0.072) 0.021 0.009 0.083 0.072 0.061 0.019 0.067 0.027 0.230 0.061 0.077 0.074 0.082 0.074 
 150   (0.062) 0.070 0.031 0.399 0.062 0.013 0.066 0.012 0.010 0.006 0.062 0.055 0.061 0.058 0.050 
 138   (0.126) 0.096 0.059 0.057 0.126 0.324 0.026 0.089 0.151 0.246 0.119 0.121 0.125 0.110 0.119 
 166   (0.033) 0.188 0.006 0.010 0.033 0.238 0.035 0.002 0.015 0.003 0.016 0.025 0.031 0.020 0.018 
 146   (0.094) 0.091 0.031 0.033 0.094 0.083 0.036 0.301 0.168 0.017 0.067 0.099 0.094 0.078 0.095 
 164   (0.017) 0.004 0.002 0.004 0.018 0.038 0.002 0.001 0.002 0.002 0.010 0.015 0.017 0.011 0.011 
 142   (0.020) 0.007 0.002 0.193 0.020 0.004 0.002 0.002 0.002 0.017 0.009 0.015 0.019 0.012 0.011 
 144   (0.147) 0.245 0.385 0.075 0.147 0.058 0.073 0.291 0.027 0.146 0.190 0.156 0.148 0.172 0.173 
 140   (0.080) 0.021 0.237 0.021 0.080 0.016 0.189 0.006 0.020 0.213 0.073 0.091 0.081 0.081 0.101 
 158   (0.046) 0.030 0.012 0.017 0.046 0.029 0.010 0.003 0.086 0.019 0.087 0.040 0.045 0.065 0.046 
 162   (0.028) 0.008 0.005 0.019 0.028 0.005 0.003 0.002 0.125 0.003 0.020 0.032 0.029 0.024 0.034 
 152   (0.094) 0.042 0.017 0.037 0.094 0.020 0.418 0.023 0.013 0.039 0.139 0.100 0.097 0.125 0.110 
 134   (0.017) 0.047 0.002 0.006 0.017 0.003 0.002 0.001 0.002 0.002 0.011 0.016 0.019 0.014 0.015 
 156   (0.020) 0.006 0.004 0.005 0.020 0.022 0.003 0.001 0.012 0.002 0.014 0.020 0.020 0.018 0.021 

Locus 6 : 
12 alleles
0.0% missing data
 225   (0.047) 0.012 0.006 0.037 0.047 0.008 0.013 0.140 0.123 0.020 0.029 0.043 0.045 0.040 0.036 
 239   (0.100) 0.057 0.108 0.052 0.100 0.250 0.015 0.334 0.030 0.016 0.104 0.100 0.101 0.091 0.101 
 229   (0.016) 0.004 0.002 0.005 0.016 0.002 0.002 0.001 0.277 0.002 0.011 0.012 0.015 0.011 0.009 
 235   (0.293) 0.145 0.418 0.508 0.293 0.094 0.273 0.276 0.371 0.495 0.299 0.304 0.293 0.307 0.314 
 237   (0.212) 0.178 0.271 0.156 0.212 0.070 0.199 0.149 0.040 0.168 0.213 0.232 0.217 0.227 0.251 
 233   (0.105) 0.092 0.160 0.079 0.105 0.248 0.453 0.086 0.066 0.016 0.130 0.090 0.101 0.104 0.081 
 227   (0.032) 0.383 0.003 0.030 0.032 0.266 0.003 0.002 0.004 0.003 0.017 0.026 0.033 0.021 0.019 
 245   (0.067) 0.021 0.014 0.030 0.067 0.023 0.024 0.004 0.008 0.141 0.097 0.067 0.068 0.083 0.075 
 241   (0.037) 0.036 0.005 0.037 0.037 0.014 0.007 0.003 0.069 0.024 0.025 0.033 0.037 0.030 0.025 
 231   (0.051) 0.026 0.006 0.049 0.051 0.017 0.006 0.003 0.006 0.050 0.043 0.062 0.051 0.057 0.062 
 243   (0.028) 0.042 0.005 0.014 0.028 0.005 0.003 0.002 0.004 0.065 0.026 0.023 0.027 0.022 0.019 
 251   (0.012) 0.003 0.001 0.003 0.012 0.002 0.001 0.001 0.001 0.001 0.005 0.010 0.012 0.007 0.006 

Locus 7 : 
5 alleles
0.0% missing data
 118   (0.915) 0.978 0.940 0.630 0.915 0.695 0.917 0.995 0.989 0.991 0.933 0.925 0.919 0.933 0.931 
 124   (0.040) 0.010 0.055 0.011 0.040 0.296 0.078 0.002 0.005 0.004 0.040 0.033 0.038 0.034 0.029 
 116   (0.014) 0.005 0.002 0.350 0.014 0.002 0.001 0.001 0.003 0.001 0.005 0.010 0.013 0.008 0.007 
 114   (0.018) 0.004 0.002 0.005 0.018 0.004 0.003 0.001 0.002 0.002 0.015 0.021 0.017 0.018 0.025 
 122   (0.013) 0.003 0.001 0.004 0.013 0.002 0.001 0.001 0.001 0.001 0.006 0.011 0.013 0.008 0.009 

Locus 8 : 
5 alleles
0.0% missing data
 135   (0.058) 0.014 0.034 0.019 0.058 0.011 0.016 0.008 0.024 0.028 0.113 0.058 0.057 0.081 0.070 
 139   (0.747) 0.654 0.907 0.592 0.747 0.946 0.920 0.947 0.817 0.674 0.754 0.774 0.747 0.771 0.796 
 137   (0.146) 0.319 0.054 0.372 0.146 0.034 0.058 0.042 0.153 0.232 0.107 0.126 0.147 0.114 0.103 
 143   (0.036) 0.010 0.004 0.014 0.036 0.007 0.004 0.002 0.004 0.037 0.020 0.032 0.036 0.026 0.024 
 141   (0.013) 0.003 0.002 0.003 0.013 0.002 0.002 0.001 0.002 0.030 0.006 0.010 0.012 0.008 0.007 

Locus 9 : 
11 alleles
0.0% missing data
 116   (0.280) 0.125 0.279 0.190 0.280 0.117 0.507 0.265 0.427 0.312 0.394 0.283 0.279 0.330 0.312 
 112   (0.089) 0.023 0.081 0.035 0.089 0.017 0.038 0.211 0.059 0.181 0.070 0.092 0.087 0.088 0.085 
 122   (0.061) 0.252 0.008 0.187 0.061 0.301 0.010 0.363 0.007 0.010 0.042 0.049 0.058 0.048 0.039 
 114   (0.223) 0.236 0.334 0.078 0.224 0.061 0.357 0.026 0.082 0.291 0.219 0.241 0.227 0.220 0.248 
 120   (0.044) 0.012 0.143 0.012 0.044 0.205 0.005 0.009 0.005 0.020 0.024 0.036 0.042 0.029 0.026 
 130   (0.037) 0.077 0.043 0.011 0.037 0.156 0.006 0.002 0.005 0.004 0.061 0.029 0.035 0.042 0.032 
 118   (0.125) 0.055 0.081 0.049 0.125 0.116 0.041 0.016 0.396 0.140 0.107 0.133 0.131 0.132 0.129 
 124   (0.060) 0.072 0.007 0.207 0.060 0.011 0.007 0.102 0.008 0.034 0.035 0.056 0.059 0.046 0.051 
 126   (0.041) 0.138 0.019 0.220 0.041 0.011 0.009 0.003 0.006 0.004 0.026 0.035 0.041 0.031 0.029 
 108   (0.017) 0.004 0.002 0.004 0.017 0.003 0.002 0.001 0.002 0.002 0.008 0.019 0.017 0.013 0.018 
 128   (0.023) 0.006 0.003 0.007 0.023 0.004 0.017 0.001 0.003 0.003 0.014 0.027 0.022 0.021 0.031 

Locus 10 : 
4 alleles
0.0% missing data
 232   (0.890) 0.703 0.942 0.962 0.890 0.967 0.986 0.993 0.986 0.926 0.927 0.899 0.889 0.916 0.915 
 238   (0.081) 0.290 0.054 0.031 0.081 0.029 0.011 0.005 0.010 0.071 0.057 0.071 0.082 0.062 0.057 
 234   (0.016) 0.004 0.002 0.004 0.016 0.002 0.002 0.001 0.002 0.002 0.008 0.018 0.017 0.012 0.018 
 244   (0.013) 0.003 0.002 0.003 0.013 0.002 0.001 0.001 0.001 0.001 0.007 0.012 0.012 0.009 0.011 

Locus 11 : 
7 alleles
0.0% missing data
 165   (0.759) 0.891 0.779 0.543 0.759 0.923 0.918 0.782 0.913 0.924 0.819 0.761 0.760 0.793 0.772 
 167   (0.071) 0.020 0.013 0.368 0.071 0.024 0.009 0.208 0.059 0.030 0.040 0.061 0.070 0.053 0.046 
 161   (0.116) 0.077 0.202 0.075 0.116 0.045 0.067 0.008 0.022 0.012 0.116 0.133 0.118 0.121 0.148 
 155   (0.013) 0.003 0.001 0.003 0.013 0.002 0.001 0.001 0.001 0.001 0.005 0.010 0.013 0.008 0.007 
 173   (0.013) 0.003 0.001 0.003 0.013 0.002 0.001 0.001 0.002 0.001 0.006 0.013 0.013 0.009 0.011 
 163   (0.014) 0.003 0.002 0.004 0.014 0.002 0.001 0.001 0.002 0.029 0.006 0.011 0.013 0.008 0.008 
 171   (0.014) 0.003 0.001 0.003 0.014 0.002 0.001 0.001 0.002 0.001 0.008 0.011 0.014 0.008 0.008 

Locus 12 : 
8 alleles
0.0% missing data
 137   (0.512) 0.534 0.252 0.703 0.512 0.832 0.348 0.430 0.416 0.813 0.481 0.518 0.513 0.522 0.512 
 140   (0.158) 0.079 0.487 0.064 0.158 0.034 0.568 0.032 0.210 0.061 0.237 0.145 0.157 0.171 0.155 
 134   (0.251) 0.319 0.252 0.209 0.251 0.121 0.064 0.533 0.365 0.089 0.237 0.255 0.252 0.245 0.254 
 149   (0.012) 0.003 0.001 0.003 0.012 0.002 0.001 0.001 0.002 0.001 0.006 0.010 0.013 0.008 0.007 
 143   (0.015) 0.045 0.002 0.005 0.015 0.004 0.002 0.001 0.002 0.002 0.008 0.012 0.015 0.011 0.010 
 128   (0.013) 0.009 0.001 0.004 0.013 0.002 0.001 0.001 0.002 0.001 0.006 0.011 0.013 0.008 0.008 
 125   (0.019) 0.005 0.003 0.007 0.019 0.003 0.014 0.001 0.002 0.031 0.010 0.015 0.018 0.013 0.011 
 146   (0.019) 0.004 0.002 0.005 0.019 0.003 0.002 0.001 0.002 0.002 0.014 0.034 0.019 0.022 0.043 

Locus 13 : 
19 alleles
0.5% missing data
 206   (0.129) 0.068 0.174 0.105 0.129 0.222 0.249 0.036 0.405 0.150 0.094 0.115 0.127 0.109 0.097 
 210   (0.097) 0.029 0.161 0.050 0.097 0.019 0.167 0.207 0.274 0.024 0.134 0.088 0.096 0.115 0.093 
 190   (0.071) 0.018 0.009 0.038 0.071 0.031 0.089 0.005 0.009 0.113 0.069 0.082 0.073 0.074 0.085 
 202   (0.087) 0.258 0.013 0.207 0.087 0.507 0.036 0.008 0.018 0.012 0.136 0.086 0.088 0.112 0.093 
 214   (0.037) 0.012 0.024 0.011 0.037 0.007 0.073 0.200 0.005 0.004 0.023 0.034 0.037 0.029 0.034 
 212   (0.034) 0.008 0.004 0.026 0.034 0.006 0.004 0.085 0.004 0.409 0.025 0.028 0.033 0.026 0.021 
 192   (0.107) 0.031 0.269 0.055 0.107 0.062 0.090 0.007 0.050 0.037 0.160 0.120 0.109 0.135 0.144 
 204   (0.036) 0.017 0.010 0.014 0.036 0.017 0.021 0.055 0.005 0.014 0.027 0.034 0.035 0.033 0.029 
 184   (0.055) 0.013 0.024 0.017 0.055 0.010 0.020 0.003 0.100 0.102 0.040 0.048 0.055 0.042 0.036 
 216   (0.022) 0.005 0.254 0.006 0.022 0.004 0.019 0.001 0.003 0.002 0.037 0.017 0.020 0.017 0.018 
 208   (0.044) 0.011 0.023 0.014 0.044 0.009 0.181 0.009 0.006 0.046 0.065 0.040 0.042 0.050 0.043 
 198   (0.037) 0.009 0.005 0.011 0.037 0.020 0.004 0.002 0.004 0.005 0.040 0.061 0.038 0.057 0.079 
 194   (0.070) 0.200 0.009 0.343 0.070 0.023 0.022 0.324 0.036 0.013 0.043 0.066 0.071 0.055 0.057 
 186   (0.017) 0.005 0.002 0.009 0.017 0.003 0.002 0.035 0.003 0.002 0.009 0.014 0.017 0.012 0.010 
 188   (0.021) 0.036 0.004 0.006 0.021 0.003 0.004 0.001 0.002 0.002 0.013 0.019 0.022 0.015 0.016 
 200   (0.069) 0.262 0.008 0.062 0.069 0.041 0.012 0.018 0.066 0.036 0.046 0.070 0.070 0.060 0.064 
 196   (0.038) 0.011 0.004 0.018 0.038 0.007 0.004 0.002 0.005 0.024 0.027 0.050 0.038 0.039 0.056 
 220   (0.012) 0.004 0.001 0.003 0.012 0.007 0.001 0.001 0.001 0.002 0.006 0.010 0.012 0.008 0.007 
 180   (0.015) 0.003 0.002 0.004 0.015 0.002 0.002 0.001 0.002 0.002 0.008 0.018 0.016 0.012 0.017 

Locus 14 : 
8 alleles
1.1% missing data
 139   (0.073) 0.058 0.236 0.141 0.073 0.041 0.011 0.175 0.089 0.008 0.066 0.061 0.070 0.068 0.052 
 145   (0.067) 0.039 0.024 0.029 0.067 0.014 0.013 0.010 0.142 0.163 0.043 0.059 0.067 0.054 0.046 
 151   (0.296) 0.283 0.186 0.180 0.296 0.349 0.635 0.442 0.452 0.406 0.327 0.284 0.293 0.315 0.286 
 157   (0.358) 0.328 0.479 0.438 0.358 0.463 0.295 0.141 0.228 0.269 0.439 0.396 0.364 0.402 0.440 
 154   (0.098) 0.029 0.061 0.119 0.098 0.018 0.033 0.227 0.014 0.120 0.064 0.105 0.098 0.082 0.097 
 163   (0.043) 0.012 0.005 0.049 0.043 0.101 0.005 0.003 0.066 0.005 0.026 0.037 0.043 0.031 0.031 
 160   (0.034) 0.232 0.004 0.014 0.035 0.007 0.004 0.002 0.005 0.004 0.017 0.029 0.035 0.023 0.021 
 142   (0.030) 0.018 0.005 0.030 0.030 0.007 0.004 0.002 0.004 0.025 0.019 0.031 0.030 0.025 0.027 

Locus 15 : 
13 alleles
1.6% missing data
 256   (0.147) 0.158 0.156 0.195 0.147 0.132 0.164 0.091 0.165 0.137 0.103 0.129 0.147 0.113 0.104 
 262   (0.024) 0.008 0.003 0.167 0.024 0.004 0.003 0.001 0.259 0.003 0.011 0.019 0.023 0.014 0.013 
 246   (0.120) 0.107 0.132 0.104 0.120 0.024 0.099 0.007 0.177 0.030 0.165 0.136 0.120 0.138 0.164 
 258   (0.187) 0.161 0.296 0.203 0.187 0.503 0.225 0.013 0.027 0.163 0.294 0.185 0.186 0.253 0.204 
 254   (0.105) 0.084 0.029 0.068 0.105 0.186 0.163 0.265 0.013 0.069 0.073 0.102 0.108 0.091 0.097 
 250   (0.030) 0.012 0.003 0.018 0.030 0.010 0.003 0.355 0.004 0.024 0.017 0.025 0.029 0.023 0.020 
 242   (0.094) 0.061 0.011 0.057 0.094 0.021 0.011 0.126 0.190 0.176 0.072 0.129 0.095 0.100 0.147 
 252   (0.063) 0.024 0.031 0.069 0.063 0.014 0.030 0.023 0.113 0.038 0.070 0.060 0.063 0.067 0.053 
 248   (0.135) 0.349 0.318 0.086 0.135 0.089 0.043 0.113 0.026 0.292 0.127 0.122 0.134 0.125 0.115 
 260   (0.039) 0.021 0.014 0.013 0.040 0.007 0.252 0.002 0.005 0.005 0.035 0.037 0.040 0.032 0.033 
 264   (0.017) 0.004 0.002 0.005 0.017 0.003 0.002 0.001 0.002 0.002 0.012 0.022 0.016 0.019 0.026 
 244   (0.028) 0.008 0.003 0.012 0.028 0.005 0.003 0.002 0.017 0.060 0.016 0.024 0.027 0.019 0.018 
 276   (0.012) 0.003 0.001 0.003 0.012 0.002 0.001 0.001 0.001 0.001 0.005 0.009 0.012 0.007 0.006 

Values of parameters used in structure:
DATAFILE=G:\Shared drives\Emily_Schumacher\QUAC_analyses\QUAC_structure_wild_relate\QUAC_allpop_relate_red_12_15_21\project_data,	OUTFILE=G:\Shared drives\Emily_Schumacher\QUAC_analyses\QUAC_structure_wild_relate\QUAC_allpop_relate_red_12_15_21\50-100\Results\50-100_run_69,	NUMINDS=188,	NUMLOCI=15,	MISSING=-9,	LABEL=1,	POPDATA=1,	POPFLAG=0,	PHENOTYPE=0,	EXTRACOLS=0,	MAXPOPS=14,	BURNIN=50000,	NUMREPS=100000,	USEPOPINFO=0,	INFERALPHA=1,	INFERLAMBDA=0,	POPSPECIFICLAMBDA=0,	POPALPHAS=0,	COMPUTEPROB=1,	NOADMIX=0,	ADMBURNIN=2500,	UPDATEFREQ=1,	PRINTLIKES=0,	INTERMEDSAVE=0,	PRINTKLD=0,	PRINTNET=0,	PRINTLAMBDA=0,	ANCESTDIST=0,	NUMBOXES=1000,	ANCESTPINT=0.90000,	GENSBACK=2,	MIGRPRIOR=0.05000,	PRINTQHAT=0,	PRINTQSUM=0,	ALPHA=1.0000,	FREQSCORR=1,	FPRIORMEAN=0.0100,	FPRIORSD=0.0500,	ONEFST=0,	LAMBDA=1.0000,	UNIFPRIORALPHA=1,	ALPHAMAX=10.0000,	ALPHAPRIORA=1.0000,	ALPHAPRIORB=2.0000,	ALPHAPROPSD=0.0250,	STARTATPOPINFO=0,	RANDOMIZE=1,	LINKAGE=0,	METROFREQ=10,	REPORTHITRATE=0,	MARKOVPHASE=-1,	PHASED=0,	PLOIDY=2,	PHASEINFO=0	LOCPRIOR=0, 	LOCPRIORINIT=1.000000, 	LOCDATA=0, 	LOCISPOP=0, 	LOCPRIORSTEP=0.100000, 	MAXLOCPRIOR=20.000000, 	SEED=1639610267,	
[STRAT parameters]:    NUMSIMSTATS=1000,	PHENOTYPECOL=-9,	POOLFREQ=10,	LOCUSxONLY=0,	EMERROR=0.00100,	MISSINGPHENO=-9,	