

----------------------------------------------------
STRUCTURE by Pritchard, Stephens and Donnelly (2000)
     and Falush, Stephens and Pritchard (2003)
       Code by Pritchard, Falush and Hubisz
             Version 2.3.4 (Jul 2012)
----------------------------------------------------



Command line arguments:   bin\structure -m G:\Shared drives\Emily_Schumacher\QUAC_analyses\QUAC_structure_wild_relate\QUAC_allpop_relate_red_12_15_21\50-100\mainparams -e G:\Shared drives\Emily_Schumacher\QUAC_analyses\QUAC_structure_wild_relate\QUAC_allpop_relate_red_12_15_21\50-100\extraparams 
Input File:    G:\Shared drives\Emily_Schumacher\QUAC_analyses\QUAC_structure_wild_relate\QUAC_allpop_relate_red_12_15_21\project_data

Run parameters:
   188 individuals
   15 loci
   19 populations assumed
   50000 Burn-in period
   100000 Reps


--------------------------------------------
Proportion of membership of each pre-defined
 population in each of the 19 clusters

Given    Inferred Clusters                                                                                                                       Number of
 Pop       1      2      3      4      5      6      7      8      9     10     11     12     13     14     15     16     17     18     19      Individuals

  1:     0.008  0.006  0.007  0.009  0.009  0.009  0.009  0.005  0.004  0.004  0.014  0.008  0.012  0.009  0.009  0.008  0.854  0.010  0.007        2
  2:     0.028  0.034  0.019  0.030  0.029  0.032  0.022  0.181  0.006  0.018  0.263  0.028  0.099  0.024  0.027  0.022  0.037  0.029  0.071       17
  3:     0.030  0.019  0.020  0.037  0.036  0.043  0.033  0.013  0.084  0.027  0.146  0.029  0.189  0.034  0.040  0.035  0.053  0.039  0.091       19
  4:     0.041  0.027  0.028  0.049  0.044  0.048  0.044  0.011  0.014  0.062  0.009  0.035  0.301  0.038  0.040  0.040  0.102  0.055  0.011       10
  5:     0.011  0.011  0.009  0.014  0.013  0.013  0.014  0.004  0.005  0.026  0.553  0.012  0.014  0.014  0.013  0.013  0.008  0.014  0.239        2
  6:     0.022  0.022  0.016  0.026  0.028  0.029  0.030  0.141  0.100  0.006  0.008  0.024  0.406  0.027  0.036  0.025  0.008  0.031  0.015        2
  7:     0.027  0.096  0.023  0.055  0.043  0.038  0.049  0.011  0.016  0.007  0.137  0.073  0.005  0.051  0.037  0.044  0.009  0.051  0.229        1
  8:     0.008  0.010  0.008  0.008  0.007  0.008  0.007  0.005  0.005  0.008  0.847  0.008  0.008  0.007  0.007  0.007  0.007  0.007  0.027        1
  9:     0.070  0.028  0.076  0.073  0.074  0.099  0.088  0.006  0.011  0.005  0.004  0.068  0.009  0.067  0.095  0.100  0.005  0.073  0.049        1
 10:     0.024  0.021  0.025  0.048  0.041  0.032  0.066  0.128  0.343  0.010  0.013  0.044  0.007  0.051  0.041  0.050  0.006  0.043  0.007        6
 11:     0.033  0.027  0.026  0.043  0.042  0.044  0.049  0.080  0.133  0.036  0.041  0.042  0.097  0.046  0.045  0.049  0.013  0.047  0.107       16
 12:     0.188  0.021  0.338  0.039  0.040  0.033  0.053  0.003  0.009  0.018  0.020  0.036  0.014  0.049  0.048  0.036  0.014  0.037  0.007        1
 13:     0.034  0.018  0.022  0.040  0.038  0.046  0.032  0.012  0.017  0.379  0.013  0.029  0.139  0.034  0.035  0.037  0.023  0.040  0.013       33
 14:     0.018  0.090  0.015  0.028  0.019  0.018  0.018  0.084  0.144  0.010  0.071  0.046  0.016  0.018  0.018  0.017  0.009  0.020  0.341       21
 15:     0.016  0.036  0.012  0.021  0.018  0.021  0.019  0.023  0.009  0.012  0.009  0.024  0.018  0.018  0.019  0.018  0.676  0.018  0.012       14
 16:     0.247  0.019  0.365  0.024  0.054  0.029  0.024  0.008  0.010  0.015  0.011  0.022  0.016  0.043  0.028  0.028  0.012  0.028  0.017       35
 17:     0.056  0.030  0.044  0.080  0.078  0.103  0.095  0.006  0.009  0.009  0.012  0.073  0.017  0.072  0.116  0.109  0.009  0.072  0.010        7
--------------------------------------------

Allele-freq. divergence among pops (Net nucleotide distance),
computed using point estimates of P.

      1       2       3       4       5       6       7       8       9      10      11      12      13      14      15      16      17      18      19      
 1      -    0.0314  0.0028  0.0059  0.0036  0.0060  0.0056  0.0636  0.0414  0.0573  0.0902  0.0092  0.0419  0.0042  0.0058  0.0056  0.0525  0.0055  0.0584  
 2   0.0314     -    0.0376  0.0218  0.0271  0.0288  0.0248  0.0744  0.0511  0.0922  0.1095  0.0108  0.0690  0.0263  0.0268  0.0264  0.0752  0.0269  0.0754  
 3   0.0028  0.0376     -    0.0144  0.0114  0.0152  0.0134  0.0716  0.0468  0.0710  0.1025  0.0167  0.0584  0.0118  0.0141  0.0139  0.0625  0.0143  0.0673  
 4   0.0059  0.0218  0.0144     -    0.0007  0.0009  0.0004  0.0572  0.0337  0.0488  0.0824  0.0021  0.0332  0.0006  0.0006  0.0006  0.0460  0.0004  0.0560  
 5   0.0036  0.0271  0.0114  0.0007     -    0.0006  0.0007  0.0582  0.0359  0.0480  0.0838  0.0042  0.0333  0.0003  0.0005  0.0006  0.0461  0.0004  0.0559  
 6   0.0060  0.0288  0.0152  0.0009  0.0006     -    0.0011  0.0594  0.0373  0.0480  0.0853  0.0047  0.0320  0.0007  0.0004  0.0004  0.0464  0.0004  0.0589  
 7   0.0056  0.0248  0.0134  0.0004  0.0007  0.0011     -    0.0570  0.0331  0.0495  0.0820  0.0030  0.0348  0.0004  0.0004  0.0003  0.0441  0.0007  0.0542  
 8   0.0636  0.0744  0.0716  0.0572  0.0582  0.0594  0.0570     -    0.0737  0.1090  0.1471  0.0577  0.1054  0.0579  0.0584  0.0586  0.1100  0.0571  0.1073  
 9   0.0414  0.0511  0.0468  0.0337  0.0359  0.0373  0.0331  0.0737     -    0.0986  0.1199  0.0339  0.0726  0.0346  0.0353  0.0347  0.0915  0.0356  0.0836  
10   0.0573  0.0922  0.0710  0.0488  0.0480  0.0480  0.0495  0.1090  0.0986     -    0.1368  0.0585  0.0639  0.0485  0.0495  0.0494  0.0963  0.0463  0.1133  
11   0.0902  0.1095  0.1025  0.0824  0.0838  0.0853  0.0820  0.1471  0.1199  0.1368     -    0.0870  0.1066  0.0835  0.0854  0.0851  0.1158  0.0840  0.0941  
12   0.0092  0.0108  0.0167  0.0021  0.0042  0.0047  0.0030  0.0577  0.0339  0.0585  0.0870     -    0.0408  0.0036  0.0037  0.0035  0.0497  0.0040  0.0568  
13   0.0419  0.0690  0.0584  0.0332  0.0333  0.0320  0.0348  0.1054  0.0726  0.0639  0.1066  0.0408     -    0.0333  0.0350  0.0347  0.0867  0.0329  0.0978  
14   0.0042  0.0263  0.0118  0.0006  0.0003  0.0007  0.0004  0.0579  0.0346  0.0485  0.0835  0.0036  0.0333     -    0.0004  0.0004  0.0458  0.0005  0.0558  
15   0.0058  0.0268  0.0141  0.0006  0.0005  0.0004  0.0004  0.0584  0.0353  0.0495  0.0854  0.0037  0.0350  0.0004     -    0.0001  0.0458  0.0004  0.0570  
16   0.0056  0.0264  0.0139  0.0006  0.0006  0.0004  0.0003  0.0586  0.0347  0.0494  0.0851  0.0035  0.0347  0.0004  0.0001     -    0.0455  0.0005  0.0566  
17   0.0525  0.0752  0.0625  0.0460  0.0461  0.0464  0.0441  0.1100  0.0915  0.0963  0.1158  0.0497  0.0867  0.0458  0.0458  0.0455     -    0.0463  0.0954  
18   0.0055  0.0269  0.0143  0.0004  0.0004  0.0004  0.0007  0.0571  0.0356  0.0463  0.0840  0.0040  0.0329  0.0005  0.0004  0.0005  0.0463     -    0.0585  
19   0.0584  0.0754  0.0673  0.0560  0.0559  0.0589  0.0542  0.1073  0.0836  0.1133  0.0941  0.0568  0.0978  0.0558  0.0570  0.0566  0.0954  0.0585     -    

Average distances (expected heterozygosity) between individuals in same cluster:
cluster  1  : 0.5984 
cluster  2  : 0.6333 
cluster  3  : 0.5835 
cluster  4  : 0.6366 
cluster  5  : 0.6232 
cluster  6  : 0.6197 
cluster  7  : 0.6435 
cluster  8  : 0.5160 
cluster  9  : 0.5964 
cluster 10  : 0.5073 
cluster 11  : 0.4255 
cluster 12  : 0.6482 
cluster 13  : 0.5139 
cluster 14  : 0.6286 
cluster 15  : 0.6335 
cluster 16  : 0.6347 
cluster 17  : 0.5295 
cluster 18  : 0.6268 
cluster 19  : 0.5060 

--------------------------------------------
Estimated Ln Prob of Data   = -8507.7
Mean value of ln likelihood = -6953.2
Variance of ln likelihood   = 3109.0
Mean value of alpha         = 0.0399

Mean value of Fst_1         = 0.1270
Mean value of Fst_2         = 0.2058
Mean value of Fst_3         = 0.1252
Mean value of Fst_4         = 0.0713
Mean value of Fst_5         = 0.0896
Mean value of Fst_6         = 0.1078
Mean value of Fst_7         = 0.0108
Mean value of Fst_8         = 0.2743
Mean value of Fst_9         = 0.1669
Mean value of Fst_10         = 0.2432
Mean value of Fst_11         = 0.4113
Mean value of Fst_12         = 0.0942
Mean value of Fst_13         = 0.2203
Mean value of Fst_14         = 0.0807
Mean value of Fst_15         = 0.0653
Mean value of Fst_16         = 0.0659
Mean value of Fst_17         = 0.2155
Mean value of Fst_18         = 0.0798
Mean value of Fst_19         = 0.2621


Inferred ancestry of individuals:
        Label (%Miss) Pop:  Inferred clusters
  1 QAc-G-0029    (0)    1 :  0.011 0.007 0.008 0.013 0.012 0.014 0.012 0.005 0.005 0.005 0.025 0.011 0.020 0.013 0.012 0.011 0.797 0.014 0.006 
  2 QAc-G-0030    (0)    1 :  0.005 0.004 0.006 0.005 0.005 0.005 0.005 0.005 0.003 0.003 0.004 0.005 0.004 0.005 0.005 0.006 0.912 0.005 0.008 
  3 QAc-G-0062    (0)    2 :  0.024 0.041 0.030 0.028 0.022 0.020 0.024 0.387 0.008 0.005 0.033 0.034 0.006 0.023 0.024 0.021 0.006 0.025 0.239 
  4 QAc-G-0063    (0)    2 :  0.025 0.020 0.019 0.030 0.027 0.025 0.027 0.010 0.008 0.016 0.577 0.024 0.024 0.025 0.032 0.027 0.006 0.029 0.050 
  5 QAc-G-0064    (0)    2 :  0.007 0.005 0.006 0.006 0.007 0.007 0.006 0.869 0.006 0.004 0.006 0.006 0.007 0.007 0.006 0.006 0.005 0.008 0.025 
  6 QAc-G-0065    (0)    2 :  0.004 0.004 0.004 0.005 0.005 0.005 0.005 0.914 0.010 0.005 0.002 0.004 0.005 0.005 0.004 0.004 0.007 0.005 0.003 
  7 QAc-G-0066    (0)    2 :  0.004 0.004 0.004 0.004 0.004 0.004 0.004 0.003 0.003 0.004 0.930 0.004 0.004 0.004 0.004 0.004 0.005 0.004 0.005 
  8 QAc-G-0067    (0)    2 :  0.014 0.009 0.010 0.016 0.015 0.018 0.014 0.779 0.012 0.008 0.005 0.012 0.013 0.011 0.014 0.015 0.016 0.014 0.004 
  9 QAc-G-0068    (0)    2 :  0.006 0.339 0.008 0.035 0.004 0.004 0.004 0.006 0.004 0.004 0.435 0.120 0.003 0.004 0.004 0.004 0.005 0.004 0.006 
 10 QAc-G-0070    (0)    2 :  0.058 0.019 0.054 0.020 0.038 0.024 0.025 0.020 0.006 0.006 0.470 0.019 0.009 0.031 0.022 0.020 0.012 0.025 0.123 
 11 QAc-G-0071   (13)    2 :  0.006 0.005 0.005 0.006 0.006 0.006 0.006 0.004 0.005 0.003 0.870 0.005 0.008 0.005 0.006 0.006 0.008 0.006 0.035 
 12 QAc-G-0072    (0)    2 :  0.006 0.005 0.006 0.005 0.005 0.005 0.005 0.004 0.004 0.004 0.913 0.005 0.005 0.005 0.005 0.005 0.005 0.005 0.004 
 13 QAc-G-0073    (0)    2 :  0.063 0.019 0.018 0.060 0.044 0.060 0.016 0.004 0.004 0.013 0.005 0.020 0.517 0.030 0.030 0.027 0.010 0.057 0.004 
 14 QAc-G-0074    (0)    2 :  0.036 0.017 0.019 0.034 0.041 0.039 0.037 0.006 0.006 0.018 0.163 0.024 0.379 0.029 0.032 0.029 0.004 0.041 0.043 
 15 QAc-G-0075    (0)    2 :  0.019 0.012 0.016 0.026 0.029 0.031 0.026 0.010 0.008 0.033 0.011 0.024 0.626 0.023 0.027 0.025 0.016 0.025 0.013 
 16 QAc-G-0076    (0)    2 :  0.097 0.025 0.019 0.106 0.100 0.111 0.046 0.028 0.005 0.074 0.009 0.046 0.042 0.056 0.062 0.053 0.008 0.110 0.005 
 17 QAc-G-0080    (0)    2 :  0.026 0.020 0.020 0.036 0.041 0.055 0.044 0.023 0.006 0.004 0.010 0.037 0.014 0.040 0.040 0.041 0.490 0.035 0.017 
 18 QAc-G-0081    (0)    2 :  0.070 0.035 0.075 0.074 0.090 0.101 0.069 0.006 0.008 0.011 0.005 0.067 0.004 0.086 0.127 0.073 0.008 0.078 0.012 
 19 QAc-G-0083    (0)    2 :  0.017 0.008 0.011 0.019 0.019 0.024 0.020 0.010 0.005 0.091 0.033 0.016 0.019 0.020 0.016 0.019 0.014 0.023 0.617 
 20 QAc-G-0285    (0)    3 :  0.007 0.007 0.007 0.007 0.008 0.007 0.007 0.004 0.011 0.005 0.075 0.007 0.004 0.006 0.007 0.007 0.010 0.007 0.808 
 21 QAc-G-0287    (0)    3 :  0.003 0.003 0.003 0.003 0.003 0.003 0.003 0.003 0.003 0.003 0.940 0.003 0.004 0.003 0.003 0.003 0.004 0.003 0.005 
 22 QAc-G-0288    (6)    3 :  0.008 0.008 0.009 0.007 0.008 0.007 0.007 0.005 0.006 0.008 0.865 0.007 0.007 0.007 0.007 0.007 0.015 0.007 0.005 
 23 QAc-G-0292    (0)    3 :  0.012 0.011 0.011 0.012 0.013 0.011 0.011 0.006 0.009 0.005 0.166 0.011 0.005 0.011 0.012 0.010 0.005 0.011 0.668 
 24 QAc-G-0294    (0)    3 :  0.079 0.052 0.042 0.076 0.101 0.113 0.037 0.017 0.009 0.034 0.005 0.053 0.034 0.058 0.078 0.063 0.017 0.126 0.004 
 25 QAc-G-0295    (0)    3 :  0.029 0.012 0.012 0.036 0.040 0.109 0.032 0.016 0.007 0.029 0.014 0.046 0.342 0.088 0.049 0.049 0.017 0.054 0.020 
 26 QAc-G-0296    (0)    3 :  0.068 0.013 0.019 0.061 0.049 0.068 0.024 0.042 0.006 0.051 0.008 0.020 0.419 0.022 0.026 0.027 0.005 0.059 0.013 
 27 QAc-G-0297    (0)    3 :  0.043 0.019 0.030 0.072 0.060 0.056 0.092 0.003 0.019 0.035 0.003 0.074 0.213 0.061 0.079 0.067 0.006 0.066 0.004 
 28 QAc-G-0298    (6)    3 :  0.012 0.009 0.008 0.018 0.016 0.027 0.015 0.008 0.005 0.010 0.004 0.015 0.736 0.023 0.022 0.022 0.016 0.018 0.017 
 29 QAc-G-0299    (0)    3 :  0.021 0.009 0.006 0.026 0.019 0.017 0.013 0.005 0.009 0.126 0.012 0.012 0.661 0.012 0.012 0.014 0.005 0.014 0.005 
 30 QAc-G-0300    (0)    3 :  0.059 0.023 0.025 0.057 0.051 0.069 0.028 0.037 0.012 0.099 0.005 0.027 0.310 0.037 0.040 0.036 0.005 0.076 0.004 
 31 QAc-G-0301    (0)    3 :  0.010 0.006 0.006 0.012 0.010 0.012 0.011 0.040 0.005 0.017 0.012 0.011 0.783 0.012 0.012 0.011 0.008 0.012 0.010 
 32 QAc-G-0302    (0)    3 :  0.011 0.017 0.010 0.018 0.017 0.025 0.021 0.004 0.722 0.024 0.005 0.020 0.010 0.023 0.022 0.024 0.005 0.015 0.006 
 33 QAc-G-0303    (0)    3 :  0.017 0.032 0.023 0.020 0.017 0.013 0.019 0.009 0.723 0.004 0.005 0.023 0.004 0.017 0.016 0.020 0.007 0.016 0.015 
 34 QAc-G-0305    (0)    3 :  0.015 0.027 0.014 0.019 0.019 0.017 0.019 0.006 0.026 0.004 0.629 0.022 0.006 0.018 0.019 0.023 0.020 0.018 0.076 
 35 QAc-G-0307    (0)    3 :  0.015 0.008 0.016 0.010 0.010 0.012 0.010 0.005 0.007 0.006 0.003 0.011 0.007 0.012 0.010 0.010 0.828 0.011 0.010 
 36 QAc-G-0313    (0)    3 :  0.043 0.042 0.043 0.085 0.069 0.075 0.106 0.016 0.005 0.008 0.011 0.075 0.007 0.080 0.102 0.085 0.011 0.080 0.057 
 37 QAc-G-0314    (0)    3 :  0.049 0.039 0.037 0.091 0.087 0.071 0.103 0.009 0.012 0.024 0.004 0.063 0.041 0.089 0.103 0.079 0.011 0.085 0.003 
 38 QAc-G-0316    (0)    3 :  0.066 0.023 0.051 0.078 0.082 0.113 0.077 0.013 0.005 0.014 0.009 0.054 0.007 0.067 0.145 0.106 0.023 0.064 0.007 
 39 QAc-G-0033    (0)    4 :  0.016 0.006 0.009 0.012 0.024 0.018 0.009 0.011 0.006 0.183 0.005 0.007 0.625 0.020 0.011 0.012 0.007 0.016 0.004 
 40 QAc-G-0034    (0)    4 :  0.015 0.007 0.011 0.016 0.012 0.013 0.011 0.008 0.010 0.011 0.004 0.011 0.795 0.013 0.010 0.010 0.023 0.013 0.004 
 41 QAc-G-0035    (0)    4 :  0.052 0.030 0.031 0.049 0.057 0.068 0.030 0.023 0.009 0.321 0.014 0.040 0.020 0.038 0.057 0.051 0.012 0.083 0.014 
 42 QAc-G-0036    (0)    4 :  0.011 0.007 0.008 0.010 0.012 0.011 0.011 0.013 0.004 0.008 0.013 0.009 0.822 0.011 0.012 0.010 0.006 0.012 0.008 
 43 QAc-G-0039    (0)    4 :  0.080 0.044 0.050 0.083 0.089 0.116 0.040 0.008 0.010 0.019 0.009 0.053 0.021 0.049 0.089 0.064 0.032 0.139 0.004 
 44 QAc-G-0040    (0)    4 :  0.089 0.031 0.070 0.077 0.070 0.096 0.056 0.007 0.011 0.037 0.017 0.050 0.038 0.062 0.061 0.064 0.011 0.103 0.049 
 45 QAc-G-0045    (0)    4 :  0.055 0.007 0.006 0.051 0.034 0.037 0.008 0.007 0.005 0.026 0.008 0.007 0.666 0.012 0.010 0.015 0.012 0.030 0.004 
 46 QAc-G-0050    (0)    4 :  0.036 0.088 0.039 0.073 0.057 0.043 0.109 0.006 0.057 0.004 0.011 0.084 0.004 0.078 0.068 0.076 0.084 0.070 0.014 
 47 QAc-G-0052    (0)    4 :  0.013 0.013 0.009 0.012 0.014 0.018 0.014 0.019 0.005 0.006 0.004 0.013 0.007 0.016 0.011 0.013 0.794 0.014 0.004 
 48 QAc-G-0056    (0)    4 :  0.049 0.040 0.051 0.104 0.070 0.057 0.147 0.009 0.020 0.007 0.007 0.081 0.009 0.081 0.071 0.089 0.039 0.066 0.006 
 49 QAc-G-0276    (0)    5 :  0.010 0.009 0.007 0.013 0.012 0.014 0.013 0.003 0.005 0.019 0.344 0.010 0.015 0.014 0.013 0.013 0.008 0.013 0.465 
 50 QAc-G-0280    (6)    5 :  0.012 0.013 0.011 0.014 0.013 0.013 0.015 0.006 0.006 0.032 0.763 0.014 0.012 0.014 0.012 0.013 0.008 0.015 0.013 
 51 QAc-G-0018    (0)    6 :  0.013 0.017 0.009 0.014 0.013 0.014 0.011 0.007 0.013 0.007 0.007 0.014 0.797 0.013 0.011 0.011 0.012 0.013 0.004 
 52 QAc-G-0017    (0)    6 :  0.032 0.026 0.024 0.039 0.042 0.044 0.048 0.275 0.187 0.004 0.010 0.033 0.014 0.042 0.061 0.040 0.004 0.050 0.026 
 53 QAc-G-0250    (0)    7 :  0.027 0.096 0.023 0.055 0.043 0.038 0.049 0.011 0.016 0.007 0.137 0.073 0.005 0.051 0.037 0.044 0.009 0.051 0.229 
 54 QAc-G-0003    (6)    8 :  0.008 0.010 0.008 0.008 0.007 0.008 0.007 0.005 0.005 0.008 0.847 0.008 0.008 0.007 0.007 0.007 0.007 0.007 0.027 
 55 QAc-G-0283    (0)    9 :  0.070 0.028 0.076 0.073 0.074 0.099 0.088 0.006 0.011 0.005 0.004 0.068 0.009 0.067 0.095 0.100 0.005 0.073 0.049 
 56 QAc-G-0255    (0)   10 :  0.026 0.016 0.027 0.035 0.046 0.029 0.037 0.008 0.458 0.028 0.004 0.052 0.008 0.072 0.049 0.071 0.004 0.023 0.006 
 57 QAc-G-0256    (0)   10 :  0.007 0.008 0.005 0.008 0.007 0.008 0.006 0.017 0.844 0.009 0.017 0.007 0.008 0.007 0.008 0.007 0.006 0.008 0.012 
 58 QAc-G-0257    (0)   10 :  0.017 0.013 0.018 0.018 0.018 0.020 0.023 0.068 0.680 0.003 0.003 0.020 0.005 0.022 0.015 0.019 0.009 0.021 0.006 
 59 QAc-G-0259    (0)   10 :  0.034 0.037 0.040 0.118 0.075 0.034 0.186 0.003 0.014 0.008 0.003 0.094 0.003 0.090 0.061 0.089 0.003 0.107 0.002 
 60 QAc-G-0260    (0)   10 :  0.038 0.033 0.043 0.069 0.058 0.059 0.102 0.135 0.053 0.010 0.045 0.057 0.007 0.076 0.065 0.065 0.008 0.067 0.012 
 61 QAc-G-0261    (0)   10 :  0.022 0.020 0.019 0.038 0.039 0.042 0.041 0.538 0.012 0.004 0.004 0.033 0.011 0.039 0.048 0.046 0.005 0.032 0.006 
 62 QAc-G-0109    (0)   11 :  0.029 0.020 0.029 0.049 0.046 0.050 0.066 0.045 0.373 0.005 0.005 0.045 0.018 0.056 0.051 0.050 0.012 0.043 0.009 
 63 QAc-G-0113    (0)   11 :  0.015 0.069 0.013 0.029 0.019 0.019 0.033 0.021 0.547 0.005 0.011 0.039 0.013 0.024 0.023 0.025 0.019 0.021 0.055 
 64 QAc-G-0114    (0)   11 :  0.017 0.019 0.016 0.026 0.039 0.020 0.027 0.005 0.520 0.091 0.011 0.033 0.021 0.039 0.033 0.040 0.006 0.028 0.008 
 65 QAc-G-0117    (0)   11 :  0.047 0.065 0.023 0.068 0.058 0.076 0.058 0.071 0.097 0.033 0.007 0.066 0.050 0.050 0.059 0.058 0.010 0.056 0.050 
 66 QAc-G-0120    (0)   11 :  0.031 0.030 0.035 0.067 0.069 0.038 0.106 0.008 0.218 0.011 0.004 0.072 0.013 0.079 0.070 0.076 0.009 0.053 0.009 
 67 QAc-G-0125    (0)   11 :  0.021 0.012 0.023 0.020 0.024 0.022 0.025 0.615 0.018 0.005 0.015 0.023 0.004 0.025 0.020 0.028 0.033 0.022 0.047 
 68 QAc-G-0141    (0)   11 :  0.064 0.054 0.033 0.084 0.074 0.091 0.068 0.023 0.057 0.014 0.018 0.071 0.030 0.053 0.076 0.076 0.024 0.079 0.014 
 69 QAc-G-0143    (0)   11 :  0.077 0.012 0.012 0.087 0.057 0.089 0.118 0.003 0.005 0.004 0.006 0.066 0.009 0.082 0.123 0.133 0.006 0.107 0.004 
 70 QAc-G-0147    (0)   11 :  0.041 0.031 0.053 0.043 0.034 0.036 0.044 0.356 0.073 0.009 0.005 0.041 0.027 0.050 0.037 0.035 0.009 0.042 0.033 
 71 QAc-G-0174    (0)   11 :  0.005 0.005 0.004 0.005 0.005 0.004 0.005 0.003 0.004 0.005 0.068 0.005 0.008 0.004 0.005 0.005 0.006 0.005 0.849 
 72 QAc-G-0182    (0)   11 :  0.006 0.005 0.005 0.006 0.006 0.006 0.008 0.010 0.006 0.004 0.299 0.006 0.004 0.007 0.007 0.006 0.003 0.007 0.599 
 73 QAc-G-0188    (0)   11 :  0.031 0.028 0.026 0.050 0.060 0.043 0.060 0.007 0.173 0.015 0.181 0.063 0.007 0.071 0.057 0.072 0.004 0.041 0.012 
 74 QAc-G-0229    (0)   11 :  0.012 0.007 0.011 0.010 0.011 0.012 0.011 0.004 0.009 0.006 0.005 0.009 0.828 0.013 0.010 0.011 0.007 0.013 0.009 
 75 QAc-G-0233    (0)   11 :  0.054 0.023 0.075 0.048 0.066 0.033 0.064 0.011 0.006 0.254 0.006 0.049 0.011 0.063 0.056 0.071 0.026 0.082 0.004 
 76 QAc-G-0237    (0)   11 :  0.020 0.010 0.014 0.028 0.030 0.056 0.030 0.050 0.022 0.029 0.009 0.024 0.499 0.056 0.027 0.026 0.019 0.043 0.007 
 77 QAc-G-0243    (0)   11 :  0.062 0.036 0.041 0.068 0.076 0.104 0.059 0.042 0.007 0.088 0.004 0.058 0.014 0.062 0.069 0.078 0.012 0.113 0.007 
 78 QAc-G-0249    (0)   12 :  0.188 0.021 0.338 0.039 0.040 0.033 0.053 0.003 0.009 0.018 0.020 0.036 0.014 0.049 0.048 0.036 0.014 0.037 0.007 
 79 QAc-W-0001    (0)   13 :  0.008 0.005 0.006 0.010 0.010 0.010 0.009 0.014 0.013 0.827 0.003 0.007 0.034 0.008 0.010 0.009 0.005 0.009 0.003 
 80 QAc-W-0002    (0)   13 :  0.040 0.014 0.019 0.047 0.037 0.040 0.029 0.004 0.027 0.017 0.034 0.023 0.531 0.026 0.029 0.031 0.006 0.040 0.007 
 81 QAc-W-0003    (0)   13 :  0.012 0.011 0.008 0.017 0.015 0.019 0.014 0.013 0.014 0.738 0.008 0.014 0.016 0.016 0.014 0.016 0.019 0.014 0.024 
 82 QAc-W-0004    (0)   13 :  0.006 0.004 0.005 0.007 0.008 0.006 0.005 0.004 0.004 0.889 0.008 0.005 0.015 0.006 0.005 0.006 0.007 0.007 0.004 
 83 QAc-W-0005    (0)   13 :  0.007 0.005 0.007 0.007 0.009 0.008 0.006 0.004 0.005 0.882 0.005 0.006 0.007 0.007 0.008 0.008 0.004 0.008 0.006 
 84 QAc-W-0007   (13)   13 :  0.008 0.006 0.007 0.007 0.008 0.008 0.007 0.006 0.005 0.871 0.005 0.007 0.014 0.008 0.007 0.007 0.005 0.007 0.006 
 85 QAc-W-0008    (6)   13 :  0.025 0.022 0.015 0.025 0.028 0.023 0.031 0.004 0.007 0.656 0.005 0.028 0.014 0.029 0.026 0.026 0.004 0.025 0.006 
 86 QAc-W-0009    (0)   13 :  0.035 0.023 0.038 0.053 0.045 0.095 0.065 0.010 0.144 0.017 0.018 0.066 0.099 0.089 0.056 0.067 0.009 0.066 0.007 
 87 QAc-W-0010    (0)   13 :  0.026 0.016 0.022 0.021 0.025 0.022 0.019 0.030 0.016 0.652 0.007 0.019 0.009 0.022 0.022 0.023 0.005 0.026 0.016 
 88 QAc-W-0011    (0)   13 :  0.042 0.021 0.015 0.058 0.057 0.050 0.043 0.011 0.011 0.375 0.039 0.031 0.054 0.040 0.040 0.037 0.014 0.048 0.014 
 89 QAc-W-0012    (0)   13 :  0.019 0.017 0.017 0.021 0.026 0.019 0.024 0.010 0.009 0.597 0.012 0.019 0.091 0.021 0.021 0.030 0.012 0.028 0.005 
 90 QAc-W-0013    (0)   13 :  0.075 0.022 0.015 0.090 0.070 0.089 0.032 0.009 0.056 0.014 0.016 0.030 0.136 0.037 0.035 0.043 0.143 0.081 0.007 
 91 QAc-W-0014    (0)   13 :  0.014 0.008 0.015 0.012 0.015 0.014 0.010 0.005 0.004 0.802 0.004 0.010 0.019 0.013 0.012 0.012 0.005 0.017 0.009 
 92 QAc-W-0015    (0)   13 :  0.071 0.013 0.016 0.068 0.051 0.077 0.024 0.004 0.011 0.012 0.017 0.018 0.347 0.027 0.026 0.033 0.014 0.045 0.126 
 93 QAc-W-0017    (0)   13 :  0.077 0.029 0.045 0.084 0.068 0.125 0.068 0.006 0.013 0.009 0.010 0.073 0.035 0.063 0.075 0.094 0.019 0.070 0.038 
 94 QAc-W-0018    (0)   13 :  0.029 0.031 0.027 0.049 0.047 0.045 0.051 0.013 0.023 0.373 0.005 0.049 0.021 0.043 0.060 0.040 0.035 0.057 0.004 
 95 QAc-W-0020    (0)   13 :  0.015 0.010 0.011 0.018 0.019 0.025 0.020 0.011 0.004 0.736 0.004 0.021 0.007 0.017 0.021 0.029 0.003 0.022 0.005 
 96 QAc-W-0021    (0)   13 :  0.035 0.029 0.027 0.052 0.055 0.047 0.055 0.008 0.018 0.298 0.011 0.043 0.014 0.045 0.058 0.047 0.099 0.055 0.003 
 97 QAc-W-0022    (0)   13 :  0.064 0.035 0.035 0.080 0.080 0.087 0.074 0.007 0.007 0.017 0.014 0.047 0.093 0.067 0.080 0.074 0.011 0.104 0.024 
 98 QAc-W-0023    (6)   13 :  0.051 0.023 0.043 0.077 0.081 0.086 0.055 0.033 0.026 0.086 0.004 0.045 0.100 0.058 0.064 0.064 0.020 0.080 0.005 
 99 QAc-W-0024    (0)   13 :  0.030 0.014 0.023 0.041 0.047 0.079 0.041 0.006 0.010 0.295 0.049 0.043 0.020 0.042 0.070 0.064 0.079 0.042 0.005 
100 QAc-W-0025    (0)   13 :  0.022 0.015 0.018 0.026 0.039 0.035 0.024 0.004 0.010 0.307 0.007 0.023 0.307 0.044 0.029 0.035 0.016 0.034 0.004 
101 QAc-W-0026    (0)   13 :  0.034 0.022 0.029 0.041 0.037 0.022 0.043 0.023 0.015 0.401 0.042 0.029 0.041 0.033 0.031 0.035 0.073 0.035 0.014 
102 QAc-W-0027    (0)   13 :  0.012 0.009 0.012 0.013 0.015 0.026 0.016 0.004 0.012 0.078 0.005 0.015 0.701 0.030 0.017 0.013 0.005 0.014 0.004 
103 QAc-W-0028    (0)   13 :  0.022 0.007 0.012 0.027 0.030 0.047 0.022 0.004 0.006 0.525 0.009 0.019 0.135 0.026 0.035 0.035 0.004 0.027 0.007 
104 QAc-W-0029    (0)   13 :  0.051 0.030 0.020 0.062 0.063 0.072 0.027 0.020 0.013 0.240 0.003 0.030 0.162 0.045 0.040 0.039 0.007 0.074 0.004 
105 QAc-W-0032    (0)   13 :  0.013 0.007 0.010 0.011 0.013 0.013 0.010 0.027 0.004 0.788 0.003 0.009 0.025 0.013 0.012 0.016 0.006 0.019 0.003 
106 QAc-W-0033    (0)   13 :  0.053 0.065 0.046 0.084 0.064 0.052 0.082 0.030 0.010 0.143 0.005 0.077 0.016 0.061 0.056 0.065 0.012 0.070 0.009 
107 QAc-W-0035    (0)   13 :  0.026 0.027 0.027 0.035 0.043 0.057 0.048 0.007 0.006 0.114 0.019 0.040 0.356 0.054 0.032 0.038 0.016 0.040 0.013 
108 QAc-W-0037    (0)   13 :  0.013 0.009 0.008 0.015 0.012 0.022 0.012 0.018 0.006 0.027 0.008 0.011 0.761 0.015 0.012 0.012 0.015 0.017 0.006 
109 QAc-W-0038    (0)   13 :  0.044 0.016 0.027 0.063 0.058 0.130 0.050 0.009 0.011 0.107 0.009 0.066 0.068 0.058 0.091 0.105 0.006 0.053 0.029 
110 QAc-W-0040    (0)   13 :  0.057 0.010 0.085 0.018 0.029 0.017 0.025 0.019 0.007 0.574 0.010 0.016 0.015 0.027 0.021 0.023 0.013 0.023 0.010 
111 QAc-W-0041    (0)   13 :  0.076 0.029 0.016 0.081 0.061 0.064 0.029 0.006 0.028 0.033 0.031 0.031 0.310 0.030 0.031 0.031 0.057 0.051 0.005 
112 QAc-W-0042    (0)   14 :  0.024 0.038 0.009 0.029 0.025 0.021 0.014 0.298 0.368 0.006 0.032 0.025 0.015 0.015 0.014 0.015 0.015 0.023 0.011 
113 QAc-W-0044    (0)   14 :  0.077 0.034 0.026 0.073 0.068 0.066 0.024 0.150 0.074 0.008 0.040 0.025 0.075 0.039 0.033 0.037 0.004 0.078 0.068 
114 QAc-W-0045    (0)   14 :  0.010 0.049 0.009 0.020 0.014 0.012 0.014 0.027 0.701 0.006 0.011 0.030 0.013 0.018 0.017 0.019 0.008 0.015 0.006 
115 QAc-W-0048    (0)   14 :  0.011 0.014 0.011 0.019 0.017 0.020 0.027 0.075 0.657 0.010 0.004 0.020 0.012 0.023 0.018 0.021 0.016 0.019 0.005 
116 QAc-W-0050    (0)   14 :  0.014 0.407 0.014 0.057 0.019 0.018 0.020 0.017 0.171 0.004 0.008 0.161 0.008 0.018 0.017 0.018 0.006 0.017 0.006 
117 QAc-W-0051    (0)   14 :  0.008 0.472 0.007 0.059 0.010 0.011 0.012 0.087 0.032 0.007 0.006 0.186 0.006 0.010 0.013 0.011 0.014 0.013 0.036 
118 QAc-W-0052    (0)   14 :  0.005 0.004 0.004 0.005 0.005 0.005 0.005 0.907 0.006 0.009 0.006 0.005 0.005 0.005 0.005 0.005 0.003 0.005 0.006 
119 QAc-W-0053    (0)   14 :  0.011 0.014 0.010 0.012 0.012 0.013 0.012 0.017 0.809 0.008 0.005 0.012 0.008 0.012 0.011 0.011 0.005 0.012 0.007 
120 QAc-W-0054    (0)   14 :  0.037 0.120 0.028 0.076 0.050 0.044 0.051 0.068 0.038 0.007 0.101 0.094 0.011 0.047 0.061 0.048 0.007 0.055 0.058 
121 QAc-W-0056    (0)   14 :  0.029 0.259 0.024 0.071 0.039 0.037 0.059 0.007 0.014 0.048 0.007 0.145 0.065 0.046 0.047 0.042 0.010 0.042 0.010 
122 QAc-W-0057    (0)   14 :  0.018 0.353 0.017 0.059 0.022 0.024 0.032 0.010 0.069 0.006 0.008 0.156 0.017 0.026 0.026 0.022 0.027 0.023 0.087 
123 QAc-W-0060    (0)   14 :  0.006 0.005 0.007 0.006 0.007 0.006 0.008 0.033 0.006 0.004 0.010 0.007 0.019 0.006 0.007 0.007 0.004 0.007 0.846 
124 QAc-W-0061    (0)   14 :  0.032 0.018 0.040 0.021 0.023 0.024 0.023 0.005 0.016 0.011 0.014 0.024 0.028 0.022 0.025 0.025 0.011 0.024 0.613 
125 QAc-W-0062    (0)   14 :  0.005 0.004 0.005 0.004 0.004 0.004 0.004 0.009 0.004 0.003 0.007 0.004 0.004 0.005 0.004 0.004 0.004 0.004 0.916 
126 QAc-W-0063    (0)   14 :  0.012 0.009 0.011 0.013 0.013 0.014 0.013 0.024 0.006 0.016 0.019 0.012 0.007 0.013 0.014 0.012 0.020 0.015 0.756 
127 QAc-W-0064    (0)   14 :  0.008 0.008 0.007 0.008 0.009 0.009 0.009 0.005 0.006 0.011 0.024 0.008 0.006 0.008 0.008 0.008 0.007 0.009 0.844 
128 QAc-W-0065    (0)   14 :  0.015 0.023 0.014 0.016 0.016 0.018 0.016 0.007 0.009 0.008 0.010 0.021 0.013 0.016 0.019 0.019 0.011 0.014 0.735 
129 QAc-W-0066    (0)   14 :  0.003 0.003 0.003 0.003 0.003 0.003 0.003 0.003 0.003 0.003 0.941 0.003 0.004 0.003 0.003 0.003 0.004 0.003 0.005 
130 QAc-W-0072    (0)   14 :  0.043 0.030 0.061 0.018 0.019 0.015 0.015 0.004 0.006 0.014 0.006 0.021 0.006 0.017 0.014 0.013 0.010 0.014 0.674 
131 QAc-W-0073    (0)   14 :  0.013 0.011 0.009 0.013 0.015 0.013 0.012 0.007 0.014 0.007 0.006 0.012 0.008 0.013 0.013 0.012 0.008 0.012 0.802 
132 QAc-W-0077    (0)   14 :  0.006 0.008 0.005 0.006 0.006 0.006 0.007 0.005 0.008 0.005 0.219 0.006 0.007 0.006 0.006 0.006 0.004 0.006 0.677 
133 QAc-W-0078    (0)   15 :  0.022 0.013 0.022 0.033 0.027 0.028 0.034 0.014 0.005 0.012 0.031 0.026 0.019 0.034 0.031 0.025 0.587 0.031 0.007 
134 QAc-W-0079    (6)   15 :  0.006 0.005 0.006 0.006 0.007 0.006 0.006 0.003 0.007 0.006 0.012 0.006 0.008 0.007 0.007 0.007 0.884 0.006 0.004 
135 QAc-W-0081    (0)   15 :  0.008 0.007 0.005 0.008 0.007 0.009 0.007 0.010 0.005 0.009 0.004 0.006 0.005 0.008 0.007 0.007 0.875 0.007 0.008 
136 QAc-W-0082    (0)   15 :  0.005 0.339 0.005 0.038 0.005 0.008 0.006 0.003 0.007 0.003 0.005 0.118 0.006 0.006 0.006 0.006 0.426 0.005 0.005 
137 QAc-W-0083    (0)   15 :  0.011 0.012 0.010 0.010 0.010 0.011 0.009 0.009 0.008 0.007 0.007 0.010 0.007 0.010 0.009 0.008 0.809 0.009 0.034 
138 QAc-W-0086    (0)   15 :  0.008 0.011 0.010 0.009 0.008 0.011 0.009 0.005 0.005 0.006 0.013 0.009 0.007 0.008 0.007 0.008 0.853 0.008 0.005 
139 QAc-W-0087    (0)   15 :  0.007 0.006 0.008 0.006 0.006 0.006 0.006 0.003 0.009 0.004 0.005 0.006 0.005 0.006 0.006 0.006 0.895 0.006 0.003 
140 QAc-W-0088    (0)   15 :  0.011 0.010 0.010 0.014 0.016 0.016 0.018 0.004 0.009 0.006 0.006 0.014 0.012 0.018 0.016 0.017 0.782 0.016 0.005 
141 QAc-W-0092    (0)   15 :  0.037 0.014 0.013 0.034 0.025 0.032 0.027 0.018 0.017 0.021 0.010 0.021 0.084 0.022 0.022 0.023 0.545 0.029 0.006 
142 QAc-W-0093    (0)   15 :  0.019 0.015 0.018 0.024 0.020 0.030 0.029 0.009 0.011 0.025 0.003 0.025 0.016 0.026 0.026 0.028 0.651 0.021 0.004 
143 QAc-W-0094    (0)   15 :  0.031 0.022 0.021 0.038 0.043 0.057 0.039 0.209 0.018 0.043 0.006 0.033 0.009 0.040 0.051 0.050 0.206 0.037 0.047 
144 QAc-W-0097    (0)   15 :  0.020 0.016 0.013 0.027 0.029 0.032 0.027 0.014 0.011 0.023 0.006 0.024 0.056 0.024 0.026 0.027 0.587 0.031 0.007 
145 QAc-W-0099    (0)   15 :  0.034 0.026 0.018 0.036 0.039 0.042 0.037 0.016 0.014 0.004 0.005 0.032 0.009 0.040 0.039 0.036 0.526 0.041 0.004 
146 QAc-W-0107    (0)   15 :  0.008 0.009 0.007 0.009 0.009 0.009 0.009 0.008 0.004 0.006 0.013 0.009 0.005 0.008 0.009 0.010 0.832 0.009 0.028 
147 QAc-W-0115    (0)   16 :  0.315 0.008 0.392 0.012 0.076 0.015 0.015 0.006 0.004 0.011 0.005 0.011 0.020 0.054 0.011 0.013 0.009 0.015 0.007 
148 QAc-W-0116    (0)   16 :  0.216 0.023 0.383 0.033 0.041 0.029 0.027 0.013 0.022 0.007 0.003 0.026 0.016 0.045 0.034 0.040 0.006 0.031 0.005 
149 QAc-W-0117    (0)   16 :  0.281 0.010 0.539 0.011 0.022 0.014 0.012 0.004 0.012 0.005 0.004 0.010 0.009 0.019 0.014 0.016 0.004 0.012 0.004 
150 QAc-W-0118    (0)   16 :  0.266 0.019 0.376 0.016 0.066 0.026 0.020 0.006 0.008 0.008 0.036 0.013 0.005 0.035 0.020 0.020 0.022 0.018 0.021 
151 QAc-W-0119    (0)   16 :  0.253 0.026 0.471 0.023 0.024 0.020 0.020 0.007 0.007 0.006 0.015 0.019 0.007 0.028 0.021 0.023 0.007 0.018 0.004 
152 QAc-W-0120    (0)   16 :  0.218 0.016 0.354 0.041 0.051 0.028 0.048 0.005 0.011 0.010 0.018 0.031 0.008 0.038 0.033 0.040 0.009 0.034 0.008 
153 QAc-W-0121    (0)   16 :  0.245 0.029 0.464 0.016 0.028 0.014 0.014 0.003 0.007 0.007 0.069 0.020 0.006 0.016 0.017 0.017 0.004 0.016 0.010 
154 QAc-W-0122    (0)   16 :  0.222 0.021 0.205 0.035 0.112 0.050 0.033 0.004 0.011 0.017 0.004 0.029 0.006 0.077 0.055 0.052 0.006 0.054 0.007 
155 QAc-W-0123    (6)   16 :  0.250 0.018 0.368 0.020 0.064 0.033 0.024 0.017 0.008 0.004 0.006 0.023 0.013 0.048 0.029 0.033 0.009 0.024 0.008 
156 QAc-W-0124    (0)   16 :  0.226 0.016 0.187 0.020 0.096 0.033 0.020 0.007 0.004 0.014 0.011 0.017 0.037 0.065 0.029 0.024 0.063 0.024 0.107 
157 QAc-W-0125    (0)   16 :  0.277 0.014 0.482 0.015 0.025 0.017 0.012 0.008 0.009 0.007 0.008 0.013 0.010 0.034 0.015 0.015 0.019 0.013 0.004 
158 QAc-W-0132    (6)   16 :  0.222 0.019 0.239 0.029 0.082 0.039 0.030 0.017 0.006 0.015 0.043 0.027 0.035 0.048 0.030 0.030 0.034 0.033 0.023 
159 QAc-W-0134    (0)   16 :  0.298 0.006 0.566 0.007 0.017 0.007 0.007 0.006 0.005 0.005 0.005 0.007 0.007 0.020 0.008 0.009 0.007 0.008 0.007 
160 QAc-W-0135    (0)   16 :  0.254 0.013 0.270 0.019 0.081 0.021 0.020 0.004 0.007 0.096 0.014 0.018 0.023 0.054 0.023 0.022 0.010 0.022 0.029 
161 QAc-W-0136    (0)   16 :  0.329 0.007 0.498 0.009 0.028 0.010 0.009 0.007 0.005 0.005 0.003 0.008 0.006 0.041 0.009 0.008 0.004 0.009 0.005 
162 QAc-W-0138    (0)   16 :  0.320 0.006 0.502 0.010 0.031 0.011 0.009 0.006 0.004 0.008 0.004 0.007 0.005 0.038 0.011 0.010 0.003 0.010 0.004 
163 QAc-W-0140    (0)   16 :  0.252 0.011 0.462 0.019 0.028 0.030 0.017 0.004 0.019 0.007 0.005 0.018 0.016 0.028 0.022 0.029 0.006 0.021 0.005 
164 QAc-W-0141    (6)   16 :  0.074 0.030 0.091 0.071 0.078 0.086 0.060 0.007 0.016 0.017 0.027 0.053 0.042 0.079 0.097 0.078 0.008 0.079 0.008 
165 QAc-W-0142    (0)   16 :  0.291 0.012 0.572 0.007 0.012 0.007 0.007 0.004 0.005 0.004 0.011 0.008 0.004 0.013 0.007 0.007 0.005 0.008 0.015 
166 QAc-W-0143    (0)   16 :  0.283 0.012 0.442 0.021 0.032 0.014 0.014 0.006 0.012 0.007 0.003 0.015 0.005 0.037 0.015 0.025 0.027 0.023 0.006 
167 QAc-W-0145    (0)   16 :  0.323 0.006 0.390 0.012 0.100 0.021 0.012 0.004 0.006 0.004 0.003 0.011 0.006 0.050 0.014 0.017 0.004 0.012 0.007 
168 QAc-W-0148    (0)   16 :  0.338 0.006 0.457 0.008 0.057 0.009 0.007 0.007 0.005 0.006 0.004 0.007 0.012 0.041 0.007 0.008 0.004 0.008 0.008 
169 QAc-W-0149    (0)   16 :  0.157 0.042 0.126 0.049 0.107 0.063 0.045 0.031 0.014 0.013 0.004 0.040 0.007 0.073 0.067 0.045 0.010 0.093 0.013 
170 QAc-W-0150    (0)   16 :  0.146 0.035 0.142 0.050 0.081 0.050 0.040 0.017 0.006 0.078 0.005 0.032 0.030 0.067 0.055 0.058 0.024 0.075 0.008 
171 QAc-W-0151    (0)   16 :  0.303 0.012 0.351 0.015 0.073 0.017 0.017 0.006 0.007 0.010 0.004 0.013 0.052 0.051 0.018 0.015 0.011 0.017 0.006 
172 QAc-W-0152    (0)   16 :  0.322 0.016 0.351 0.011 0.100 0.019 0.010 0.005 0.011 0.006 0.006 0.011 0.009 0.050 0.012 0.013 0.005 0.010 0.033 
173 QAc-W-0153    (0)   16 :  0.057 0.033 0.030 0.060 0.081 0.117 0.064 0.004 0.006 0.005 0.006 0.069 0.029 0.073 0.120 0.119 0.026 0.079 0.022 
174 QAc-W-0154    (0)   16 :  0.260 0.012 0.406 0.024 0.032 0.025 0.023 0.004 0.006 0.046 0.003 0.023 0.008 0.043 0.028 0.024 0.006 0.026 0.004 
175 QAc-W-0157    (0)   16 :  0.212 0.020 0.364 0.037 0.034 0.027 0.043 0.024 0.011 0.005 0.010 0.030 0.018 0.043 0.032 0.033 0.004 0.033 0.019 
176 QAc-W-0158    (0)   16 :  0.241 0.018 0.291 0.026 0.065 0.037 0.024 0.007 0.006 0.037 0.024 0.017 0.058 0.039 0.022 0.025 0.028 0.028 0.008 
177 QAc-W-0159    (0)   16 :  0.288 0.010 0.563 0.009 0.019 0.009 0.009 0.007 0.005 0.007 0.004 0.010 0.007 0.011 0.010 0.011 0.007 0.010 0.004 
178 QAc-W-0160    (0)   16 :  0.245 0.011 0.398 0.033 0.033 0.030 0.028 0.004 0.005 0.025 0.004 0.027 0.019 0.045 0.025 0.025 0.009 0.029 0.005 
179 QAc-W-0162    (0)   16 :  0.239 0.026 0.393 0.018 0.038 0.018 0.018 0.018 0.026 0.004 0.006 0.022 0.004 0.030 0.016 0.020 0.007 0.015 0.083 
180 QAc-W-0163    (0)   16 :  0.192 0.093 0.349 0.033 0.032 0.026 0.036 0.009 0.036 0.006 0.007 0.056 0.007 0.025 0.023 0.032 0.005 0.024 0.009 
181 QAc-W-0164    (0)   16 :  0.215 0.025 0.293 0.036 0.053 0.036 0.035 0.009 0.012 0.007 0.008 0.028 0.008 0.039 0.037 0.036 0.011 0.031 0.082 
182 QAc-W-0167    (0)   17 :  0.055 0.020 0.030 0.069 0.085 0.156 0.073 0.005 0.009 0.006 0.006 0.069 0.006 0.054 0.134 0.139 0.019 0.057 0.008 
183 QAc-W-0168    (0)   17 :  0.082 0.031 0.087 0.078 0.070 0.059 0.100 0.007 0.016 0.009 0.047 0.070 0.016 0.073 0.074 0.079 0.012 0.069 0.020 
184 QAc-W-0169    (0)   17 :  0.050 0.051 0.038 0.090 0.079 0.050 0.121 0.004 0.012 0.017 0.010 0.093 0.015 0.094 0.093 0.084 0.004 0.083 0.010 
185 QAc-W-0170    (0)   17 :  0.047 0.027 0.038 0.077 0.078 0.083 0.120 0.004 0.008 0.010 0.004 0.090 0.050 0.085 0.103 0.090 0.007 0.074 0.005 
186 QAc-W-0172    (0)   17 :  0.035 0.040 0.046 0.108 0.068 0.077 0.142 0.013 0.005 0.009 0.002 0.068 0.010 0.086 0.093 0.100 0.009 0.086 0.002 
187 QAc-W-0173    (0)   17 :  0.065 0.021 0.036 0.065 0.079 0.158 0.047 0.005 0.005 0.011 0.004 0.063 0.013 0.057 0.143 0.138 0.007 0.071 0.012 
188 QAc-W-0174    (0)   17 :  0.061 0.024 0.031 0.076 0.082 0.135 0.061 0.004 0.009 0.005 0.010 0.057 0.009 0.057 0.171 0.131 0.006 0.063 0.009 


Estimated Allele Frequencies in each cluster
First column gives estimated ancestral frequencies


Locus 1 : 
18 alleles
0.0% missing data
 210   (0.113) 0.133 0.091 0.166 0.102 0.114 0.108 0.114 0.029 0.270 0.017 0.007 0.106 0.070 0.119 0.116 0.110 0.152 0.115 0.021 
 212   (0.119) 0.116 0.100 0.075 0.123 0.133 0.123 0.120 0.023 0.033 0.047 0.194 0.110 0.419 0.133 0.125 0.119 0.275 0.127 0.015 
 202   (0.057) 0.028 0.028 0.024 0.049 0.045 0.043 0.056 0.323 0.016 0.062 0.003 0.045 0.035 0.048 0.053 0.049 0.144 0.050 0.007 
 226   (0.042) 0.019 0.034 0.015 0.034 0.030 0.030 0.041 0.223 0.023 0.004 0.251 0.034 0.005 0.032 0.033 0.033 0.013 0.031 0.129 
 216   (0.076) 0.090 0.046 0.117 0.065 0.065 0.063 0.075 0.170 0.051 0.017 0.005 0.062 0.010 0.075 0.065 0.066 0.168 0.069 0.054 
 200   (0.248) 0.256 0.183 0.190 0.290 0.302 0.317 0.250 0.120 0.193 0.528 0.508 0.232 0.369 0.266 0.282 0.279 0.086 0.316 0.122 
 224   (0.042) 0.030 0.026 0.018 0.043 0.039 0.049 0.042 0.009 0.010 0.008 0.004 0.038 0.020 0.039 0.040 0.044 0.010 0.043 0.267 
 218   (0.056) 0.088 0.048 0.121 0.051 0.057 0.046 0.056 0.010 0.013 0.080 0.004 0.048 0.011 0.053 0.049 0.052 0.107 0.049 0.018 
 228   (0.012) 0.004 0.005 0.004 0.008 0.007 0.006 0.011 0.002 0.003 0.001 0.001 0.008 0.001 0.008 0.008 0.008 0.001 0.007 0.132 
 214   (0.059) 0.037 0.355 0.028 0.084 0.049 0.047 0.057 0.036 0.173 0.006 0.012 0.164 0.007 0.049 0.055 0.054 0.007 0.047 0.213 
 208   (0.058) 0.038 0.028 0.025 0.056 0.057 0.086 0.061 0.015 0.067 0.212 0.004 0.060 0.037 0.071 0.075 0.084 0.021 0.056 0.007 
 220   (0.028) 0.018 0.014 0.017 0.026 0.025 0.025 0.029 0.005 0.007 0.003 0.002 0.026 0.006 0.026 0.031 0.028 0.003 0.026 0.003 
 196   (0.011) 0.005 0.005 0.004 0.009 0.007 0.007 0.011 0.002 0.003 0.001 0.001 0.008 0.001 0.008 0.009 0.009 0.001 0.008 0.001 
 238   (0.011) 0.006 0.005 0.004 0.009 0.009 0.009 0.011 0.002 0.003 0.001 0.001 0.008 0.001 0.008 0.010 0.011 0.001 0.008 0.002 
 206   (0.019) 0.019 0.009 0.023 0.015 0.015 0.012 0.018 0.004 0.060 0.003 0.001 0.014 0.002 0.017 0.014 0.017 0.003 0.014 0.002 
 190   (0.011) 0.004 0.005 0.004 0.009 0.008 0.006 0.011 0.002 0.003 0.001 0.001 0.008 0.001 0.008 0.008 0.008 0.001 0.009 0.001 
 222   (0.024) 0.104 0.012 0.162 0.018 0.033 0.015 0.023 0.022 0.006 0.006 0.001 0.017 0.003 0.029 0.018 0.020 0.003 0.017 0.003 
 232   (0.013) 0.005 0.006 0.005 0.009 0.008 0.007 0.012 0.004 0.066 0.001 0.001 0.009 0.001 0.009 0.009 0.009 0.002 0.008 0.001 

Locus 2 : 
15 alleles
2.1% missing data
 171   (0.210) 0.154 0.224 0.115 0.228 0.216 0.230 0.210 0.237 0.479 0.313 0.017 0.222 0.438 0.210 0.216 0.219 0.178 0.232 0.042 
 175   (0.099) 0.059 0.229 0.049 0.104 0.084 0.079 0.098 0.209 0.027 0.042 0.024 0.140 0.052 0.084 0.088 0.087 0.263 0.089 0.027 
 185   (0.054) 0.116 0.031 0.171 0.046 0.065 0.046 0.053 0.011 0.013 0.008 0.005 0.042 0.006 0.062 0.052 0.054 0.082 0.050 0.015 
 179   (0.074) 0.176 0.045 0.176 0.068 0.112 0.078 0.073 0.255 0.018 0.008 0.035 0.060 0.010 0.092 0.079 0.077 0.009 0.073 0.505 
 181   (0.093) 0.074 0.083 0.038 0.104 0.089 0.102 0.091 0.035 0.120 0.029 0.562 0.087 0.127 0.080 0.090 0.092 0.351 0.097 0.043 
 173   (0.187) 0.191 0.208 0.207 0.196 0.185 0.211 0.191 0.169 0.168 0.183 0.333 0.202 0.205 0.204 0.187 0.185 0.039 0.211 0.138 
 177   (0.033) 0.050 0.032 0.063 0.028 0.032 0.024 0.032 0.006 0.009 0.003 0.003 0.030 0.004 0.031 0.028 0.027 0.004 0.026 0.189 
 187   (0.091) 0.062 0.070 0.047 0.091 0.084 0.103 0.094 0.017 0.043 0.104 0.008 0.092 0.124 0.088 0.112 0.109 0.011 0.084 0.024 
 183   (0.061) 0.066 0.033 0.092 0.055 0.062 0.058 0.062 0.016 0.081 0.007 0.006 0.054 0.008 0.067 0.069 0.068 0.020 0.060 0.007 
 189   (0.032) 0.023 0.016 0.019 0.027 0.026 0.023 0.031 0.005 0.007 0.296 0.003 0.024 0.017 0.029 0.028 0.026 0.004 0.027 0.003 
 191   (0.020) 0.010 0.011 0.008 0.017 0.016 0.019 0.020 0.032 0.024 0.003 0.001 0.015 0.003 0.019 0.017 0.019 0.034 0.017 0.003 
 163   (0.011) 0.004 0.004 0.004 0.008 0.008 0.006 0.011 0.002 0.002 0.001 0.001 0.008 0.001 0.008 0.008 0.008 0.001 0.009 0.001 
 165   (0.011) 0.004 0.005 0.004 0.009 0.008 0.006 0.011 0.002 0.003 0.001 0.001 0.008 0.001 0.008 0.008 0.008 0.001 0.009 0.001 
 193   (0.011) 0.006 0.004 0.004 0.010 0.008 0.008 0.012 0.002 0.002 0.001 0.001 0.009 0.001 0.010 0.011 0.012 0.001 0.010 0.001 
 167   (0.011) 0.005 0.005 0.004 0.009 0.007 0.007 0.011 0.002 0.002 0.001 0.001 0.007 0.001 0.008 0.009 0.009 0.001 0.008 0.001 

Locus 3 : 
4 alleles
1.1% missing data
 206   (0.892) 0.945 0.935 0.958 0.908 0.912 0.912 0.894 0.901 0.903 0.678 0.989 0.909 0.984 0.909 0.897 0.898 0.977 0.907 0.887 
 208   (0.055) 0.028 0.039 0.022 0.048 0.044 0.043 0.054 0.011 0.066 0.316 0.004 0.049 0.009 0.046 0.050 0.050 0.007 0.047 0.051 
 204   (0.039) 0.018 0.019 0.015 0.033 0.031 0.029 0.039 0.086 0.028 0.005 0.007 0.030 0.005 0.033 0.035 0.034 0.014 0.032 0.061 
 212   (0.014) 0.009 0.007 0.005 0.012 0.013 0.017 0.013 0.002 0.003 0.001 0.001 0.012 0.002 0.013 0.017 0.018 0.002 0.013 0.002 

Locus 4 : 
15 alleles
1.1% missing data
 165   (0.073) 0.051 0.071 0.034 0.074 0.074 0.093 0.072 0.042 0.019 0.012 0.005 0.081 0.027 0.071 0.087 0.083 0.479 0.088 0.320 
 163   (0.198) 0.242 0.181 0.269 0.210 0.225 0.240 0.199 0.073 0.288 0.080 0.015 0.199 0.056 0.207 0.237 0.227 0.028 0.221 0.075 
 167   (0.150) 0.133 0.152 0.151 0.146 0.133 0.145 0.150 0.500 0.098 0.240 0.010 0.154 0.195 0.145 0.144 0.152 0.061 0.145 0.019 
 161   (0.362) 0.442 0.452 0.431 0.382 0.390 0.359 0.363 0.328 0.429 0.482 0.957 0.386 0.685 0.389 0.339 0.344 0.119 0.365 0.563 
 153   (0.015) 0.011 0.007 0.005 0.016 0.015 0.014 0.015 0.003 0.004 0.009 0.001 0.011 0.003 0.013 0.013 0.013 0.002 0.016 0.002 
 173   (0.032) 0.016 0.049 0.011 0.028 0.022 0.025 0.032 0.005 0.024 0.003 0.002 0.034 0.004 0.026 0.026 0.028 0.268 0.025 0.004 
 171   (0.040) 0.023 0.023 0.019 0.036 0.038 0.035 0.041 0.026 0.038 0.005 0.003 0.037 0.004 0.041 0.045 0.042 0.005 0.033 0.004 
 179   (0.012) 0.005 0.005 0.004 0.009 0.008 0.008 0.012 0.002 0.003 0.002 0.001 0.009 0.003 0.009 0.010 0.010 0.001 0.009 0.001 
 157   (0.020) 0.009 0.010 0.008 0.016 0.018 0.013 0.019 0.003 0.015 0.153 0.001 0.016 0.011 0.016 0.016 0.018 0.003 0.016 0.002 
 149   (0.011) 0.004 0.006 0.004 0.008 0.007 0.006 0.010 0.002 0.027 0.001 0.001 0.008 0.001 0.007 0.008 0.008 0.001 0.007 0.001 
 177   (0.019) 0.011 0.011 0.008 0.020 0.018 0.017 0.019 0.004 0.005 0.002 0.001 0.016 0.003 0.018 0.019 0.018 0.010 0.021 0.002 
 155   (0.017) 0.007 0.008 0.007 0.013 0.013 0.010 0.016 0.003 0.004 0.005 0.001 0.012 0.002 0.014 0.013 0.014 0.002 0.015 0.002 
 175   (0.011) 0.005 0.005 0.004 0.009 0.008 0.007 0.011 0.002 0.008 0.001 0.001 0.009 0.001 0.009 0.009 0.009 0.001 0.008 0.001 
 169   (0.021) 0.011 0.011 0.007 0.017 0.015 0.016 0.022 0.004 0.035 0.002 0.001 0.016 0.003 0.018 0.019 0.020 0.017 0.017 0.002 
 159   (0.020) 0.029 0.008 0.035 0.016 0.016 0.013 0.019 0.003 0.005 0.002 0.001 0.014 0.002 0.018 0.016 0.015 0.002 0.014 0.002 

Locus 5 : 
16 alleles
0.0% missing data
 148   (0.120) 0.083 0.058 0.076 0.107 0.113 0.111 0.121 0.028 0.092 0.100 0.361 0.096 0.199 0.117 0.123 0.119 0.288 0.115 0.047 
 160   (0.024) 0.010 0.010 0.009 0.018 0.017 0.016 0.023 0.064 0.025 0.003 0.001 0.017 0.004 0.018 0.018 0.019 0.061 0.018 0.003 
 154   (0.073) 0.134 0.055 0.180 0.073 0.078 0.071 0.074 0.048 0.020 0.017 0.009 0.067 0.009 0.081 0.076 0.076 0.025 0.070 0.170 
 150   (0.061) 0.038 0.316 0.027 0.087 0.055 0.051 0.061 0.013 0.074 0.060 0.012 0.155 0.027 0.055 0.056 0.055 0.010 0.059 0.011 
 138   (0.125) 0.168 0.072 0.202 0.111 0.128 0.132 0.127 0.298 0.088 0.023 0.008 0.106 0.049 0.140 0.120 0.120 0.148 0.121 0.188 
 166   (0.031) 0.013 0.013 0.011 0.024 0.020 0.018 0.029 0.282 0.220 0.032 0.002 0.021 0.005 0.023 0.023 0.023 0.012 0.022 0.003 
 146   (0.098) 0.053 0.049 0.041 0.085 0.084 0.094 0.097 0.075 0.094 0.030 0.342 0.082 0.024 0.087 0.096 0.099 0.165 0.086 0.225 
 164   (0.017) 0.007 0.007 0.006 0.013 0.012 0.011 0.016 0.038 0.004 0.002 0.001 0.011 0.002 0.012 0.013 0.013 0.002 0.012 0.002 
 142   (0.015) 0.011 0.166 0.017 0.025 0.011 0.009 0.014 0.003 0.005 0.002 0.005 0.063 0.002 0.010 0.011 0.011 0.002 0.010 0.002 
 144   (0.153) 0.172 0.096 0.151 0.168 0.167 0.175 0.155 0.056 0.245 0.069 0.228 0.134 0.399 0.157 0.158 0.160 0.027 0.164 0.306 
 140   (0.085) 0.153 0.038 0.174 0.083 0.096 0.098 0.086 0.017 0.021 0.190 0.007 0.071 0.246 0.091 0.092 0.100 0.019 0.086 0.010 
 158   (0.043) 0.045 0.028 0.025 0.053 0.053 0.052 0.043 0.033 0.029 0.008 0.003 0.035 0.009 0.046 0.043 0.043 0.084 0.060 0.005 
 162   (0.027) 0.015 0.019 0.011 0.024 0.022 0.029 0.027 0.005 0.008 0.003 0.002 0.025 0.005 0.022 0.028 0.028 0.133 0.023 0.003 
 152   (0.089) 0.079 0.057 0.056 0.096 0.112 0.103 0.091 0.018 0.033 0.456 0.015 0.084 0.015 0.105 0.108 0.098 0.012 0.124 0.023 
 134   (0.017) 0.009 0.008 0.008 0.015 0.015 0.012 0.017 0.003 0.038 0.003 0.001 0.017 0.002 0.019 0.017 0.019 0.002 0.014 0.002 
 156   (0.019) 0.009 0.009 0.008 0.016 0.016 0.016 0.019 0.019 0.005 0.002 0.001 0.016 0.004 0.016 0.019 0.018 0.011 0.016 0.002 

Locus 6 : 
12 alleles
0.0% missing data
 225   (0.042) 0.026 0.031 0.029 0.036 0.033 0.033 0.041 0.007 0.010 0.009 0.293 0.037 0.005 0.035 0.039 0.037 0.122 0.034 0.006 
 239   (0.103) 0.061 0.061 0.042 0.095 0.091 0.109 0.107 0.234 0.045 0.013 0.432 0.096 0.096 0.113 0.102 0.102 0.027 0.101 0.226 
 229   (0.016) 0.007 0.007 0.005 0.012 0.010 0.010 0.015 0.002 0.004 0.002 0.001 0.010 0.002 0.011 0.011 0.011 0.303 0.012 0.002 
 235   (0.300) 0.408 0.482 0.407 0.318 0.339 0.315 0.298 0.083 0.130 0.268 0.224 0.359 0.428 0.322 0.302 0.308 0.373 0.316 0.311 
 237   (0.211) 0.196 0.160 0.179 0.215 0.215 0.226 0.213 0.064 0.164 0.193 0.024 0.203 0.282 0.213 0.232 0.230 0.036 0.214 0.270 
 233   (0.104) 0.073 0.085 0.042 0.108 0.102 0.101 0.103 0.257 0.095 0.478 0.011 0.092 0.154 0.098 0.094 0.100 0.058 0.113 0.157 
 227   (0.030) 0.012 0.028 0.011 0.025 0.023 0.018 0.029 0.298 0.436 0.003 0.002 0.029 0.003 0.025 0.022 0.026 0.003 0.021 0.003 
 245   (0.067) 0.101 0.042 0.137 0.072 0.077 0.075 0.068 0.020 0.020 0.019 0.005 0.060 0.013 0.067 0.070 0.069 0.008 0.080 0.008 
 241   (0.039) 0.027 0.030 0.026 0.036 0.032 0.032 0.039 0.013 0.035 0.006 0.003 0.035 0.005 0.033 0.035 0.033 0.058 0.033 0.008 
 231   (0.051) 0.048 0.052 0.054 0.051 0.048 0.051 0.050 0.016 0.023 0.005 0.003 0.049 0.006 0.050 0.062 0.052 0.006 0.046 0.006 
 243   (0.027) 0.037 0.018 0.064 0.023 0.022 0.024 0.027 0.005 0.036 0.003 0.002 0.023 0.004 0.024 0.023 0.024 0.003 0.024 0.003 
 251   (0.010) 0.004 0.004 0.004 0.008 0.007 0.006 0.010 0.002 0.002 0.001 0.001 0.008 0.001 0.008 0.008 0.008 0.001 0.008 0.001 

Locus 7 : 
5 alleles
0.0% missing data
 118   (0.922) 0.959 0.672 0.969 0.910 0.938 0.939 0.925 0.656 0.982 0.924 0.994 0.843 0.940 0.941 0.933 0.930 0.990 0.930 0.992 
 124   (0.038) 0.022 0.018 0.016 0.033 0.033 0.030 0.036 0.337 0.009 0.071 0.002 0.028 0.055 0.030 0.032 0.034 0.005 0.038 0.004 
 116   (0.012) 0.004 0.297 0.004 0.034 0.007 0.006 0.012 0.002 0.003 0.001 0.002 0.107 0.001 0.008 0.008 0.008 0.002 0.008 0.001 
 114   (0.016) 0.009 0.007 0.006 0.014 0.014 0.018 0.015 0.003 0.004 0.002 0.001 0.013 0.002 0.013 0.017 0.018 0.002 0.015 0.002 
 122   (0.012) 0.005 0.005 0.004 0.009 0.008 0.007 0.011 0.002 0.003 0.001 0.001 0.009 0.001 0.009 0.010 0.009 0.001 0.009 0.001 

Locus 8 : 
5 alleles
0.0% missing data
 135   (0.055) 0.057 0.034 0.045 0.065 0.067 0.074 0.054 0.010 0.013 0.011 0.010 0.050 0.028 0.057 0.068 0.057 0.023 0.078 0.006 
 139   (0.754) 0.735 0.597 0.664 0.747 0.772 0.790 0.758 0.949 0.659 0.938 0.927 0.707 0.921 0.765 0.772 0.771 0.817 0.762 0.956 
 137   (0.143) 0.164 0.344 0.233 0.149 0.123 0.105 0.141 0.033 0.316 0.046 0.060 0.207 0.046 0.137 0.122 0.134 0.155 0.121 0.032 
 143   (0.033) 0.026 0.019 0.037 0.028 0.026 0.022 0.033 0.006 0.009 0.003 0.002 0.026 0.004 0.028 0.028 0.028 0.004 0.029 0.004 
 141   (0.015) 0.017 0.006 0.021 0.011 0.012 0.009 0.014 0.002 0.003 0.002 0.001 0.010 0.002 0.013 0.010 0.010 0.002 0.010 0.001 

Locus 9 : 
11 alleles
0.0% missing data
 116   (0.299) 0.327 0.235 0.321 0.317 0.321 0.335 0.303 0.104 0.118 0.519 0.363 0.287 0.263 0.325 0.316 0.309 0.425 0.341 0.172 
 112   (0.088) 0.124 0.050 0.136 0.078 0.097 0.078 0.087 0.016 0.021 0.034 0.013 0.068 0.081 0.093 0.087 0.084 0.057 0.088 0.384 
 122   (0.061) 0.031 0.118 0.024 0.059 0.047 0.041 0.059 0.306 0.278 0.009 0.439 0.074 0.008 0.048 0.049 0.048 0.007 0.050 0.301 
 114   (0.218) 0.247 0.115 0.283 0.207 0.229 0.225 0.218 0.051 0.231 0.363 0.020 0.185 0.353 0.227 0.231 0.228 0.078 0.219 0.044 
 120   (0.041) 0.024 0.019 0.025 0.033 0.031 0.027 0.040 0.217 0.011 0.005 0.003 0.029 0.156 0.032 0.032 0.032 0.005 0.033 0.021 
 130   (0.038) 0.028 0.018 0.014 0.040 0.036 0.040 0.038 0.175 0.080 0.006 0.002 0.028 0.035 0.034 0.033 0.032 0.005 0.044 0.004 
 118   (0.123) 0.141 0.071 0.125 0.122 0.132 0.146 0.123 0.107 0.050 0.035 0.018 0.106 0.074 0.124 0.128 0.135 0.406 0.117 0.017 
 124   (0.061) 0.039 0.170 0.042 0.065 0.048 0.049 0.060 0.011 0.073 0.007 0.136 0.101 0.007 0.049 0.054 0.056 0.008 0.049 0.049 
 126   (0.038) 0.017 0.190 0.016 0.049 0.032 0.025 0.037 0.008 0.131 0.008 0.003 0.092 0.018 0.036 0.033 0.034 0.006 0.029 0.004 
 108   (0.013) 0.010 0.005 0.004 0.013 0.010 0.013 0.016 0.002 0.003 0.001 0.001 0.011 0.002 0.014 0.016 0.017 0.001 0.013 0.001 
 128   (0.020) 0.012 0.009 0.009 0.017 0.017 0.021 0.020 0.003 0.005 0.014 0.001 0.017 0.002 0.017 0.021 0.024 0.002 0.017 0.002 

Locus 10 : 
4 alleles
0.0% missing data
 232   (0.899) 0.925 0.949 0.917 0.910 0.920 0.918 0.897 0.976 0.673 0.988 0.993 0.919 0.949 0.905 0.907 0.904 0.988 0.911 0.989 
 238   (0.075) 0.059 0.040 0.074 0.068 0.062 0.061 0.075 0.020 0.322 0.009 0.005 0.061 0.048 0.072 0.067 0.069 0.009 0.067 0.008 
 234   (0.014) 0.010 0.006 0.005 0.013 0.010 0.013 0.016 0.002 0.003 0.001 0.001 0.012 0.002 0.014 0.016 0.017 0.002 0.014 0.001 
 244   (0.012) 0.005 0.005 0.004 0.009 0.008 0.008 0.012 0.002 0.003 0.001 0.001 0.009 0.002 0.009 0.010 0.010 0.001 0.009 0.001 

Locus 11 : 
7 alleles
0.0% missing data
 165   (0.769) 0.852 0.607 0.883 0.767 0.801 0.795 0.768 0.935 0.896 0.928 0.769 0.714 0.766 0.798 0.778 0.778 0.920 0.795 0.798 
 167   (0.075) 0.040 0.289 0.042 0.084 0.055 0.050 0.073 0.021 0.020 0.009 0.221 0.147 0.012 0.060 0.062 0.060 0.056 0.058 0.185 
 161   (0.110) 0.074 0.085 0.046 0.112 0.106 0.125 0.113 0.037 0.074 0.058 0.008 0.107 0.216 0.103 0.123 0.124 0.019 0.112 0.012 
 155   (0.012) 0.005 0.005 0.004 0.009 0.008 0.007 0.012 0.002 0.003 0.001 0.001 0.008 0.001 0.009 0.009 0.009 0.001 0.010 0.001 
 173   (0.011) 0.006 0.005 0.004 0.009 0.008 0.008 0.012 0.002 0.002 0.001 0.001 0.008 0.001 0.010 0.010 0.011 0.001 0.009 0.001 
 163   (0.012) 0.018 0.005 0.017 0.009 0.014 0.008 0.011 0.002 0.003 0.001 0.001 0.008 0.001 0.011 0.009 0.010 0.001 0.008 0.001 
 171   (0.011) 0.005 0.005 0.004 0.009 0.007 0.007 0.011 0.002 0.002 0.001 0.001 0.008 0.001 0.008 0.009 0.009 0.001 0.008 0.001 

Locus 12 : 
8 alleles
0.0% missing data
 137   (0.516) 0.642 0.680 0.731 0.524 0.541 0.520 0.517 0.849 0.554 0.322 0.450 0.572 0.233 0.534 0.526 0.526 0.396 0.529 0.416 
 140   (0.161) 0.134 0.087 0.089 0.175 0.169 0.184 0.164 0.031 0.069 0.608 0.016 0.139 0.508 0.178 0.158 0.159 0.213 0.178 0.050 
 134   (0.248) 0.172 0.198 0.139 0.240 0.224 0.236 0.247 0.107 0.320 0.053 0.530 0.231 0.250 0.223 0.245 0.243 0.382 0.237 0.526 
 149   (0.011) 0.005 0.005 0.004 0.008 0.007 0.007 0.011 0.002 0.003 0.001 0.001 0.008 0.001 0.008 0.008 0.009 0.001 0.008 0.001 
 143   (0.016) 0.007 0.007 0.006 0.013 0.012 0.010 0.015 0.004 0.038 0.002 0.002 0.013 0.002 0.014 0.012 0.014 0.002 0.011 0.002 
 128   (0.012) 0.005 0.005 0.004 0.009 0.008 0.006 0.011 0.002 0.007 0.001 0.001 0.009 0.001 0.009 0.009 0.009 0.001 0.008 0.001 
 125   (0.018) 0.024 0.010 0.020 0.013 0.019 0.012 0.017 0.003 0.004 0.011 0.001 0.013 0.002 0.017 0.013 0.014 0.002 0.012 0.002 
 146   (0.019) 0.012 0.008 0.008 0.018 0.019 0.027 0.019 0.003 0.004 0.002 0.001 0.016 0.002 0.016 0.028 0.027 0.002 0.017 0.002 

Locus 13 : 
19 alleles
0.5% missing data
 206   (0.134) 0.130 0.117 0.128 0.123 0.127 0.115 0.133 0.212 0.065 0.268 0.046 0.123 0.175 0.128 0.121 0.119 0.425 0.117 0.028 
 210   (0.101) 0.084 0.063 0.046 0.111 0.103 0.110 0.102 0.018 0.026 0.171 0.416 0.084 0.148 0.098 0.095 0.098 0.286 0.111 0.038 
 190   (0.071) 0.084 0.046 0.118 0.068 0.069 0.072 0.071 0.028 0.016 0.081 0.005 0.064 0.009 0.067 0.075 0.077 0.009 0.079 0.012 
 202   (0.086) 0.064 0.184 0.042 0.107 0.094 0.098 0.086 0.546 0.263 0.030 0.008 0.128 0.012 0.090 0.097 0.087 0.015 0.111 0.013 
 214   (0.041) 0.020 0.019 0.016 0.033 0.031 0.035 0.039 0.007 0.010 0.059 0.254 0.033 0.020 0.034 0.036 0.039 0.005 0.033 0.147 
 212   (0.033) 0.195 0.026 0.312 0.026 0.054 0.027 0.032 0.005 0.007 0.004 0.186 0.025 0.004 0.046 0.026 0.028 0.004 0.026 0.004 
 192   (0.107) 0.095 0.072 0.060 0.125 0.114 0.142 0.108 0.058 0.028 0.088 0.007 0.101 0.276 0.114 0.123 0.123 0.042 0.128 0.012 
 204   (0.036) 0.027 0.022 0.021 0.031 0.035 0.030 0.036 0.015 0.013 0.018 0.015 0.029 0.010 0.034 0.036 0.031 0.004 0.036 0.058 
 184   (0.053) 0.077 0.029 0.066 0.049 0.069 0.047 0.053 0.009 0.012 0.016 0.003 0.042 0.020 0.061 0.049 0.052 0.093 0.053 0.006 
 216   (0.022) 0.012 0.010 0.008 0.019 0.021 0.027 0.023 0.004 0.005 0.016 0.001 0.018 0.275 0.032 0.018 0.019 0.003 0.022 0.002 
 208   (0.046) 0.049 0.025 0.046 0.047 0.045 0.046 0.045 0.010 0.010 0.203 0.015 0.035 0.018 0.043 0.044 0.041 0.005 0.051 0.005 
 198   (0.037) 0.026 0.019 0.021 0.039 0.043 0.056 0.038 0.016 0.008 0.004 0.003 0.035 0.005 0.039 0.058 0.052 0.004 0.038 0.004 
 194   (0.067) 0.033 0.249 0.027 0.075 0.050 0.055 0.066 0.019 0.200 0.019 0.007 0.128 0.008 0.057 0.056 0.061 0.029 0.051 0.604 
 186   (0.018) 0.007 0.011 0.006 0.014 0.012 0.011 0.017 0.003 0.005 0.002 0.013 0.014 0.002 0.014 0.013 0.014 0.003 0.013 0.047 
 188   (0.019) 0.009 0.009 0.007 0.016 0.016 0.013 0.019 0.003 0.031 0.003 0.001 0.017 0.004 0.018 0.017 0.018 0.002 0.015 0.002 
 200   (0.067) 0.044 0.065 0.042 0.061 0.062 0.057 0.066 0.033 0.285 0.010 0.016 0.068 0.007 0.067 0.064 0.069 0.064 0.059 0.011 
 196   (0.037) 0.029 0.024 0.024 0.035 0.036 0.040 0.037 0.006 0.009 0.004 0.002 0.033 0.004 0.035 0.046 0.044 0.005 0.035 0.005 
 220   (0.012) 0.005 0.005 0.005 0.009 0.008 0.008 0.012 0.005 0.004 0.001 0.001 0.009 0.001 0.009 0.010 0.010 0.001 0.009 0.001 
 180   (0.014) 0.010 0.006 0.005 0.013 0.010 0.013 0.016 0.002 0.003 0.001 0.001 0.012 0.001 0.014 0.017 0.017 0.001 0.014 0.001 

Locus 14 : 
8 alleles
1.1% missing data
 139   (0.076) 0.049 0.099 0.028 0.078 0.061 0.059 0.074 0.040 0.057 0.010 0.186 0.079 0.256 0.060 0.061 0.062 0.093 0.068 0.166 
 145   (0.065) 0.110 0.039 0.109 0.054 0.085 0.055 0.064 0.013 0.037 0.010 0.008 0.051 0.022 0.072 0.058 0.058 0.140 0.060 0.009 
 151   (0.305) 0.349 0.223 0.384 0.305 0.308 0.297 0.302 0.351 0.285 0.676 0.335 0.268 0.167 0.297 0.297 0.297 0.470 0.310 0.555 
 157   (0.354) 0.335 0.435 0.304 0.380 0.379 0.430 0.359 0.477 0.294 0.265 0.147 0.404 0.487 0.393 0.396 0.398 0.214 0.391 0.157 
 154   (0.100) 0.099 0.115 0.127 0.095 0.083 0.083 0.102 0.017 0.029 0.027 0.317 0.105 0.056 0.090 0.100 0.098 0.014 0.088 0.101 
 163   (0.041) 0.019 0.046 0.016 0.038 0.032 0.033 0.041 0.091 0.011 0.005 0.003 0.042 0.005 0.034 0.038 0.036 0.061 0.034 0.005 
 160   (0.031) 0.013 0.017 0.011 0.025 0.022 0.019 0.030 0.005 0.271 0.003 0.002 0.025 0.003 0.025 0.024 0.025 0.004 0.024 0.003 
 142   (0.028) 0.025 0.026 0.020 0.025 0.030 0.023 0.028 0.005 0.016 0.004 0.002 0.028 0.004 0.028 0.027 0.026 0.004 0.024 0.003 

Locus 15 : 
13 alleles
1.6% missing data
 256   (0.149) 0.119 0.195 0.147 0.136 0.116 0.121 0.148 0.119 0.157 0.176 0.068 0.155 0.156 0.137 0.126 0.130 0.164 0.127 0.123 
 262   (0.021) 0.008 0.127 0.007 0.025 0.013 0.012 0.019 0.003 0.007 0.002 0.001 0.060 0.002 0.015 0.014 0.015 0.279 0.013 0.002 
 246   (0.116) 0.085 0.107 0.067 0.124 0.121 0.159 0.119 0.023 0.099 0.088 0.008 0.123 0.122 0.130 0.134 0.138 0.181 0.134 0.013 
 258   (0.180) 0.211 0.205 0.174 0.219 0.212 0.210 0.181 0.545 0.159 0.236 0.014 0.188 0.297 0.188 0.199 0.184 0.024 0.239 0.023 
 254   (0.107) 0.082 0.075 0.076 0.096 0.102 0.091 0.107 0.184 0.068 0.165 0.155 0.099 0.028 0.107 0.105 0.107 0.013 0.092 0.342 
 250   (0.032) 0.019 0.019 0.023 0.026 0.024 0.020 0.031 0.007 0.010 0.003 0.655 0.025 0.004 0.025 0.025 0.026 0.004 0.024 0.080 
 242   (0.103) 0.140 0.074 0.142 0.096 0.121 0.125 0.102 0.021 0.061 0.011 0.074 0.094 0.012 0.108 0.120 0.123 0.188 0.095 0.149 
 252   (0.066) 0.057 0.055 0.043 0.072 0.068 0.064 0.066 0.013 0.021 0.028 0.007 0.065 0.026 0.068 0.064 0.061 0.104 0.066 0.042 
 248   (0.135) 0.206 0.097 0.242 0.129 0.142 0.124 0.136 0.070 0.387 0.038 0.012 0.118 0.333 0.140 0.122 0.125 0.022 0.127 0.216 
 260   (0.040) 0.024 0.019 0.017 0.036 0.041 0.033 0.040 0.007 0.019 0.248 0.003 0.034 0.014 0.039 0.039 0.045 0.005 0.044 0.004 
 264   (0.013) 0.009 0.006 0.006 0.013 0.013 0.017 0.013 0.002 0.003 0.001 0.001 0.011 0.001 0.012 0.020 0.016 0.001 0.011 0.001 
 244   (0.026) 0.035 0.016 0.053 0.021 0.020 0.018 0.025 0.004 0.007 0.003 0.002 0.020 0.003 0.024 0.022 0.021 0.013 0.020 0.003 
 276   (0.011) 0.004 0.005 0.004 0.008 0.007 0.006 0.011 0.002 0.002 0.001 0.001 0.008 0.001 0.008 0.008 0.008 0.001 0.009 0.001 

Values of parameters used in structure:
DATAFILE=G:\Shared drives\Emily_Schumacher\QUAC_analyses\QUAC_structure_wild_relate\QUAC_allpop_relate_red_12_15_21\project_data,	OUTFILE=G:\Shared drives\Emily_Schumacher\QUAC_analyses\QUAC_structure_wild_relate\QUAC_allpop_relate_red_12_15_21\50-100\Results\50-100_run_91,	NUMINDS=188,	NUMLOCI=15,	MISSING=-9,	LABEL=1,	POPDATA=1,	POPFLAG=0,	PHENOTYPE=0,	EXTRACOLS=0,	MAXPOPS=19,	BURNIN=50000,	NUMREPS=100000,	USEPOPINFO=0,	INFERALPHA=1,	INFERLAMBDA=0,	POPSPECIFICLAMBDA=0,	POPALPHAS=0,	COMPUTEPROB=1,	NOADMIX=0,	ADMBURNIN=2500,	UPDATEFREQ=1,	PRINTLIKES=0,	INTERMEDSAVE=0,	PRINTKLD=0,	PRINTNET=0,	PRINTLAMBDA=0,	ANCESTDIST=0,	NUMBOXES=1000,	ANCESTPINT=0.90000,	GENSBACK=2,	MIGRPRIOR=0.05000,	PRINTQHAT=0,	PRINTQSUM=0,	ALPHA=1.0000,	FREQSCORR=1,	FPRIORMEAN=0.0100,	FPRIORSD=0.0500,	ONEFST=0,	LAMBDA=1.0000,	UNIFPRIORALPHA=1,	ALPHAMAX=10.0000,	ALPHAPRIORA=1.0000,	ALPHAPRIORB=2.0000,	ALPHAPROPSD=0.0250,	STARTATPOPINFO=0,	RANDOMIZE=1,	LINKAGE=0,	METROFREQ=10,	REPORTHITRATE=0,	MARKOVPHASE=-1,	PHASED=0,	PLOIDY=2,	PHASEINFO=0	LOCPRIOR=0, 	LOCPRIORINIT=1.000000, 	LOCDATA=0, 	LOCISPOP=0, 	LOCPRIORSTEP=0.100000, 	MAXLOCPRIOR=20.000000, 	SEED=1639614830,	
[STRAT parameters]:    NUMSIMSTATS=1000,	PHENOTYPECOL=-9,	POOLFREQ=10,	LOCUSxONLY=0,	EMERROR=0.00100,	MISSINGPHENO=-9,	