

----------------------------------------------------
STRUCTURE by Pritchard, Stephens and Donnelly (2000)
     and Falush, Stephens and Pritchard (2003)
       Code by Pritchard, Falush and Hubisz
             Version 2.3.4 (Jul 2012)
----------------------------------------------------



Command line arguments:   bin\structure -m G:\Shared drives\Emily_Schumacher\QUAC_analyses\QUAC_structure_wild_relate\QUAC_allpop_relate_red_12_15_21\50-100\mainparams -e G:\Shared drives\Emily_Schumacher\QUAC_analyses\QUAC_structure_wild_relate\QUAC_allpop_relate_red_12_15_21\50-100\extraparams 
Input File:    G:\Shared drives\Emily_Schumacher\QUAC_analyses\QUAC_structure_wild_relate\QUAC_allpop_relate_red_12_15_21\project_data

Run parameters:
   188 individuals
   15 loci
   19 populations assumed
   50000 Burn-in period
   100000 Reps


--------------------------------------------
Proportion of membership of each pre-defined
 population in each of the 19 clusters

Given    Inferred Clusters                                                                                                                       Number of
 Pop       1      2      3      4      5      6      7      8      9     10     11     12     13     14     15     16     17     18     19      Individuals

  1:     0.010  0.009  0.007  0.006  0.007  0.009  0.850  0.004  0.016  0.009  0.009  0.014  0.004  0.006  0.010  0.008  0.008  0.005  0.009        2
  2:     0.028  0.025  0.019  0.017  0.070  0.028  0.035  0.039  0.099  0.024  0.026  0.267  0.018  0.014  0.033  0.025  0.025  0.182  0.028       17
  3:     0.037  0.036  0.056  0.011  0.088  0.038  0.053  0.011  0.189  0.034  0.035  0.153  0.025  0.066  0.043  0.034  0.036  0.013  0.040       19
  4:     0.049  0.042  0.033  0.016  0.016  0.047  0.103  0.015  0.307  0.040  0.045  0.010  0.059  0.027  0.054  0.037  0.045  0.011  0.045       10
  5:     0.013  0.013  0.010  0.007  0.224  0.013  0.009  0.010  0.012  0.013  0.014  0.568  0.025  0.009  0.015  0.013  0.015  0.005  0.013        2
  6:     0.025  0.028  0.061  0.010  0.016  0.026  0.008  0.016  0.408  0.033  0.029  0.008  0.005  0.077  0.031  0.027  0.027  0.135  0.029        2
  7:     0.049  0.052  0.034  0.009  0.204  0.051  0.008  0.100  0.005  0.045  0.053  0.157  0.007  0.031  0.040  0.052  0.053  0.010  0.041        1
  8:     0.007  0.007  0.006  0.009  0.037  0.007  0.007  0.010  0.007  0.007  0.007  0.842  0.007  0.006  0.007  0.007  0.007  0.005  0.007        1
  9:     0.079  0.082  0.054  0.066  0.048  0.075  0.005  0.010  0.008  0.081  0.088  0.006  0.005  0.037  0.084  0.087  0.083  0.005  0.096        1
 10:     0.047  0.054  0.161  0.012  0.009  0.051  0.006  0.010  0.007  0.059  0.049  0.013  0.010  0.221  0.028  0.046  0.052  0.128  0.037        6
 11:     0.047  0.046  0.081  0.019  0.102  0.044  0.012  0.021  0.097  0.046  0.047  0.049  0.034  0.097  0.042  0.044  0.048  0.080  0.045       16
 12:     0.046  0.053  0.036  0.346  0.007  0.044  0.014  0.007  0.012  0.048  0.054  0.020  0.015  0.034  0.092  0.076  0.055  0.003  0.038        1
 13:     0.037  0.034  0.031  0.016  0.018  0.039  0.023  0.011  0.139  0.036  0.036  0.013  0.375  0.026  0.045  0.034  0.035  0.012  0.038       33
 14:     0.021  0.020  0.065  0.015  0.312  0.020  0.009  0.122  0.016  0.017  0.020  0.099  0.009  0.095  0.020  0.017  0.020  0.085  0.019       21
 15:     0.019  0.019  0.015  0.009  0.012  0.019  0.678  0.042  0.018  0.019  0.020  0.009  0.012  0.013  0.016  0.019  0.018  0.023  0.020       14
 16:     0.026  0.027  0.020  0.562  0.018  0.029  0.012  0.012  0.016  0.024  0.026  0.012  0.015  0.018  0.081  0.043  0.025  0.008  0.026       35
 17:     0.078  0.098  0.064  0.025  0.014  0.075  0.009  0.012  0.017  0.098  0.091  0.011  0.009  0.034  0.079  0.086  0.092  0.006  0.102        7
--------------------------------------------

Allele-freq. divergence among pops (Net nucleotide distance),
computed using point estimates of P.

      1       2       3       4       5       6       7       8       9      10      11      12      13      14      15      16      17      18      19      
 1      -    0.0001  0.0052  0.0284  0.0454  0.0000  0.0452  0.0541  0.0329  0.0002  0.0001  0.0770  0.0474  0.0128  0.0008  0.0003  0.0001  0.0557  0.0002  
 2   0.0001     -    0.0051  0.0279  0.0444  0.0002  0.0446  0.0536  0.0343  0.0001  0.0000  0.0771  0.0494  0.0126  0.0010  0.0001  0.0000  0.0561  0.0002  
 3   0.0052  0.0051     -    0.0343  0.0491  0.0054  0.0553  0.0554  0.0396  0.0049  0.0051  0.0845  0.0591  0.0018  0.0065  0.0053  0.0050  0.0552  0.0057  
 4   0.0284  0.0279  0.0343     -    0.0661  0.0282  0.0768  0.0809  0.0738  0.0282  0.0279  0.1115  0.0892  0.0412  0.0236  0.0254  0.0282  0.0834  0.0286  
 5   0.0454  0.0444  0.0491  0.0661     -    0.0458  0.0852  0.0916  0.0849  0.0449  0.0451  0.0779  0.1004  0.0552  0.0480  0.0453  0.0449  0.0961  0.0461  
 6   0.0000  0.0002  0.0054  0.0282  0.0458     -    0.0454  0.0552  0.0326  0.0003  0.0001  0.0776  0.0469  0.0132  0.0006  0.0003  0.0001  0.0557  0.0002  
 7   0.0452  0.0446  0.0553  0.0768  0.0852  0.0454     -    0.1064  0.0860  0.0451  0.0450  0.1103  0.0963  0.0657  0.0488  0.0455  0.0452  0.1083  0.0453  
 8   0.0541  0.0536  0.0554  0.0809  0.0916  0.0552  0.1064     -    0.1019  0.0537  0.0539  0.1327  0.1298  0.0597  0.0577  0.0546  0.0538  0.0983  0.0559  
 9   0.0329  0.0343  0.0396  0.0738  0.0849  0.0326  0.0860  0.1019     -    0.0338  0.0343  0.1021  0.0640  0.0485  0.0333  0.0352  0.0341  0.1037  0.0331  
10   0.0002  0.0001  0.0049  0.0282  0.0449  0.0003  0.0451  0.0537  0.0338     -    0.0001  0.0775  0.0493  0.0125  0.0011  0.0002  0.0001  0.0562  0.0002  
11   0.0001  0.0000  0.0051  0.0279  0.0451  0.0001  0.0450  0.0539  0.0343  0.0001     -    0.0777  0.0491  0.0128  0.0008  0.0001  0.0000  0.0560  0.0001  
12   0.0770  0.0771  0.0845  0.1115  0.0779  0.0776  0.1103  0.1327  0.1021  0.0775  0.0777     -    0.1313  0.0920  0.0798  0.0790  0.0775  0.1396  0.0783  
13   0.0474  0.0494  0.0591  0.0892  0.1004  0.0469  0.0963  0.1298  0.0640  0.0493  0.0491  0.1313     -    0.0703  0.0486  0.0501  0.0489  0.1078  0.0489  
14   0.0128  0.0126  0.0018  0.0412  0.0552  0.0132  0.0657  0.0597  0.0485  0.0125  0.0128  0.0920  0.0703     -    0.0145  0.0130  0.0125  0.0582  0.0136  
15   0.0008  0.0010  0.0065  0.0236  0.0480  0.0006  0.0488  0.0577  0.0333  0.0011  0.0008  0.0798  0.0486  0.0145     -    0.0006  0.0008  0.0580  0.0007  
16   0.0003  0.0001  0.0053  0.0254  0.0453  0.0003  0.0455  0.0546  0.0352  0.0002  0.0001  0.0790  0.0501  0.0130  0.0006     -    0.0001  0.0563  0.0002  
17   0.0001  0.0000  0.0050  0.0282  0.0449  0.0001  0.0452  0.0538  0.0341  0.0001  0.0000  0.0775  0.0489  0.0125  0.0008  0.0001     -    0.0556  0.0001  
18   0.0557  0.0561  0.0552  0.0834  0.0961  0.0557  0.1083  0.0983  0.1037  0.0562  0.0560  0.1396  0.1078  0.0582  0.0580  0.0563  0.0556     -    0.0567  
19   0.0002  0.0002  0.0057  0.0286  0.0461  0.0002  0.0453  0.0559  0.0331  0.0002  0.0001  0.0783  0.0489  0.0136  0.0007  0.0002  0.0001  0.0567     -    

Average distances (expected heterozygosity) between individuals in same cluster:
cluster  1  : 0.6356 
cluster  2  : 0.6398 
cluster  3  : 0.6338 
cluster  4  : 0.5367 
cluster  5  : 0.5269 
cluster  6  : 0.6311 
cluster  7  : 0.5294 
cluster  8  : 0.6010 
cluster  9  : 0.5131 
cluster 10  : 0.6394 
cluster 11  : 0.6366 
cluster 12  : 0.4372 
cluster 13  : 0.5067 
cluster 14  : 0.6239 
cluster 15  : 0.6161 
cluster 16  : 0.6333 
cluster 17  : 0.6376 
cluster 18  : 0.5184 
cluster 19  : 0.6294 

--------------------------------------------
Estimated Ln Prob of Data   = -8607.7
Mean value of ln likelihood = -7001.9
Variance of ln likelihood   = 3211.5
Mean value of alpha         = 0.0395

Mean value of Fst_1         = 0.0361
Mean value of Fst_2         = 0.0250
Mean value of Fst_3         = 0.1095
Mean value of Fst_4         = 0.1610
Mean value of Fst_5         = 0.2466
Mean value of Fst_6         = 0.0568
Mean value of Fst_7         = 0.2153
Mean value of Fst_8         = 0.2748
Mean value of Fst_9         = 0.2197
Mean value of Fst_10         = 0.0315
Mean value of Fst_11         = 0.0428
Mean value of Fst_12         = 0.3962
Mean value of Fst_13         = 0.2430
Mean value of Fst_14         = 0.1402
Mean value of Fst_15         = 0.1063
Mean value of Fst_16         = 0.0574
Mean value of Fst_17         = 0.0325
Mean value of Fst_18         = 0.2690
Mean value of Fst_19         = 0.0683


Inferred ancestry of individuals:
        Label (%Miss) Pop:  Inferred clusters
  1 QAc-G-0029    (0)    1 :  0.014 0.013 0.010 0.005 0.006 0.013 0.788 0.005 0.027 0.012 0.012 0.024 0.005 0.008 0.015 0.011 0.011 0.005 0.013 
  2 QAc-G-0030    (0)    1 :  0.005 0.006 0.004 0.006 0.007 0.005 0.912 0.003 0.004 0.005 0.005 0.005 0.004 0.004 0.005 0.005 0.005 0.005 0.005 
  3 QAc-G-0062    (0)    2 :  0.026 0.022 0.015 0.033 0.231 0.021 0.006 0.058 0.005 0.025 0.023 0.040 0.004 0.014 0.021 0.024 0.021 0.388 0.024 
  4 QAc-G-0063    (0)    2 :  0.029 0.028 0.018 0.016 0.052 0.029 0.006 0.015 0.025 0.026 0.027 0.586 0.015 0.015 0.030 0.024 0.029 0.009 0.022 
  5 QAc-G-0064    (0)    2 :  0.007 0.006 0.007 0.008 0.025 0.007 0.005 0.005 0.006 0.006 0.006 0.007 0.005 0.006 0.007 0.006 0.006 0.870 0.005 
  6 QAc-G-0065    (0)    2 :  0.005 0.005 0.007 0.003 0.003 0.005 0.006 0.004 0.005 0.005 0.005 0.003 0.005 0.007 0.005 0.005 0.005 0.914 0.005 
  7 QAc-G-0066    (0)    2 :  0.004 0.004 0.004 0.004 0.006 0.004 0.005 0.004 0.004 0.004 0.004 0.927 0.004 0.004 0.004 0.004 0.004 0.003 0.004 
  8 QAc-G-0067    (0)    2 :  0.013 0.014 0.013 0.007 0.005 0.017 0.016 0.006 0.013 0.015 0.015 0.005 0.007 0.011 0.013 0.016 0.015 0.784 0.015 
  9 QAc-G-0068    (0)    2 :  0.005 0.005 0.005 0.007 0.006 0.005 0.005 0.491 0.003 0.005 0.004 0.426 0.004 0.004 0.005 0.004 0.005 0.006 0.004 
 10 QAc-G-0070    (0)    2 :  0.026 0.023 0.013 0.085 0.120 0.024 0.011 0.017 0.009 0.026 0.025 0.480 0.006 0.012 0.026 0.029 0.026 0.020 0.022 
 11 QAc-G-0071   (13)    2 :  0.006 0.006 0.006 0.005 0.038 0.006 0.008 0.005 0.008 0.006 0.006 0.866 0.003 0.005 0.006 0.006 0.006 0.004 0.006 
 12 QAc-G-0072    (0)    2 :  0.005 0.005 0.005 0.006 0.004 0.006 0.005 0.005 0.006 0.005 0.005 0.907 0.004 0.004 0.005 0.005 0.006 0.004 0.005 
 13 QAc-G-0073    (0)    2 :  0.047 0.028 0.023 0.010 0.012 0.039 0.010 0.005 0.539 0.022 0.033 0.004 0.015 0.024 0.082 0.028 0.029 0.004 0.046 
 14 QAc-G-0074    (0)    2 :  0.036 0.036 0.023 0.013 0.038 0.040 0.005 0.007 0.368 0.035 0.035 0.168 0.021 0.018 0.050 0.034 0.032 0.006 0.037 
 15 QAc-G-0075    (0)    2 :  0.026 0.026 0.021 0.008 0.018 0.025 0.016 0.008 0.627 0.026 0.024 0.011 0.031 0.016 0.031 0.025 0.024 0.010 0.027 
 16 QAc-G-0076    (0)    2 :  0.095 0.057 0.056 0.007 0.030 0.099 0.009 0.005 0.036 0.043 0.065 0.009 0.079 0.042 0.129 0.055 0.075 0.030 0.079 
 17 QAc-G-0080    (0)    2 :  0.041 0.055 0.031 0.007 0.017 0.043 0.466 0.010 0.014 0.051 0.048 0.010 0.004 0.012 0.027 0.046 0.047 0.021 0.051 
 18 QAc-G-0081    (0)    2 :  0.081 0.081 0.059 0.051 0.015 0.085 0.008 0.006 0.005 0.082 0.090 0.006 0.011 0.034 0.094 0.091 0.082 0.006 0.112 
 19 QAc-G-0083    (0)    2 :  0.025 0.018 0.017 0.010 0.562 0.022 0.014 0.004 0.018 0.019 0.018 0.090 0.081 0.012 0.023 0.019 0.019 0.012 0.017 
 20 QAc-G-0285    (0)    3 :  0.007 0.007 0.008 0.006 0.732 0.007 0.010 0.009 0.005 0.007 0.007 0.153 0.005 0.009 0.006 0.007 0.007 0.004 0.006 
 21 QAc-G-0287    (0)    3 :  0.003 0.003 0.003 0.004 0.005 0.003 0.004 0.003 0.004 0.003 0.003 0.939 0.003 0.003 0.003 0.003 0.003 0.003 0.003 
 22 QAc-G-0288    (6)    3 :  0.008 0.007 0.007 0.010 0.005 0.007 0.017 0.009 0.006 0.007 0.007 0.864 0.008 0.006 0.007 0.007 0.007 0.005 0.007 
 23 QAc-G-0292    (0)    3 :  0.015 0.010 0.010 0.012 0.603 0.011 0.005 0.016 0.006 0.011 0.010 0.222 0.005 0.010 0.013 0.011 0.011 0.007 0.013 
 24 QAc-G-0294    (0)    3 :  0.088 0.067 0.061 0.007 0.015 0.107 0.017 0.018 0.034 0.051 0.083 0.005 0.036 0.036 0.133 0.068 0.084 0.017 0.072 
 25 QAc-G-0295    (0)    3 :  0.062 0.027 0.056 0.007 0.051 0.059 0.017 0.005 0.336 0.054 0.042 0.014 0.026 0.036 0.069 0.039 0.033 0.016 0.052 
 26 QAc-G-0296    (0)    3 :  0.038 0.036 0.028 0.008 0.030 0.042 0.005 0.005 0.405 0.024 0.032 0.008 0.047 0.033 0.093 0.031 0.040 0.041 0.055 
 27 QAc-G-0297    (0)    3 :  0.082 0.088 0.044 0.008 0.009 0.061 0.006 0.007 0.211 0.064 0.080 0.003 0.030 0.032 0.046 0.079 0.081 0.003 0.066 
 28 QAc-G-0298    (6)    3 :  0.019 0.019 0.020 0.005 0.020 0.022 0.016 0.005 0.722 0.021 0.018 0.004 0.010 0.010 0.023 0.018 0.015 0.009 0.023 
 29 QAc-G-0299    (0)    3 :  0.018 0.014 0.012 0.004 0.006 0.017 0.005 0.009 0.681 0.012 0.013 0.011 0.119 0.013 0.024 0.011 0.012 0.005 0.015 
 30 QAc-G-0300    (0)    3 :  0.042 0.033 0.038 0.020 0.022 0.044 0.005 0.009 0.302 0.030 0.044 0.005 0.095 0.037 0.095 0.041 0.047 0.034 0.057 
 31 QAc-G-0301    (0)    3 :  0.011 0.010 0.009 0.005 0.010 0.010 0.008 0.004 0.790 0.012 0.011 0.012 0.017 0.008 0.016 0.010 0.011 0.037 0.011 
 32 QAc-G-0302    (0)    3 :  0.017 0.021 0.298 0.005 0.008 0.016 0.005 0.018 0.011 0.022 0.020 0.005 0.024 0.449 0.016 0.020 0.021 0.004 0.020 
 33 QAc-G-0303    (0)    3 :  0.020 0.017 0.288 0.024 0.013 0.018 0.006 0.042 0.004 0.016 0.018 0.006 0.004 0.448 0.016 0.017 0.019 0.009 0.017 
 34 QAc-G-0305    (0)    3 :  0.019 0.019 0.020 0.012 0.077 0.017 0.019 0.033 0.006 0.018 0.023 0.637 0.004 0.021 0.018 0.016 0.018 0.006 0.019 
 35 QAc-G-0307    (0)    3 :  0.010 0.011 0.010 0.018 0.010 0.010 0.828 0.006 0.008 0.011 0.011 0.004 0.005 0.008 0.011 0.010 0.011 0.005 0.012 
 36 QAc-G-0313    (0)    3 :  0.082 0.103 0.047 0.017 0.047 0.092 0.010 0.010 0.007 0.089 0.082 0.011 0.008 0.030 0.066 0.089 0.094 0.018 0.098 
 37 QAc-G-0314    (0)    3 :  0.085 0.099 0.058 0.014 0.005 0.097 0.010 0.006 0.040 0.094 0.087 0.004 0.023 0.035 0.076 0.074 0.083 0.009 0.102 
 38 QAc-G-0316    (0)    3 :  0.073 0.095 0.046 0.026 0.009 0.073 0.024 0.005 0.008 0.106 0.081 0.009 0.012 0.036 0.090 0.089 0.089 0.014 0.116 
 39 QAc-G-0033    (0)    4 :  0.012 0.009 0.011 0.007 0.014 0.018 0.007 0.004 0.649 0.011 0.010 0.005 0.159 0.017 0.020 0.009 0.012 0.012 0.012 
 40 QAc-G-0034    (0)    4 :  0.013 0.011 0.012 0.013 0.005 0.012 0.025 0.004 0.798 0.011 0.013 0.005 0.009 0.012 0.015 0.011 0.011 0.008 0.012 
 41 QAc-G-0035    (0)    4 :  0.057 0.041 0.040 0.006 0.021 0.061 0.012 0.008 0.021 0.044 0.055 0.015 0.319 0.029 0.087 0.048 0.054 0.023 0.061 
 42 QAc-G-0036    (0)    4 :  0.010 0.012 0.008 0.008 0.009 0.011 0.006 0.005 0.826 0.011 0.010 0.013 0.007 0.007 0.012 0.010 0.011 0.013 0.010 
 43 QAc-G-0039    (0)    4 :  0.089 0.064 0.071 0.013 0.012 0.094 0.031 0.010 0.023 0.058 0.082 0.009 0.019 0.039 0.144 0.065 0.073 0.008 0.097 
 44 QAc-G-0040    (0)    4 :  0.083 0.062 0.059 0.067 0.062 0.079 0.010 0.006 0.033 0.057 0.069 0.018 0.034 0.039 0.112 0.062 0.076 0.008 0.065 
 45 QAc-G-0045    (0)    4 :  0.021 0.013 0.012 0.006 0.005 0.031 0.013 0.005 0.700 0.009 0.010 0.010 0.027 0.020 0.062 0.010 0.010 0.007 0.030 
 46 QAc-G-0050    (0)    4 :  0.081 0.080 0.062 0.012 0.015 0.073 0.088 0.088 0.004 0.081 0.086 0.011 0.004 0.056 0.038 0.071 0.081 0.006 0.063 
 47 QAc-G-0052    (0)    4 :  0.014 0.013 0.011 0.009 0.005 0.013 0.796 0.007 0.006 0.013 0.016 0.004 0.005 0.008 0.011 0.015 0.014 0.018 0.021 
 48 QAc-G-0056    (0)    4 :  0.108 0.113 0.042 0.024 0.010 0.081 0.037 0.015 0.008 0.104 0.099 0.007 0.006 0.040 0.037 0.073 0.110 0.009 0.077 
 49 QAc-G-0276    (0)    5 :  0.011 0.011 0.009 0.006 0.434 0.013 0.008 0.008 0.013 0.012 0.014 0.379 0.019 0.008 0.015 0.011 0.012 0.003 0.012 
 50 QAc-G-0280    (6)    5 :  0.015 0.015 0.011 0.009 0.014 0.014 0.009 0.012 0.011 0.014 0.013 0.757 0.031 0.010 0.014 0.014 0.017 0.006 0.014 
 51 QAc-G-0018    (0)    6 :  0.011 0.011 0.013 0.006 0.006 0.012 0.011 0.020 0.802 0.012 0.012 0.006 0.007 0.015 0.017 0.011 0.011 0.006 0.011 
 52 QAc-G-0017    (0)    6 :  0.039 0.045 0.109 0.013 0.027 0.041 0.004 0.013 0.014 0.054 0.046 0.010 0.004 0.138 0.046 0.042 0.043 0.265 0.048 
 53 QAc-G-0250    (0)    7 :  0.049 0.052 0.034 0.009 0.204 0.051 0.008 0.100 0.005 0.045 0.053 0.157 0.007 0.031 0.040 0.052 0.053 0.010 0.041 
 54 QAc-G-0003    (6)    8 :  0.007 0.007 0.006 0.009 0.037 0.007 0.007 0.010 0.007 0.007 0.007 0.842 0.007 0.006 0.007 0.007 0.007 0.005 0.007 
 55 QAc-G-0283    (0)    9 :  0.079 0.082 0.054 0.066 0.048 0.075 0.005 0.010 0.008 0.081 0.088 0.006 0.005 0.037 0.084 0.087 0.083 0.005 0.096 
 56 QAc-G-0255    (0)   10 :  0.033 0.045 0.225 0.008 0.010 0.038 0.004 0.022 0.008 0.059 0.056 0.005 0.028 0.288 0.033 0.050 0.045 0.009 0.034 
 57 QAc-G-0256    (0)   10 :  0.008 0.007 0.337 0.004 0.013 0.008 0.006 0.008 0.008 0.007 0.007 0.019 0.008 0.514 0.007 0.007 0.007 0.015 0.008 
 58 QAc-G-0257    (0)   10 :  0.019 0.020 0.279 0.019 0.007 0.020 0.010 0.009 0.005 0.023 0.017 0.004 0.004 0.422 0.015 0.020 0.020 0.070 0.016 
 59 QAc-G-0259    (0)   10 :  0.103 0.123 0.038 0.008 0.003 0.127 0.002 0.004 0.003 0.143 0.099 0.003 0.007 0.032 0.041 0.087 0.111 0.003 0.062 
 60 QAc-G-0260    (0)   10 :  0.084 0.081 0.056 0.024 0.015 0.071 0.007 0.007 0.007 0.082 0.069 0.042 0.010 0.048 0.038 0.073 0.088 0.142 0.056 
 61 QAc-G-0261    (0)   10 :  0.032 0.048 0.030 0.007 0.007 0.044 0.005 0.010 0.011 0.041 0.048 0.005 0.004 0.023 0.032 0.038 0.041 0.531 0.043 
 62 QAc-G-0109    (0)   11 :  0.049 0.051 0.176 0.027 0.010 0.043 0.013 0.007 0.017 0.049 0.058 0.006 0.005 0.254 0.034 0.043 0.062 0.054 0.043 
 63 QAc-G-0113    (0)   11 :  0.026 0.028 0.233 0.007 0.047 0.020 0.019 0.089 0.012 0.023 0.026 0.012 0.005 0.339 0.019 0.025 0.024 0.023 0.022 
 64 QAc-G-0114    (0)   11 :  0.037 0.034 0.235 0.007 0.010 0.026 0.007 0.015 0.022 0.040 0.038 0.010 0.085 0.324 0.019 0.027 0.034 0.004 0.024 
 65 QAc-G-0117    (0)   11 :  0.059 0.059 0.069 0.009 0.049 0.069 0.010 0.061 0.050 0.059 0.056 0.008 0.030 0.083 0.073 0.064 0.064 0.070 0.059 
 66 QAc-G-0120    (0)   11 :  0.085 0.081 0.129 0.011 0.013 0.068 0.008 0.010 0.012 0.089 0.075 0.004 0.011 0.131 0.042 0.069 0.095 0.008 0.057 
 67 QAc-G-0125    (0)   11 :  0.025 0.023 0.019 0.020 0.046 0.024 0.030 0.007 0.004 0.026 0.027 0.018 0.005 0.021 0.018 0.021 0.024 0.616 0.026 
 68 QAc-G-0141    (0)   11 :  0.071 0.071 0.067 0.018 0.019 0.074 0.022 0.050 0.034 0.074 0.071 0.017 0.012 0.054 0.079 0.079 0.092 0.020 0.078 
 69 QAc-G-0143    (0)   11 :  0.066 0.117 0.048 0.007 0.009 0.079 0.006 0.004 0.008 0.091 0.110 0.006 0.004 0.042 0.117 0.109 0.070 0.003 0.104 
 70 QAc-G-0147    (0)   11 :  0.036 0.041 0.050 0.065 0.035 0.045 0.008 0.026 0.027 0.040 0.038 0.005 0.009 0.063 0.035 0.034 0.042 0.362 0.038 
 71 QAc-G-0174    (0)   11 :  0.005 0.005 0.004 0.004 0.774 0.005 0.005 0.006 0.007 0.004 0.004 0.144 0.005 0.004 0.005 0.005 0.005 0.004 0.005 
 72 QAc-G-0182    (0)   11 :  0.008 0.006 0.007 0.005 0.546 0.007 0.003 0.004 0.005 0.007 0.007 0.348 0.004 0.007 0.006 0.007 0.007 0.012 0.007 
 73 QAc-G-0188    (0)   11 :  0.064 0.052 0.114 0.006 0.015 0.064 0.004 0.032 0.007 0.064 0.062 0.174 0.016 0.119 0.036 0.048 0.059 0.007 0.057 
 74 QAc-G-0229    (0)   11 :  0.011 0.010 0.010 0.012 0.009 0.010 0.007 0.005 0.829 0.011 0.011 0.005 0.006 0.010 0.015 0.012 0.011 0.004 0.012 
 75 QAc-G-0233    (0)   11 :  0.072 0.064 0.036 0.072 0.006 0.055 0.026 0.006 0.012 0.066 0.066 0.006 0.240 0.031 0.041 0.064 0.061 0.010 0.067 
 76 QAc-G-0237    (0)   11 :  0.041 0.023 0.040 0.011 0.027 0.038 0.017 0.005 0.493 0.038 0.026 0.009 0.029 0.030 0.034 0.024 0.029 0.048 0.038 
 77 QAc-G-0243    (0)   11 :  0.091 0.064 0.055 0.029 0.014 0.084 0.012 0.008 0.015 0.056 0.071 0.004 0.083 0.035 0.100 0.077 0.081 0.039 0.081 
 78 QAc-G-0249    (0)   12 :  0.046 0.053 0.036 0.346 0.007 0.044 0.014 0.007 0.012 0.048 0.054 0.020 0.015 0.034 0.092 0.076 0.055 0.003 0.038 
 79 QAc-W-0001    (0)   13 :  0.010 0.010 0.009 0.005 0.004 0.009 0.005 0.004 0.045 0.010 0.009 0.003 0.818 0.011 0.009 0.008 0.009 0.013 0.009 
 80 QAc-W-0002    (0)   13 :  0.041 0.029 0.032 0.012 0.012 0.037 0.006 0.009 0.515 0.031 0.032 0.033 0.018 0.032 0.057 0.029 0.032 0.004 0.040 
 81 QAc-W-0003    (0)   13 :  0.015 0.015 0.013 0.006 0.024 0.018 0.019 0.010 0.017 0.015 0.016 0.009 0.739 0.014 0.015 0.016 0.014 0.012 0.015 
 82 QAc-W-0004    (0)   13 :  0.006 0.006 0.005 0.005 0.004 0.006 0.007 0.004 0.018 0.005 0.006 0.008 0.887 0.006 0.007 0.006 0.006 0.004 0.006 
 83 QAc-W-0005    (0)   13 :  0.007 0.007 0.006 0.007 0.006 0.008 0.004 0.003 0.008 0.007 0.006 0.005 0.887 0.006 0.008 0.007 0.007 0.004 0.007 
 84 QAc-W-0007   (13)   13 :  0.007 0.007 0.007 0.007 0.006 0.008 0.004 0.005 0.015 0.007 0.008 0.005 0.870 0.006 0.009 0.007 0.008 0.005 0.009 
 85 QAc-W-0008    (6)   13 :  0.031 0.031 0.019 0.013 0.007 0.031 0.004 0.016 0.013 0.030 0.027 0.005 0.644 0.014 0.025 0.028 0.033 0.004 0.025 
 86 QAc-W-0009    (0)   13 :  0.074 0.059 0.112 0.024 0.026 0.066 0.008 0.012 0.079 0.082 0.060 0.016 0.017 0.111 0.066 0.051 0.071 0.010 0.057 
 87 QAc-W-0010    (0)   13 :  0.021 0.020 0.018 0.026 0.017 0.022 0.005 0.011 0.009 0.019 0.019 0.007 0.668 0.020 0.023 0.021 0.020 0.034 0.021 
 88 QAc-W-0011    (0)   13 :  0.051 0.041 0.034 0.007 0.028 0.049 0.014 0.008 0.050 0.040 0.043 0.031 0.374 0.029 0.064 0.040 0.042 0.010 0.046 
 89 QAc-W-0012    (0)   13 :  0.024 0.023 0.017 0.012 0.010 0.025 0.012 0.013 0.093 0.022 0.023 0.012 0.597 0.016 0.023 0.021 0.023 0.010 0.023 
 90 QAc-W-0013    (0)   13 :  0.059 0.049 0.056 0.007 0.026 0.063 0.137 0.007 0.137 0.034 0.052 0.016 0.013 0.065 0.115 0.035 0.059 0.008 0.063 
 91 QAc-W-0014    (0)   13 :  0.014 0.012 0.012 0.015 0.010 0.015 0.005 0.004 0.017 0.010 0.011 0.004 0.805 0.009 0.016 0.012 0.012 0.005 0.012 
 92 QAc-W-0015    (0)   13 :  0.031 0.038 0.026 0.016 0.136 0.043 0.016 0.004 0.353 0.030 0.033 0.028 0.014 0.029 0.081 0.032 0.029 0.004 0.057 
 93 QAc-W-0017    (0)   13 :  0.067 0.084 0.053 0.038 0.033 0.082 0.020 0.012 0.036 0.088 0.087 0.012 0.009 0.027 0.086 0.091 0.080 0.006 0.090 
 94 QAc-W-0018    (0)   13 :  0.045 0.050 0.046 0.010 0.007 0.052 0.035 0.025 0.021 0.048 0.056 0.004 0.349 0.036 0.049 0.049 0.043 0.015 0.059 
 95 QAc-W-0020    (0)   13 :  0.021 0.023 0.018 0.005 0.007 0.021 0.003 0.009 0.008 0.022 0.020 0.005 0.733 0.010 0.023 0.019 0.021 0.012 0.021 
 96 QAc-W-0021    (0)   13 :  0.057 0.047 0.042 0.010 0.007 0.058 0.099 0.010 0.015 0.054 0.063 0.010 0.287 0.031 0.045 0.053 0.055 0.009 0.048 
 97 QAc-W-0022    (0)   13 :  0.078 0.082 0.042 0.026 0.029 0.084 0.011 0.007 0.091 0.066 0.068 0.016 0.018 0.037 0.113 0.068 0.081 0.008 0.076 
 98 QAc-W-0023    (6)   13 :  0.082 0.049 0.059 0.030 0.017 0.093 0.018 0.005 0.104 0.051 0.063 0.003 0.083 0.044 0.084 0.064 0.057 0.032 0.059 
 99 QAc-W-0024    (0)   13 :  0.040 0.047 0.032 0.012 0.008 0.044 0.085 0.006 0.021 0.061 0.050 0.049 0.299 0.022 0.059 0.054 0.045 0.006 0.063 
100 QAc-W-0025    (0)   13 :  0.028 0.025 0.027 0.010 0.016 0.032 0.014 0.008 0.323 0.032 0.031 0.007 0.295 0.023 0.032 0.027 0.031 0.004 0.034 
101 QAc-W-0026    (0)   13 :  0.037 0.036 0.022 0.026 0.014 0.034 0.075 0.016 0.045 0.034 0.037 0.044 0.409 0.021 0.027 0.033 0.036 0.023 0.031 
102 QAc-W-0027    (0)   13 :  0.019 0.014 0.021 0.010 0.012 0.017 0.005 0.007 0.702 0.023 0.014 0.005 0.068 0.015 0.017 0.014 0.015 0.004 0.020 
103 QAc-W-0028    (0)   13 :  0.029 0.028 0.023 0.009 0.011 0.029 0.004 0.005 0.111 0.028 0.031 0.008 0.544 0.013 0.039 0.027 0.025 0.004 0.032 
104 QAc-W-0029    (0)   13 :  0.066 0.036 0.045 0.005 0.021 0.069 0.007 0.025 0.167 0.031 0.044 0.003 0.213 0.041 0.085 0.032 0.044 0.017 0.050 
105 QAc-W-0032    (0)   13 :  0.014 0.012 0.014 0.009 0.007 0.013 0.007 0.005 0.026 0.012 0.011 0.003 0.777 0.009 0.016 0.011 0.014 0.026 0.014 
106 QAc-W-0033    (0)   13 :  0.073 0.074 0.053 0.019 0.013 0.080 0.013 0.059 0.016 0.086 0.076 0.004 0.111 0.036 0.055 0.067 0.077 0.027 0.061 
107 QAc-W-0035    (0)   13 :  0.039 0.039 0.034 0.022 0.032 0.037 0.016 0.018 0.368 0.047 0.040 0.017 0.101 0.023 0.040 0.039 0.038 0.008 0.041 
108 QAc-W-0037    (0)   13 :  0.014 0.012 0.010 0.007 0.011 0.012 0.014 0.008 0.769 0.013 0.011 0.008 0.025 0.008 0.014 0.014 0.012 0.019 0.017 
109 QAc-W-0038    (0)   13 :  0.059 0.070 0.061 0.011 0.031 0.060 0.006 0.008 0.069 0.079 0.073 0.010 0.095 0.033 0.091 0.079 0.069 0.010 0.085 
110 QAc-W-0040    (0)   13 :  0.022 0.021 0.019 0.111 0.009 0.024 0.013 0.005 0.017 0.026 0.023 0.009 0.573 0.015 0.026 0.021 0.023 0.020 0.023 
111 QAc-W-0041    (0)   13 :  0.047 0.040 0.034 0.009 0.009 0.059 0.066 0.028 0.320 0.029 0.040 0.030 0.036 0.039 0.080 0.034 0.040 0.006 0.054 
112 QAc-W-0042    (0)   14 :  0.019 0.018 0.137 0.006 0.011 0.025 0.015 0.057 0.015 0.014 0.018 0.031 0.006 0.238 0.029 0.016 0.016 0.303 0.025 
113 QAc-W-0044    (0)   14 :  0.055 0.043 0.059 0.029 0.080 0.065 0.004 0.020 0.071 0.030 0.042 0.047 0.008 0.083 0.087 0.036 0.046 0.140 0.055 
114 QAc-W-0045    (0)   14 :  0.015 0.015 0.271 0.006 0.007 0.014 0.008 0.079 0.013 0.018 0.020 0.011 0.006 0.422 0.014 0.014 0.017 0.034 0.016 
115 QAc-W-0048    (0)   14 :  0.025 0.023 0.259 0.007 0.007 0.024 0.015 0.008 0.013 0.019 0.021 0.004 0.011 0.403 0.015 0.021 0.026 0.079 0.019 
116 QAc-W-0050    (0)   14 :  0.020 0.019 0.072 0.011 0.006 0.020 0.006 0.576 0.009 0.019 0.019 0.007 0.004 0.114 0.020 0.018 0.022 0.020 0.018 
117 QAc-W-0051    (0)   14 :  0.013 0.014 0.016 0.005 0.035 0.011 0.014 0.689 0.006 0.013 0.013 0.007 0.006 0.024 0.011 0.011 0.013 0.086 0.013 
118 QAc-W-0052    (0)   14 :  0.005 0.005 0.005 0.004 0.006 0.005 0.003 0.004 0.005 0.004 0.005 0.006 0.009 0.006 0.005 0.005 0.005 0.908 0.005 
119 QAc-W-0053    (0)   14 :  0.013 0.012 0.327 0.007 0.008 0.013 0.005 0.014 0.008 0.011 0.010 0.005 0.008 0.492 0.013 0.012 0.012 0.016 0.014 
120 QAc-W-0054    (0)   14 :  0.058 0.059 0.042 0.017 0.064 0.053 0.008 0.157 0.010 0.050 0.051 0.098 0.009 0.045 0.041 0.052 0.057 0.072 0.057 
121 QAc-W-0056    (0)   14 :  0.060 0.062 0.039 0.010 0.014 0.047 0.010 0.332 0.065 0.047 0.057 0.007 0.039 0.026 0.039 0.043 0.054 0.007 0.044 
122 QAc-W-0057    (0)   14 :  0.033 0.028 0.039 0.013 0.071 0.024 0.025 0.498 0.017 0.031 0.033 0.010 0.006 0.057 0.022 0.025 0.033 0.010 0.026 
123 QAc-W-0060    (0)   14 :  0.007 0.007 0.007 0.007 0.765 0.007 0.004 0.004 0.017 0.008 0.007 0.084 0.004 0.006 0.007 0.007 0.007 0.036 0.007 
124 QAc-W-0061    (0)   14 :  0.028 0.025 0.023 0.042 0.561 0.023 0.010 0.013 0.026 0.024 0.027 0.061 0.012 0.020 0.025 0.025 0.025 0.006 0.024 
125 QAc-W-0062    (0)   14 :  0.004 0.004 0.004 0.006 0.827 0.005 0.005 0.005 0.004 0.005 0.004 0.091 0.003 0.004 0.005 0.004 0.004 0.010 0.004 
126 QAc-W-0063    (0)   14 :  0.016 0.013 0.012 0.010 0.688 0.014 0.019 0.006 0.006 0.012 0.014 0.088 0.014 0.009 0.012 0.014 0.013 0.026 0.013 
127 QAc-W-0064    (0)   14 :  0.008 0.008 0.008 0.010 0.768 0.008 0.007 0.007 0.006 0.008 0.009 0.099 0.011 0.006 0.008 0.008 0.008 0.005 0.008 
128 QAc-W-0065    (0)   14 :  0.016 0.016 0.014 0.017 0.670 0.015 0.011 0.026 0.014 0.015 0.016 0.077 0.008 0.011 0.015 0.016 0.018 0.007 0.019 
129 QAc-W-0066    (0)   14 :  0.003 0.003 0.003 0.003 0.004 0.003 0.005 0.003 0.004 0.003 0.003 0.940 0.003 0.003 0.003 0.003 0.003 0.003 0.003 
130 QAc-W-0072    (0)   14 :  0.015 0.016 0.011 0.087 0.622 0.014 0.011 0.044 0.006 0.015 0.018 0.041 0.014 0.009 0.026 0.017 0.015 0.004 0.015 
131 QAc-W-0073    (0)   14 :  0.013 0.014 0.013 0.008 0.722 0.014 0.008 0.010 0.008 0.014 0.015 0.075 0.006 0.015 0.015 0.015 0.014 0.007 0.014 
132 QAc-W-0077    (0)   14 :  0.007 0.006 0.006 0.005 0.614 0.006 0.004 0.008 0.007 0.006 0.006 0.284 0.005 0.007 0.006 0.006 0.006 0.005 0.006 
133 QAc-W-0078    (0)   15 :  0.033 0.034 0.023 0.017 0.010 0.033 0.587 0.006 0.018 0.035 0.030 0.029 0.011 0.016 0.021 0.027 0.031 0.015 0.025 
134 QAc-W-0079    (6)   15 :  0.007 0.006 0.007 0.006 0.005 0.007 0.886 0.005 0.008 0.006 0.006 0.011 0.005 0.007 0.006 0.006 0.006 0.003 0.006 
135 QAc-W-0081    (0)   15 :  0.007 0.007 0.006 0.005 0.008 0.007 0.880 0.005 0.005 0.006 0.008 0.004 0.009 0.006 0.006 0.007 0.006 0.009 0.009 
136 QAc-W-0082    (0)   15 :  0.005 0.007 0.006 0.004 0.005 0.006 0.438 0.475 0.006 0.006 0.006 0.004 0.003 0.006 0.005 0.006 0.005 0.003 0.005 
137 QAc-W-0083    (0)   15 :  0.009 0.008 0.008 0.012 0.031 0.010 0.816 0.013 0.006 0.009 0.009 0.008 0.007 0.008 0.009 0.010 0.008 0.010 0.009 
138 QAc-W-0086    (0)   15 :  0.008 0.007 0.007 0.008 0.006 0.008 0.858 0.013 0.007 0.008 0.008 0.013 0.006 0.006 0.008 0.008 0.008 0.005 0.008 
139 QAc-W-0087    (0)   15 :  0.006 0.006 0.008 0.008 0.003 0.006 0.898 0.005 0.005 0.006 0.006 0.005 0.004 0.007 0.006 0.006 0.006 0.003 0.006 
140 QAc-W-0088    (0)   15 :  0.016 0.016 0.013 0.007 0.006 0.016 0.784 0.008 0.011 0.017 0.016 0.006 0.006 0.012 0.013 0.015 0.015 0.005 0.018 
141 QAc-W-0092    (0)   15 :  0.029 0.028 0.021 0.011 0.007 0.026 0.548 0.006 0.086 0.024 0.027 0.010 0.020 0.021 0.035 0.026 0.026 0.018 0.031 
142 QAc-W-0093    (0)   15 :  0.027 0.026 0.019 0.013 0.007 0.029 0.648 0.011 0.015 0.027 0.025 0.003 0.025 0.016 0.020 0.025 0.024 0.008 0.031 
143 QAc-W-0094    (0)   15 :  0.039 0.045 0.045 0.010 0.043 0.045 0.189 0.013 0.009 0.041 0.054 0.009 0.043 0.027 0.038 0.050 0.040 0.207 0.054 
144 QAc-W-0097    (0)   15 :  0.026 0.029 0.022 0.006 0.009 0.026 0.595 0.008 0.058 0.029 0.028 0.006 0.023 0.017 0.026 0.027 0.026 0.013 0.027 
145 QAc-W-0099    (0)   15 :  0.040 0.042 0.024 0.018 0.006 0.033 0.530 0.012 0.009 0.039 0.042 0.005 0.004 0.027 0.027 0.040 0.039 0.015 0.046 
146 QAc-W-0107    (0)   15 :  0.009 0.009 0.007 0.007 0.027 0.010 0.832 0.008 0.005 0.009 0.009 0.014 0.006 0.006 0.009 0.010 0.009 0.007 0.009 
147 QAc-W-0115    (0)   16 :  0.013 0.012 0.010 0.739 0.008 0.021 0.009 0.004 0.020 0.014 0.014 0.005 0.012 0.008 0.054 0.024 0.013 0.006 0.012 
148 QAc-W-0116    (0)   16 :  0.030 0.035 0.024 0.527 0.006 0.033 0.007 0.009 0.016 0.030 0.030 0.003 0.008 0.028 0.096 0.050 0.030 0.013 0.027 
149 QAc-W-0117    (0)   16 :  0.012 0.011 0.013 0.701 0.005 0.012 0.004 0.005 0.008 0.012 0.010 0.004 0.005 0.013 0.106 0.050 0.013 0.004 0.013 
150 QAc-W-0118    (0)   16 :  0.017 0.016 0.012 0.655 0.021 0.018 0.023 0.008 0.007 0.014 0.017 0.040 0.006 0.011 0.066 0.031 0.018 0.005 0.017 
151 QAc-W-0119    (0)   16 :  0.025 0.026 0.016 0.578 0.006 0.021 0.008 0.013 0.007 0.022 0.024 0.015 0.006 0.024 0.104 0.054 0.022 0.007 0.023 
152 QAc-W-0120    (0)   16 :  0.039 0.036 0.023 0.508 0.010 0.034 0.010 0.005 0.008 0.037 0.038 0.018 0.009 0.021 0.070 0.070 0.033 0.005 0.026 
153 QAc-W-0121    (0)   16 :  0.017 0.015 0.010 0.585 0.010 0.015 0.004 0.037 0.006 0.015 0.014 0.066 0.007 0.009 0.105 0.054 0.016 0.003 0.014 
154 QAc-W-0122    (0)   16 :  0.035 0.049 0.036 0.431 0.009 0.053 0.006 0.005 0.006 0.036 0.048 0.004 0.019 0.031 0.084 0.056 0.049 0.004 0.039 
155 QAc-W-0123    (6)   16 :  0.020 0.027 0.019 0.609 0.009 0.031 0.009 0.006 0.013 0.029 0.026 0.007 0.004 0.016 0.070 0.031 0.026 0.015 0.030 
156 QAc-W-0124    (0)   16 :  0.025 0.025 0.011 0.423 0.103 0.037 0.072 0.006 0.040 0.020 0.030 0.015 0.016 0.016 0.054 0.047 0.024 0.007 0.028 
157 QAc-W-0125    (0)   16 :  0.014 0.012 0.011 0.692 0.005 0.013 0.019 0.006 0.012 0.014 0.014 0.007 0.007 0.017 0.100 0.021 0.014 0.008 0.014 
158 QAc-W-0132    (6)   16 :  0.032 0.030 0.020 0.467 0.028 0.029 0.034 0.007 0.034 0.032 0.038 0.041 0.016 0.015 0.050 0.041 0.027 0.019 0.037 
159 QAc-W-0134    (0)   16 :  0.007 0.007 0.006 0.776 0.007 0.007 0.006 0.004 0.007 0.007 0.007 0.004 0.004 0.007 0.100 0.024 0.007 0.006 0.006 
160 QAc-W-0135    (0)   16 :  0.025 0.022 0.014 0.527 0.030 0.034 0.008 0.005 0.024 0.020 0.025 0.015 0.102 0.014 0.052 0.037 0.020 0.004 0.022 
161 QAc-W-0136    (0)   16 :  0.008 0.008 0.006 0.786 0.005 0.012 0.004 0.005 0.006 0.008 0.008 0.003 0.005 0.006 0.092 0.013 0.008 0.007 0.009 
162 QAc-W-0138    (0)   16 :  0.009 0.009 0.007 0.772 0.005 0.010 0.003 0.005 0.005 0.008 0.009 0.004 0.008 0.007 0.099 0.012 0.009 0.006 0.011 
163 QAc-W-0140    (0)   16 :  0.020 0.019 0.025 0.600 0.009 0.020 0.005 0.007 0.014 0.020 0.016 0.005 0.008 0.022 0.111 0.054 0.018 0.004 0.023 
164 QAc-W-0141    (6)   16 :  0.072 0.068 0.059 0.074 0.013 0.075 0.007 0.010 0.041 0.070 0.075 0.022 0.015 0.045 0.104 0.076 0.066 0.006 0.099 
165 QAc-W-0142    (0)   16 :  0.008 0.007 0.006 0.749 0.014 0.007 0.005 0.012 0.004 0.007 0.007 0.012 0.004 0.006 0.104 0.029 0.007 0.004 0.007 
166 QAc-W-0143    (0)   16 :  0.020 0.016 0.016 0.665 0.008 0.021 0.028 0.010 0.005 0.017 0.015 0.004 0.008 0.015 0.075 0.045 0.016 0.005 0.014 
167 QAc-W-0145    (0)   16 :  0.012 0.012 0.010 0.763 0.007 0.024 0.004 0.006 0.005 0.012 0.015 0.003 0.004 0.009 0.059 0.028 0.013 0.004 0.010 
168 QAc-W-0148    (0)   16 :  0.008 0.007 0.006 0.798 0.008 0.013 0.004 0.005 0.012 0.007 0.007 0.004 0.006 0.006 0.066 0.020 0.007 0.007 0.007 
169 QAc-W-0149    (0)   16 :  0.070 0.061 0.037 0.210 0.017 0.079 0.010 0.009 0.007 0.051 0.066 0.005 0.012 0.036 0.099 0.069 0.068 0.032 0.062 
170 QAc-W-0150    (0)   16 :  0.055 0.050 0.030 0.236 0.011 0.071 0.027 0.008 0.030 0.043 0.050 0.006 0.077 0.039 0.079 0.065 0.051 0.018 0.054 
171 QAc-W-0151    (0)   16 :  0.017 0.017 0.011 0.653 0.007 0.025 0.010 0.007 0.057 0.017 0.017 0.004 0.010 0.012 0.062 0.032 0.018 0.006 0.017 
172 QAc-W-0152    (0)   16 :  0.011 0.010 0.010 0.738 0.030 0.020 0.005 0.012 0.009 0.011 0.015 0.007 0.005 0.010 0.050 0.027 0.012 0.005 0.012 
173 QAc-W-0153    (0)   16 :  0.063 0.100 0.073 0.024 0.034 0.066 0.024 0.005 0.024 0.069 0.073 0.006 0.005 0.054 0.088 0.099 0.082 0.003 0.105 
174 QAc-W-0154    (0)   16 :  0.028 0.028 0.019 0.566 0.007 0.030 0.005 0.005 0.007 0.027 0.027 0.004 0.044 0.017 0.083 0.052 0.025 0.004 0.023 
175 QAc-W-0157    (0)   16 :  0.040 0.043 0.027 0.465 0.019 0.038 0.004 0.008 0.018 0.038 0.035 0.012 0.005 0.017 0.087 0.048 0.037 0.028 0.030 
176 QAc-W-0158    (0)   16 :  0.025 0.024 0.019 0.513 0.011 0.032 0.029 0.005 0.056 0.021 0.023 0.024 0.037 0.016 0.073 0.034 0.024 0.008 0.026 
177 QAc-W-0159    (0)   16 :  0.009 0.010 0.008 0.731 0.004 0.010 0.007 0.009 0.007 0.009 0.009 0.004 0.008 0.007 0.108 0.035 0.010 0.007 0.009 
178 QAc-W-0160    (0)   16 :  0.036 0.038 0.021 0.564 0.010 0.032 0.009 0.004 0.019 0.030 0.032 0.004 0.024 0.015 0.068 0.035 0.026 0.004 0.028 
179 QAc-W-0162    (0)   16 :  0.016 0.015 0.020 0.579 0.075 0.018 0.007 0.036 0.004 0.016 0.020 0.008 0.004 0.019 0.068 0.047 0.017 0.016 0.017 
180 QAc-W-0163    (0)   16 :  0.031 0.034 0.025 0.450 0.011 0.028 0.005 0.117 0.007 0.030 0.027 0.007 0.006 0.026 0.084 0.046 0.032 0.009 0.026 
181 QAc-W-0164    (0)   16 :  0.033 0.030 0.020 0.517 0.072 0.030 0.011 0.016 0.007 0.031 0.031 0.011 0.007 0.015 0.062 0.039 0.032 0.008 0.028 
182 QAc-W-0167    (0)   17 :  0.061 0.106 0.074 0.014 0.013 0.059 0.018 0.008 0.006 0.095 0.085 0.006 0.006 0.039 0.089 0.098 0.092 0.005 0.127 
183 QAc-W-0168    (0)   17 :  0.077 0.088 0.051 0.092 0.021 0.081 0.011 0.008 0.017 0.086 0.075 0.041 0.008 0.035 0.075 0.074 0.084 0.007 0.069 
184 QAc-W-0169    (0)   17 :  0.107 0.107 0.047 0.008 0.015 0.081 0.004 0.037 0.014 0.105 0.115 0.011 0.017 0.031 0.051 0.077 0.093 0.004 0.077 
185 QAc-W-0170    (0)   17 :  0.091 0.103 0.062 0.017 0.011 0.085 0.007 0.007 0.049 0.095 0.098 0.003 0.010 0.029 0.064 0.091 0.088 0.004 0.088 
186 QAc-W-0172    (0)   17 :  0.108 0.109 0.063 0.008 0.007 0.099 0.009 0.005 0.009 0.118 0.097 0.002 0.008 0.025 0.054 0.083 0.105 0.014 0.077 
187 QAc-W-0173    (0)   17 :  0.045 0.086 0.075 0.024 0.016 0.061 0.007 0.006 0.015 0.088 0.071 0.004 0.011 0.037 0.132 0.092 0.088 0.005 0.138 
188 QAc-W-0174    (0)   17 :  0.060 0.089 0.075 0.014 0.013 0.059 0.006 0.010 0.009 0.096 0.096 0.011 0.004 0.040 0.091 0.089 0.096 0.004 0.139 


Estimated Allele Frequencies in each cluster
First column gives estimated ancestral frequencies


Locus 1 : 
18 alleles
0.0% missing data
 210   (0.115) 0.113 0.113 0.177 0.178 0.029 0.113 0.151 0.077 0.069 0.115 0.114 0.007 0.016 0.216 0.119 0.116 0.113 0.029 0.110 
 212   (0.120) 0.123 0.123 0.088 0.080 0.029 0.128 0.278 0.081 0.419 0.120 0.124 0.185 0.048 0.069 0.120 0.124 0.120 0.024 0.130 
 202   (0.056) 0.050 0.053 0.038 0.008 0.009 0.049 0.144 0.018 0.036 0.054 0.051 0.003 0.060 0.028 0.039 0.048 0.051 0.318 0.049 
 226   (0.042) 0.036 0.038 0.028 0.005 0.119 0.034 0.012 0.031 0.005 0.038 0.037 0.244 0.005 0.026 0.024 0.035 0.038 0.220 0.033 
 216   (0.074) 0.071 0.071 0.060 0.136 0.055 0.068 0.168 0.034 0.010 0.070 0.070 0.006 0.017 0.056 0.067 0.068 0.070 0.169 0.067 
 200   (0.247) 0.284 0.267 0.251 0.151 0.146 0.295 0.086 0.136 0.374 0.260 0.274 0.492 0.527 0.240 0.324 0.268 0.277 0.123 0.290 
 224   (0.044) 0.042 0.045 0.030 0.007 0.243 0.044 0.010 0.018 0.019 0.043 0.044 0.018 0.007 0.023 0.043 0.043 0.045 0.009 0.045 
 218   (0.055) 0.052 0.052 0.036 0.147 0.022 0.049 0.108 0.041 0.011 0.052 0.053 0.004 0.081 0.029 0.053 0.059 0.050 0.010 0.047 
 228   (0.011) 0.009 0.010 0.006 0.001 0.119 0.008 0.001 0.003 0.001 0.010 0.008 0.008 0.001 0.004 0.005 0.008 0.009 0.002 0.007 
 214   (0.060) 0.055 0.058 0.095 0.022 0.195 0.051 0.007 0.502 0.007 0.057 0.056 0.022 0.006 0.123 0.044 0.054 0.057 0.037 0.054 
 208   (0.062) 0.062 0.066 0.077 0.010 0.015 0.064 0.021 0.022 0.035 0.075 0.067 0.004 0.216 0.066 0.063 0.068 0.066 0.016 0.075 
 220   (0.028) 0.027 0.029 0.019 0.010 0.005 0.026 0.003 0.009 0.005 0.029 0.030 0.002 0.003 0.014 0.022 0.028 0.028 0.005 0.027 
 196   (0.010) 0.009 0.010 0.006 0.002 0.001 0.008 0.001 0.003 0.001 0.009 0.009 0.001 0.001 0.004 0.006 0.008 0.009 0.002 0.008 
 238   (0.010) 0.009 0.010 0.006 0.002 0.002 0.009 0.001 0.003 0.001 0.010 0.009 0.001 0.001 0.005 0.007 0.009 0.010 0.002 0.009 
 206   (0.018) 0.017 0.017 0.034 0.024 0.003 0.015 0.002 0.006 0.002 0.017 0.016 0.001 0.003 0.041 0.012 0.016 0.016 0.004 0.013 
 190   (0.011) 0.009 0.010 0.006 0.001 0.002 0.009 0.001 0.003 0.001 0.010 0.009 0.001 0.001 0.004 0.005 0.009 0.010 0.002 0.008 
 222   (0.023) 0.021 0.021 0.013 0.216 0.004 0.021 0.003 0.007 0.003 0.021 0.020 0.001 0.007 0.010 0.039 0.031 0.021 0.024 0.018 
 232   (0.012) 0.010 0.010 0.030 0.002 0.002 0.009 0.001 0.005 0.001 0.010 0.010 0.001 0.001 0.043 0.006 0.008 0.010 0.005 0.009 

Locus 2 : 
15 alleles
2.1% missing data
 171   (0.211) 0.223 0.215 0.322 0.062 0.059 0.228 0.178 0.221 0.444 0.212 0.217 0.018 0.310 0.383 0.217 0.213 0.220 0.237 0.214 
 175   (0.096) 0.093 0.093 0.061 0.026 0.032 0.088 0.262 0.295 0.052 0.089 0.090 0.023 0.040 0.048 0.072 0.085 0.091 0.207 0.087 
 185   (0.056) 0.055 0.055 0.036 0.216 0.019 0.054 0.083 0.018 0.007 0.053 0.054 0.005 0.008 0.029 0.068 0.060 0.052 0.012 0.048 
 179   (0.074) 0.070 0.074 0.047 0.287 0.458 0.076 0.009 0.028 0.010 0.073 0.076 0.065 0.008 0.039 0.090 0.081 0.075 0.252 0.075 
 181   (0.093) 0.093 0.095 0.103 0.015 0.048 0.097 0.352 0.079 0.130 0.091 0.094 0.538 0.028 0.109 0.098 0.089 0.094 0.036 0.104 
 173   (0.191) 0.207 0.190 0.196 0.188 0.156 0.201 0.040 0.213 0.201 0.199 0.192 0.319 0.183 0.185 0.213 0.193 0.196 0.174 0.198 
 177   (0.034) 0.031 0.031 0.020 0.083 0.170 0.030 0.004 0.033 0.004 0.030 0.030 0.013 0.004 0.016 0.028 0.033 0.030 0.006 0.028 
 187   (0.091) 0.086 0.098 0.078 0.023 0.030 0.086 0.011 0.064 0.122 0.098 0.096 0.009 0.103 0.064 0.085 0.097 0.094 0.018 0.104 
 183   (0.062) 0.059 0.063 0.074 0.078 0.011 0.060 0.020 0.022 0.008 0.067 0.064 0.006 0.007 0.075 0.067 0.069 0.063 0.016 0.064 
 189   (0.031) 0.029 0.030 0.020 0.014 0.006 0.028 0.004 0.010 0.016 0.030 0.030 0.002 0.301 0.014 0.022 0.027 0.029 0.005 0.026 
 191   (0.020) 0.018 0.019 0.021 0.003 0.004 0.019 0.032 0.007 0.002 0.019 0.020 0.002 0.003 0.021 0.014 0.019 0.018 0.031 0.020 
 163   (0.010) 0.008 0.009 0.005 0.001 0.001 0.008 0.001 0.002 0.001 0.009 0.008 0.001 0.001 0.004 0.005 0.007 0.009 0.002 0.007 
 165   (0.010) 0.009 0.009 0.005 0.001 0.001 0.008 0.001 0.003 0.001 0.009 0.009 0.001 0.001 0.004 0.005 0.008 0.009 0.002 0.007 
 193   (0.011) 0.010 0.010 0.006 0.001 0.002 0.009 0.001 0.003 0.001 0.010 0.010 0.001 0.001 0.005 0.009 0.011 0.010 0.002 0.010 
 167   (0.010) 0.009 0.010 0.006 0.001 0.001 0.008 0.001 0.003 0.001 0.010 0.009 0.001 0.001 0.004 0.006 0.008 0.009 0.002 0.008 

Locus 3 : 
4 alleles
1.1% missing data
 206   (0.893) 0.904 0.897 0.901 0.982 0.890 0.907 0.977 0.949 0.985 0.898 0.901 0.985 0.679 0.904 0.925 0.904 0.898 0.900 0.904 
 208   (0.056) 0.050 0.053 0.057 0.009 0.050 0.048 0.007 0.036 0.009 0.054 0.052 0.005 0.315 0.058 0.038 0.048 0.053 0.011 0.049 
 204   (0.037) 0.033 0.035 0.030 0.006 0.056 0.032 0.014 0.011 0.005 0.035 0.034 0.009 0.004 0.030 0.024 0.031 0.034 0.087 0.031 
 212   (0.013) 0.013 0.015 0.012 0.003 0.003 0.013 0.002 0.003 0.002 0.014 0.013 0.001 0.001 0.009 0.013 0.016 0.015 0.002 0.016 

Locus 4 : 
15 alleles
1.1% missing data
 165   (0.075) 0.082 0.079 0.065 0.013 0.296 0.085 0.477 0.067 0.027 0.078 0.081 0.021 0.012 0.044 0.081 0.082 0.082 0.044 0.084 
 163   (0.196) 0.201 0.208 0.247 0.282 0.085 0.209 0.027 0.163 0.056 0.205 0.212 0.016 0.080 0.266 0.243 0.221 0.211 0.074 0.226 
 167   (0.146) 0.143 0.145 0.125 0.132 0.030 0.142 0.060 0.149 0.196 0.145 0.142 0.010 0.239 0.119 0.140 0.149 0.143 0.493 0.144 
 161   (0.368) 0.376 0.365 0.388 0.498 0.555 0.375 0.122 0.498 0.684 0.368 0.365 0.939 0.484 0.403 0.383 0.360 0.363 0.331 0.359 
 153   (0.015) 0.016 0.015 0.011 0.002 0.004 0.016 0.002 0.005 0.003 0.014 0.014 0.001 0.009 0.008 0.015 0.013 0.015 0.003 0.014 
 173   (0.030) 0.027 0.028 0.023 0.004 0.005 0.024 0.269 0.057 0.003 0.027 0.027 0.002 0.003 0.023 0.019 0.027 0.027 0.005 0.027 
 171   (0.038) 0.035 0.038 0.039 0.006 0.006 0.036 0.005 0.019 0.004 0.042 0.039 0.003 0.004 0.037 0.029 0.038 0.039 0.026 0.038 
 179   (0.011) 0.010 0.010 0.006 0.002 0.002 0.009 0.001 0.003 0.003 0.010 0.010 0.001 0.001 0.005 0.006 0.009 0.010 0.002 0.009 
 157   (0.022) 0.020 0.020 0.016 0.003 0.003 0.018 0.003 0.007 0.012 0.020 0.019 0.001 0.154 0.015 0.013 0.017 0.020 0.004 0.017 
 149   (0.011) 0.009 0.009 0.014 0.002 0.002 0.008 0.001 0.006 0.001 0.009 0.009 0.001 0.001 0.019 0.006 0.008 0.009 0.002 0.007 
 177   (0.021) 0.020 0.021 0.013 0.003 0.003 0.020 0.010 0.007 0.004 0.020 0.020 0.001 0.002 0.011 0.017 0.019 0.020 0.004 0.021 
 155   (0.017) 0.015 0.016 0.010 0.003 0.002 0.014 0.002 0.005 0.002 0.016 0.015 0.001 0.005 0.008 0.010 0.014 0.015 0.003 0.013 
 175   (0.010) 0.009 0.010 0.008 0.001 0.001 0.009 0.001 0.003 0.001 0.009 0.009 0.001 0.001 0.007 0.006 0.008 0.009 0.002 0.008 
 169   (0.022) 0.020 0.020 0.024 0.003 0.003 0.019 0.017 0.007 0.003 0.020 0.019 0.001 0.002 0.028 0.016 0.020 0.019 0.004 0.019 
 159   (0.019) 0.017 0.017 0.010 0.045 0.003 0.015 0.002 0.005 0.002 0.017 0.016 0.001 0.002 0.008 0.016 0.016 0.016 0.003 0.014 

Locus 5 : 
16 alleles
0.0% missing data
 148   (0.119) 0.116 0.117 0.108 0.050 0.052 0.114 0.287 0.030 0.200 0.121 0.117 0.349 0.098 0.101 0.104 0.115 0.116 0.028 0.119 
 160   (0.024) 0.022 0.022 0.021 0.004 0.004 0.021 0.060 0.006 0.003 0.022 0.020 0.002 0.003 0.022 0.015 0.020 0.021 0.063 0.018 
 154   (0.073) 0.071 0.073 0.047 0.219 0.162 0.069 0.025 0.047 0.009 0.071 0.074 0.015 0.018 0.043 0.086 0.080 0.070 0.050 0.073 
 150   (0.059) 0.061 0.059 0.060 0.009 0.013 0.059 0.010 0.432 0.028 0.056 0.060 0.012 0.058 0.067 0.051 0.053 0.059 0.013 0.053 
 138   (0.121) 0.124 0.118 0.114 0.247 0.182 0.124 0.148 0.047 0.048 0.124 0.118 0.016 0.023 0.098 0.124 0.126 0.119 0.299 0.117 
 166   (0.029) 0.025 0.026 0.097 0.004 0.004 0.023 0.012 0.009 0.005 0.026 0.024 0.002 0.032 0.143 0.017 0.023 0.026 0.279 0.022 
 146   (0.098) 0.092 0.096 0.092 0.022 0.211 0.090 0.163 0.032 0.024 0.098 0.094 0.340 0.029 0.091 0.074 0.090 0.094 0.076 0.095 
 164   (0.016) 0.014 0.014 0.009 0.002 0.002 0.013 0.002 0.003 0.002 0.015 0.013 0.001 0.002 0.006 0.009 0.013 0.014 0.037 0.012 
 142   (0.018) 0.015 0.015 0.009 0.013 0.002 0.013 0.002 0.229 0.002 0.015 0.013 0.006 0.002 0.007 0.013 0.015 0.015 0.003 0.012 
 144   (0.158) 0.161 0.161 0.200 0.151 0.298 0.165 0.028 0.071 0.398 0.161 0.159 0.229 0.071 0.218 0.187 0.159 0.163 0.057 0.170 
 140   (0.084) 0.082 0.087 0.061 0.216 0.018 0.084 0.019 0.020 0.247 0.088 0.085 0.007 0.193 0.048 0.111 0.099 0.086 0.017 0.092 
 158   (0.044) 0.054 0.049 0.040 0.017 0.011 0.055 0.084 0.015 0.009 0.041 0.049 0.003 0.008 0.040 0.056 0.044 0.050 0.032 0.053 
 162   (0.028) 0.025 0.028 0.019 0.004 0.004 0.024 0.134 0.017 0.005 0.028 0.026 0.002 0.003 0.013 0.020 0.027 0.028 0.005 0.027 
 152   (0.093) 0.106 0.099 0.083 0.038 0.031 0.113 0.012 0.030 0.016 0.096 0.108 0.015 0.456 0.064 0.110 0.103 0.105 0.019 0.103 
 134   (0.018) 0.015 0.017 0.026 0.002 0.003 0.016 0.002 0.007 0.002 0.020 0.019 0.001 0.002 0.029 0.012 0.017 0.017 0.003 0.015 
 156   (0.019) 0.017 0.019 0.013 0.003 0.003 0.016 0.012 0.005 0.003 0.018 0.018 0.001 0.002 0.009 0.013 0.017 0.018 0.019 0.017 

Locus 6 : 
12 alleles
0.0% missing data
 225   (0.042) 0.037 0.041 0.026 0.016 0.008 0.036 0.122 0.028 0.005 0.040 0.039 0.280 0.009 0.022 0.032 0.040 0.040 0.007 0.037 
 239   (0.102) 0.106 0.099 0.086 0.020 0.221 0.102 0.027 0.048 0.096 0.110 0.102 0.422 0.013 0.070 0.087 0.099 0.100 0.231 0.100 
 229   (0.014) 0.012 0.013 0.008 0.002 0.002 0.012 0.303 0.004 0.002 0.012 0.012 0.001 0.001 0.006 0.009 0.011 0.013 0.002 0.011 
 235   (0.302) 0.304 0.307 0.239 0.504 0.312 0.311 0.376 0.538 0.430 0.301 0.308 0.227 0.265 0.202 0.336 0.315 0.307 0.084 0.314 
 237   (0.210) 0.213 0.218 0.196 0.160 0.260 0.215 0.036 0.142 0.277 0.217 0.219 0.036 0.194 0.185 0.220 0.222 0.215 0.066 0.225 
 233   (0.104) 0.108 0.101 0.101 0.019 0.154 0.110 0.057 0.080 0.159 0.100 0.102 0.018 0.480 0.100 0.098 0.096 0.104 0.255 0.103 
 227   (0.030) 0.025 0.027 0.186 0.004 0.004 0.024 0.003 0.031 0.003 0.029 0.026 0.002 0.003 0.277 0.016 0.023 0.027 0.299 0.022 
 245   (0.068) 0.076 0.072 0.053 0.134 0.014 0.079 0.008 0.029 0.012 0.068 0.073 0.005 0.019 0.040 0.090 0.077 0.073 0.021 0.068 
 241   (0.038) 0.036 0.036 0.033 0.023 0.009 0.033 0.056 0.028 0.005 0.035 0.037 0.003 0.006 0.032 0.026 0.035 0.035 0.013 0.035 
 231   (0.050) 0.047 0.052 0.039 0.052 0.008 0.046 0.006 0.052 0.006 0.052 0.050 0.003 0.005 0.032 0.051 0.049 0.051 0.016 0.055 
 243   (0.027) 0.026 0.025 0.029 0.064 0.006 0.024 0.003 0.016 0.004 0.026 0.024 0.002 0.003 0.030 0.029 0.025 0.026 0.005 0.022 
 251   (0.011) 0.009 0.010 0.005 0.001 0.001 0.009 0.001 0.003 0.001 0.010 0.009 0.001 0.001 0.004 0.006 0.008 0.009 0.002 0.007 

Locus 7 : 
5 alleles
0.0% missing data
 118   (0.920) 0.926 0.925 0.951 0.989 0.987 0.928 0.990 0.554 0.939 0.926 0.927 0.994 0.926 0.964 0.941 0.933 0.923 0.661 0.931 
 124   (0.040) 0.039 0.037 0.025 0.006 0.008 0.038 0.005 0.010 0.056 0.037 0.037 0.003 0.069 0.019 0.033 0.034 0.039 0.332 0.035 
 116   (0.012) 0.010 0.010 0.006 0.001 0.001 0.009 0.002 0.429 0.001 0.010 0.009 0.001 0.001 0.005 0.006 0.008 0.010 0.002 0.008 
 114   (0.017) 0.016 0.017 0.012 0.003 0.003 0.015 0.002 0.004 0.002 0.016 0.016 0.001 0.002 0.008 0.014 0.016 0.018 0.003 0.017 
 122   (0.012) 0.010 0.011 0.006 0.002 0.002 0.009 0.001 0.003 0.001 0.011 0.011 0.001 0.001 0.005 0.007 0.009 0.010 0.002 0.009 

Locus 8 : 
5 alleles
0.0% missing data
 135   (0.053) 0.069 0.059 0.048 0.024 0.012 0.069 0.022 0.015 0.030 0.055 0.064 0.010 0.012 0.033 0.077 0.060 0.063 0.010 0.064 
 139   (0.759) 0.757 0.764 0.726 0.693 0.942 0.765 0.817 0.518 0.919 0.763 0.761 0.929 0.937 0.705 0.758 0.763 0.763 0.949 0.780 
 137   (0.142) 0.134 0.135 0.201 0.224 0.039 0.127 0.156 0.451 0.046 0.141 0.134 0.058 0.046 0.242 0.131 0.137 0.133 0.033 0.121 
 143   (0.032) 0.029 0.031 0.018 0.031 0.005 0.028 0.004 0.012 0.004 0.030 0.030 0.002 0.003 0.015 0.026 0.029 0.030 0.006 0.026 
 141   (0.013) 0.011 0.011 0.007 0.028 0.002 0.011 0.002 0.003 0.002 0.011 0.011 0.001 0.001 0.005 0.009 0.010 0.011 0.002 0.009 

Locus 9 : 
11 alleles
0.0% missing data
 116   (0.294) 0.326 0.302 0.250 0.303 0.195 0.329 0.425 0.186 0.266 0.305 0.314 0.353 0.518 0.201 0.341 0.309 0.307 0.105 0.320 
 112   (0.085) 0.082 0.086 0.055 0.172 0.349 0.085 0.057 0.028 0.080 0.080 0.084 0.032 0.034 0.046 0.094 0.090 0.082 0.015 0.080 
 122   (0.062) 0.057 0.056 0.138 0.012 0.276 0.052 0.007 0.157 0.008 0.056 0.054 0.430 0.009 0.193 0.041 0.049 0.056 0.296 0.050 
 114   (0.221) 0.221 0.223 0.233 0.300 0.062 0.219 0.078 0.070 0.351 0.230 0.223 0.021 0.362 0.229 0.228 0.231 0.225 0.052 0.222 
 120   (0.040) 0.035 0.036 0.023 0.019 0.022 0.034 0.005 0.011 0.155 0.036 0.034 0.003 0.004 0.018 0.026 0.032 0.036 0.217 0.031 
 130   (0.038) 0.040 0.037 0.054 0.005 0.010 0.041 0.005 0.010 0.033 0.035 0.036 0.003 0.006 0.065 0.042 0.032 0.039 0.176 0.040 
 118   (0.127) 0.119 0.131 0.093 0.146 0.025 0.125 0.406 0.047 0.077 0.129 0.131 0.019 0.037 0.076 0.125 0.133 0.127 0.113 0.135 
 124   (0.062) 0.056 0.059 0.059 0.032 0.048 0.051 0.008 0.213 0.008 0.057 0.057 0.134 0.007 0.064 0.046 0.055 0.059 0.011 0.054 
 126   (0.037) 0.033 0.035 0.072 0.006 0.006 0.033 0.006 0.268 0.018 0.039 0.035 0.003 0.008 0.092 0.024 0.033 0.035 0.009 0.031 
 108   (0.013) 0.013 0.014 0.008 0.002 0.002 0.013 0.001 0.003 0.001 0.014 0.014 0.001 0.001 0.007 0.015 0.016 0.013 0.002 0.015 
 128   (0.020) 0.018 0.020 0.014 0.004 0.003 0.018 0.002 0.006 0.002 0.020 0.019 0.002 0.014 0.010 0.018 0.019 0.020 0.004 0.021 

Locus 10 : 
4 alleles
0.0% missing data
 232   (0.897) 0.904 0.900 0.816 0.934 0.983 0.907 0.988 0.961 0.951 0.898 0.903 0.993 0.988 0.767 0.917 0.902 0.903 0.974 0.909 
 238   (0.078) 0.073 0.074 0.169 0.062 0.014 0.071 0.010 0.033 0.046 0.078 0.072 0.005 0.010 0.221 0.062 0.072 0.074 0.022 0.066 
 234   (0.014) 0.013 0.015 0.009 0.002 0.002 0.013 0.002 0.003 0.002 0.014 0.015 0.001 0.001 0.008 0.014 0.017 0.013 0.002 0.016 
 244   (0.011) 0.010 0.011 0.007 0.002 0.002 0.009 0.001 0.003 0.001 0.011 0.010 0.001 0.001 0.005 0.007 0.009 0.010 0.002 0.009 

Locus 11 : 
7 alleles
0.0% missing data
 165   (0.765) 0.779 0.769 0.832 0.918 0.799 0.785 0.920 0.528 0.772 0.773 0.774 0.774 0.927 0.860 0.810 0.785 0.775 0.932 0.784 
 167   (0.074) 0.067 0.069 0.043 0.029 0.172 0.061 0.056 0.384 0.012 0.067 0.066 0.216 0.009 0.033 0.048 0.061 0.066 0.021 0.059 
 161   (0.115) 0.114 0.120 0.100 0.018 0.021 0.115 0.019 0.076 0.211 0.118 0.120 0.008 0.060 0.087 0.112 0.115 0.118 0.040 0.121 
 155   (0.011) 0.009 0.010 0.006 0.002 0.002 0.009 0.001 0.003 0.001 0.010 0.009 0.001 0.001 0.005 0.006 0.008 0.010 0.002 0.008 
 173   (0.011) 0.010 0.011 0.006 0.002 0.002 0.010 0.001 0.003 0.001 0.010 0.010 0.001 0.001 0.005 0.009 0.011 0.010 0.002 0.010 
 163   (0.013) 0.011 0.011 0.007 0.030 0.002 0.011 0.002 0.004 0.001 0.012 0.011 0.001 0.001 0.005 0.009 0.011 0.012 0.002 0.009 
 171   (0.011) 0.010 0.010 0.006 0.002 0.002 0.009 0.001 0.003 0.001 0.010 0.009 0.001 0.001 0.004 0.006 0.009 0.010 0.002 0.008 

Locus 12 : 
8 alleles
0.0% missing data
 137   (0.520) 0.513 0.519 0.520 0.815 0.418 0.521 0.399 0.743 0.234 0.513 0.526 0.449 0.324 0.541 0.558 0.544 0.522 0.848 0.526 
 140   (0.160) 0.182 0.161 0.143 0.058 0.073 0.183 0.212 0.058 0.509 0.172 0.162 0.017 0.605 0.117 0.173 0.153 0.162 0.032 0.168 
 134   (0.245) 0.239 0.246 0.273 0.087 0.497 0.232 0.380 0.177 0.248 0.242 0.243 0.529 0.054 0.285 0.217 0.235 0.245 0.107 0.239 
 149   (0.012) 0.010 0.011 0.006 0.002 0.001 0.009 0.002 0.003 0.001 0.010 0.010 0.001 0.001 0.005 0.006 0.009 0.010 0.002 0.009 
 143   (0.016) 0.014 0.014 0.023 0.002 0.002 0.013 0.002 0.006 0.002 0.015 0.013 0.002 0.002 0.027 0.009 0.013 0.014 0.004 0.012 
 128   (0.012) 0.010 0.010 0.008 0.002 0.002 0.009 0.001 0.003 0.001 0.010 0.010 0.001 0.001 0.007 0.006 0.009 0.010 0.002 0.008 
 125   (0.019) 0.016 0.017 0.010 0.032 0.003 0.016 0.002 0.006 0.003 0.017 0.016 0.001 0.011 0.008 0.012 0.016 0.016 0.003 0.014 
 146   (0.018) 0.016 0.022 0.017 0.003 0.004 0.017 0.002 0.005 0.002 0.021 0.019 0.001 0.002 0.011 0.018 0.022 0.020 0.003 0.025 

Locus 13 : 
19 alleles
0.5% missing data
 206   (0.128) 0.121 0.123 0.096 0.151 0.036 0.118 0.423 0.109 0.178 0.125 0.122 0.045 0.267 0.082 0.103 0.119 0.120 0.215 0.118 
 210   (0.100) 0.105 0.103 0.069 0.026 0.048 0.112 0.287 0.045 0.147 0.096 0.101 0.394 0.178 0.056 0.106 0.094 0.102 0.018 0.104 
 190   (0.070) 0.072 0.072 0.053 0.107 0.016 0.070 0.008 0.034 0.009 0.070 0.072 0.005 0.079 0.038 0.081 0.080 0.072 0.028 0.074 
 202   (0.092) 0.104 0.094 0.163 0.015 0.021 0.104 0.016 0.223 0.013 0.094 0.100 0.008 0.030 0.200 0.099 0.094 0.101 0.539 0.097 
 214   (0.040) 0.036 0.037 0.025 0.006 0.135 0.034 0.005 0.013 0.020 0.040 0.037 0.249 0.059 0.019 0.029 0.035 0.038 0.007 0.035 
 212   (0.032) 0.030 0.030 0.019 0.414 0.006 0.030 0.004 0.021 0.004 0.029 0.028 0.177 0.004 0.017 0.077 0.044 0.028 0.005 0.024 
 192   (0.114) 0.124 0.123 0.093 0.037 0.029 0.126 0.042 0.051 0.274 0.120 0.122 0.008 0.088 0.072 0.137 0.122 0.123 0.059 0.134 
 204   (0.038) 0.038 0.038 0.026 0.013 0.054 0.038 0.005 0.015 0.010 0.037 0.037 0.018 0.018 0.023 0.034 0.037 0.036 0.016 0.034 
 184   (0.055) 0.053 0.053 0.034 0.098 0.010 0.055 0.093 0.016 0.022 0.053 0.055 0.004 0.016 0.029 0.045 0.057 0.052 0.009 0.053 
 216   (0.021) 0.025 0.019 0.020 0.003 0.010 0.024 0.002 0.006 0.275 0.025 0.020 0.001 0.012 0.014 0.020 0.018 0.019 0.003 0.021 
 208   (0.046) 0.049 0.045 0.033 0.045 0.010 0.049 0.005 0.014 0.017 0.043 0.045 0.014 0.204 0.026 0.054 0.042 0.048 0.010 0.046 
 198   (0.038) 0.037 0.044 0.032 0.007 0.006 0.039 0.004 0.011 0.005 0.043 0.043 0.002 0.004 0.023 0.044 0.045 0.043 0.018 0.054 
 194   (0.066) 0.060 0.062 0.115 0.014 0.547 0.057 0.029 0.341 0.008 0.062 0.062 0.038 0.019 0.142 0.045 0.059 0.061 0.019 0.057 
 186   (0.017) 0.015 0.015 0.010 0.003 0.044 0.014 0.003 0.009 0.002 0.015 0.014 0.014 0.002 0.008 0.009 0.014 0.015 0.003 0.013 
 188   (0.020) 0.018 0.019 0.022 0.003 0.003 0.016 0.002 0.006 0.004 0.019 0.019 0.001 0.004 0.023 0.012 0.017 0.018 0.003 0.016 
 200   (0.062) 0.057 0.063 0.151 0.031 0.014 0.057 0.063 0.063 0.007 0.064 0.063 0.015 0.010 0.199 0.050 0.061 0.061 0.034 0.057 
 196   (0.037) 0.034 0.039 0.027 0.023 0.006 0.035 0.005 0.018 0.004 0.040 0.038 0.002 0.004 0.019 0.033 0.038 0.038 0.006 0.043 
 220   (0.011) 0.010 0.009 0.006 0.002 0.001 0.009 0.001 0.003 0.001 0.010 0.009 0.001 0.001 0.005 0.006 0.008 0.010 0.004 0.008 
 180   (0.013) 0.013 0.014 0.008 0.002 0.002 0.013 0.001 0.003 0.001 0.014 0.015 0.001 0.001 0.008 0.015 0.017 0.013 0.002 0.016 

Locus 14 : 
8 alleles
1.1% missing data
 139   (0.072) 0.069 0.068 0.057 0.011 0.154 0.068 0.092 0.115 0.257 0.065 0.065 0.186 0.010 0.059 0.061 0.059 0.067 0.039 0.063 
 145   (0.064) 0.061 0.062 0.047 0.170 0.013 0.061 0.139 0.025 0.022 0.060 0.064 0.008 0.010 0.045 0.059 0.065 0.060 0.012 0.057 
 151   (0.302) 0.306 0.303 0.289 0.387 0.531 0.310 0.471 0.181 0.168 0.292 0.297 0.348 0.681 0.292 0.320 0.305 0.303 0.356 0.297 
 157   (0.361) 0.380 0.370 0.373 0.282 0.186 0.385 0.215 0.473 0.486 0.390 0.383 0.144 0.260 0.332 0.397 0.383 0.382 0.474 0.405 
 154   (0.101) 0.095 0.102 0.066 0.114 0.100 0.090 0.014 0.119 0.055 0.099 0.099 0.308 0.027 0.055 0.098 0.102 0.096 0.018 0.095 
 163   (0.041) 0.037 0.039 0.025 0.006 0.007 0.035 0.060 0.051 0.005 0.040 0.038 0.003 0.005 0.019 0.026 0.036 0.038 0.090 0.036 
 160   (0.030) 0.026 0.028 0.121 0.004 0.004 0.024 0.004 0.012 0.003 0.027 0.027 0.002 0.003 0.178 0.016 0.024 0.027 0.005 0.022 
 142   (0.029) 0.026 0.028 0.022 0.026 0.005 0.026 0.004 0.025 0.004 0.027 0.028 0.002 0.004 0.020 0.023 0.026 0.027 0.006 0.024 

Locus 15 : 
13 alleles
1.6% missing data
 256   (0.148) 0.138 0.140 0.141 0.127 0.123 0.131 0.163 0.222 0.154 0.144 0.135 0.070 0.175 0.141 0.116 0.132 0.136 0.122 0.128 
 262   (0.021) 0.018 0.019 0.012 0.003 0.003 0.016 0.279 0.177 0.002 0.018 0.018 0.001 0.002 0.010 0.012 0.016 0.018 0.003 0.015 
 246   (0.117) 0.129 0.123 0.130 0.034 0.032 0.129 0.181 0.098 0.122 0.132 0.124 0.008 0.086 0.113 0.136 0.127 0.127 0.024 0.134 
 258   (0.189) 0.216 0.198 0.186 0.160 0.042 0.226 0.025 0.196 0.299 0.186 0.202 0.014 0.234 0.184 0.242 0.199 0.204 0.541 0.209 
 254   (0.103) 0.097 0.100 0.086 0.070 0.314 0.096 0.013 0.069 0.027 0.105 0.104 0.167 0.168 0.075 0.085 0.101 0.101 0.184 0.096 
 250   (0.032) 0.029 0.029 0.019 0.017 0.077 0.027 0.004 0.017 0.003 0.029 0.028 0.627 0.003 0.015 0.021 0.029 0.029 0.008 0.024 
 242   (0.101) 0.093 0.106 0.090 0.186 0.143 0.099 0.187 0.062 0.012 0.105 0.107 0.076 0.011 0.077 0.110 0.116 0.107 0.021 0.116 
 252   (0.065) 0.066 0.066 0.045 0.034 0.042 0.067 0.106 0.045 0.028 0.062 0.069 0.008 0.026 0.039 0.062 0.067 0.064 0.013 0.068 
 248   (0.127) 0.125 0.125 0.226 0.307 0.210 0.123 0.022 0.083 0.333 0.123 0.122 0.021 0.037 0.289 0.141 0.127 0.122 0.068 0.123 
 260   (0.042) 0.041 0.041 0.033 0.006 0.007 0.040 0.005 0.013 0.014 0.043 0.042 0.003 0.252 0.028 0.032 0.038 0.041 0.007 0.040 
 264   (0.015) 0.013 0.016 0.011 0.002 0.002 0.013 0.002 0.004 0.002 0.016 0.015 0.001 0.001 0.007 0.013 0.015 0.015 0.002 0.018 
 244   (0.028) 0.025 0.026 0.017 0.051 0.005 0.024 0.013 0.012 0.003 0.025 0.025 0.002 0.003 0.017 0.025 0.027 0.025 0.005 0.022 
 276   (0.011) 0.009 0.010 0.006 0.002 0.001 0.009 0.001 0.003 0.001 0.010 0.009 0.001 0.001 0.004 0.006 0.008 0.010 0.002 0.008 

Values of parameters used in structure:
DATAFILE=G:\Shared drives\Emily_Schumacher\QUAC_analyses\QUAC_structure_wild_relate\QUAC_allpop_relate_red_12_15_21\project_data,	OUTFILE=G:\Shared drives\Emily_Schumacher\QUAC_analyses\QUAC_structure_wild_relate\QUAC_allpop_relate_red_12_15_21\50-100\Results\50-100_run_92,	NUMINDS=188,	NUMLOCI=15,	MISSING=-9,	LABEL=1,	POPDATA=1,	POPFLAG=0,	PHENOTYPE=0,	EXTRACOLS=0,	MAXPOPS=19,	BURNIN=50000,	NUMREPS=100000,	USEPOPINFO=0,	INFERALPHA=1,	INFERLAMBDA=0,	POPSPECIFICLAMBDA=0,	POPALPHAS=0,	COMPUTEPROB=1,	NOADMIX=0,	ADMBURNIN=2500,	UPDATEFREQ=1,	PRINTLIKES=0,	INTERMEDSAVE=0,	PRINTKLD=0,	PRINTNET=0,	PRINTLAMBDA=0,	ANCESTDIST=0,	NUMBOXES=1000,	ANCESTPINT=0.90000,	GENSBACK=2,	MIGRPRIOR=0.05000,	PRINTQHAT=0,	PRINTQSUM=0,	ALPHA=1.0000,	FREQSCORR=1,	FPRIORMEAN=0.0100,	FPRIORSD=0.0500,	ONEFST=0,	LAMBDA=1.0000,	UNIFPRIORALPHA=1,	ALPHAMAX=10.0000,	ALPHAPRIORA=1.0000,	ALPHAPRIORB=2.0000,	ALPHAPROPSD=0.0250,	STARTATPOPINFO=0,	RANDOMIZE=1,	LINKAGE=0,	METROFREQ=10,	REPORTHITRATE=0,	MARKOVPHASE=-1,	PHASED=0,	PLOIDY=2,	PHASEINFO=0	LOCPRIOR=0, 	LOCPRIORINIT=1.000000, 	LOCDATA=0, 	LOCISPOP=0, 	LOCPRIORSTEP=0.100000, 	MAXLOCPRIOR=20.000000, 	SEED=1639615070,	
[STRAT parameters]:    NUMSIMSTATS=1000,	PHENOTYPECOL=-9,	POOLFREQ=10,	LOCUSxONLY=0,	EMERROR=0.00100,	MISSINGPHENO=-9,	