

----------------------------------------------------
STRUCTURE by Pritchard, Stephens and Donnelly (2000)
     and Falush, Stephens and Pritchard (2003)
       Code by Pritchard, Falush and Hubisz
             Version 2.3.4 (Jul 2012)
----------------------------------------------------



Command line arguments:   bin\structure -m G:\Shared drives\Emily_Schumacher\QUAC_analyses\QUAC_structure_wild_relate\QUAC_allpop_relate_red_12_15_21\50-100\mainparams -e G:\Shared drives\Emily_Schumacher\QUAC_analyses\QUAC_structure_wild_relate\QUAC_allpop_relate_red_12_15_21\50-100\extraparams 
Input File:    G:\Shared drives\Emily_Schumacher\QUAC_analyses\QUAC_structure_wild_relate\QUAC_allpop_relate_red_12_15_21\project_data

Run parameters:
   188 individuals
   15 loci
   20 populations assumed
   50000 Burn-in period
   100000 Reps


--------------------------------------------
Proportion of membership of each pre-defined
 population in each of the 20 clusters

Given    Inferred Clusters                                                                                                                              Number of
 Pop       1      2      3      4      5      6      7      8      9     10     11     12     13     14     15     16     17     18     19     20      Individuals

  1:     0.015  0.008  0.004  0.007  0.010  0.008  0.004  0.007  0.015  0.009  0.007  0.006  0.007  0.251  0.009  0.008  0.007  0.009  0.009  0.604        2
  2:     0.261  0.023  0.018  0.024  0.028  0.025  0.008  0.019  0.101  0.026  0.032  0.179  0.031  0.029  0.028  0.021  0.068  0.026  0.025  0.028       17
  3:     0.146  0.032  0.026  0.023  0.039  0.030  0.082  0.024  0.194  0.035  0.027  0.013  0.023  0.040  0.037  0.026  0.089  0.037  0.034  0.044       19
  4:     0.009  0.042  0.061  0.029  0.046  0.038  0.014  0.029  0.312  0.042  0.033  0.011  0.027  0.066  0.044  0.031  0.010  0.042  0.037  0.077       10
  5:     0.548  0.013  0.025  0.011  0.013  0.014  0.006  0.010  0.013  0.014  0.012  0.004  0.012  0.013  0.013  0.011  0.231  0.012  0.014  0.010        2
  6:     0.008  0.028  0.006  0.018  0.029  0.025  0.103  0.020  0.410  0.027  0.022  0.129  0.023  0.019  0.024  0.022  0.015  0.028  0.030  0.014        2
  7:     0.132  0.052  0.007  0.027  0.047  0.063  0.019  0.029  0.005  0.048  0.065  0.010  0.080  0.033  0.038  0.033  0.199  0.047  0.046  0.019        1
  8:     0.834  0.007  0.008  0.008  0.007  0.008  0.005  0.008  0.008  0.007  0.009  0.005  0.009  0.007  0.007  0.008  0.033  0.007  0.007  0.007        1
  9:     0.004  0.089  0.005  0.053  0.075  0.073  0.011  0.072  0.007  0.071  0.049  0.005  0.048  0.054  0.079  0.078  0.043  0.071  0.086  0.026        1
 10:     0.013  0.054  0.011  0.023  0.044  0.048  0.345  0.035  0.007  0.040  0.021  0.122  0.030  0.031  0.035  0.028  0.008  0.044  0.044  0.018        6
 11:     0.040  0.046  0.035  0.029  0.045  0.041  0.126  0.032  0.097  0.043  0.033  0.075  0.033  0.033  0.039  0.031  0.106  0.048  0.047  0.020       16
 12:     0.019  0.049  0.016  0.136  0.045  0.038  0.008  0.202  0.012  0.044  0.023  0.003  0.025  0.033  0.069  0.157  0.006  0.047  0.042  0.024        1
 13:     0.013  0.031  0.372  0.026  0.040  0.030  0.016  0.025  0.143  0.036  0.030  0.011  0.023  0.030  0.037  0.028  0.013  0.036  0.035  0.024       33
 14:     0.070  0.019  0.009  0.016  0.019  0.031  0.146  0.016  0.015  0.018  0.057  0.081  0.066  0.015  0.019  0.016  0.337  0.019  0.018  0.012       21
 15:     0.009  0.018  0.012  0.014  0.018  0.021  0.010  0.014  0.017  0.019  0.029  0.022  0.030  0.249  0.018  0.015  0.012  0.018  0.018  0.437       14
 16:     0.011  0.024  0.014  0.229  0.024  0.024  0.010  0.251  0.015  0.026  0.031  0.008  0.020  0.021  0.056  0.151  0.017  0.025  0.026  0.015       35
 17:     0.011  0.083  0.009  0.046  0.076  0.080  0.009  0.050  0.015  0.082  0.062  0.006  0.051  0.058  0.085  0.059  0.009  0.082  0.096  0.029        7
--------------------------------------------

Allele-freq. divergence among pops (Net nucleotide distance),
computed using point estimates of P.

      1       2       3       4       5       6       7       8       9      10      11      12      13      14      15      16      17      18      19      20      
 1      -    0.0826  0.1384  0.0931  0.0820  0.0839  0.1210  0.0948  0.1081  0.0840  0.0912  0.1493  0.0968  0.0849  0.0842  0.0909  0.0955  0.0831  0.0839  0.0973  
 2   0.0826     -    0.0504  0.0072  0.0004  0.0006  0.0341  0.0062  0.0360  0.0002  0.0063  0.0576  0.0110  0.0063  0.0006  0.0038  0.0549  0.0002  0.0001  0.0227  
 3   0.1384  0.0504     -    0.0625  0.0467  0.0541  0.1006  0.0625  0.0638  0.0486  0.0651  0.1104  0.0739  0.0574  0.0497  0.0575  0.1146  0.0487  0.0501  0.0733  
 4   0.0931  0.0072  0.0625     -    0.0082  0.0082  0.0444  0.0007  0.0464  0.0075  0.0132  0.0659  0.0195  0.0141  0.0055  0.0012  0.0581  0.0076  0.0077  0.0322  
 5   0.0820  0.0004  0.0467  0.0082     -    0.0012  0.0354  0.0073  0.0326  0.0002  0.0070  0.0587  0.0123  0.0069  0.0004  0.0045  0.0572  0.0001  0.0003  0.0234  
 6   0.0839  0.0006  0.0541  0.0082  0.0012     -    0.0334  0.0070  0.0382  0.0010  0.0030  0.0574  0.0064  0.0074  0.0015  0.0047  0.0548  0.0010  0.0009  0.0242  
 7   0.1210  0.0341  0.1006  0.0444  0.0354  0.0334     -    0.0412  0.0747  0.0355  0.0381  0.0748  0.0393  0.0460  0.0365  0.0395  0.0849  0.0348  0.0350  0.0670  
 8   0.0948  0.0062  0.0625  0.0007  0.0073  0.0070  0.0412     -    0.0489  0.0066  0.0121  0.0645  0.0175  0.0136  0.0049  0.0005  0.0606  0.0068  0.0067  0.0317  
 9   0.1081  0.0360  0.0638  0.0464  0.0326  0.0382  0.0747  0.0489     -    0.0344  0.0451  0.1070  0.0534  0.0445  0.0350  0.0441  0.1003  0.0338  0.0350  0.0627  
10   0.0840  0.0002  0.0486  0.0075  0.0002  0.0010  0.0355  0.0066  0.0344     -    0.0066  0.0585  0.0119  0.0068  0.0003  0.0040  0.0574  0.0000  0.0001  0.0235  
11   0.0912  0.0063  0.0651  0.0132  0.0070  0.0030  0.0381  0.0121  0.0451  0.0066     -    0.0615  0.0011  0.0140  0.0070  0.0099  0.0604  0.0066  0.0066  0.0321  
12   0.1493  0.0576  0.1104  0.0659  0.0587  0.0574  0.0748  0.0645  0.1070  0.0585  0.0615     -    0.0642  0.0674  0.0594  0.0622  0.1093  0.0584  0.0589  0.0868  
13   0.0968  0.0110  0.0739  0.0195  0.0123  0.0064  0.0393  0.0175  0.0534  0.0119  0.0011  0.0642     -    0.0192  0.0127  0.0156  0.0645  0.0119  0.0118  0.0375  
14   0.0849  0.0063  0.0574  0.0141  0.0069  0.0074  0.0460  0.0136  0.0445  0.0068  0.0140  0.0674  0.0192     -    0.0073  0.0112  0.0605  0.0069  0.0068  0.0058  
15   0.0842  0.0006  0.0497  0.0055  0.0004  0.0015  0.0365  0.0049  0.0350  0.0003  0.0070  0.0594  0.0127  0.0073     -    0.0026  0.0571  0.0003  0.0004  0.0244  
16   0.0909  0.0038  0.0575  0.0012  0.0045  0.0047  0.0395  0.0005  0.0441  0.0040  0.0099  0.0622  0.0156  0.0112  0.0026     -    0.0593  0.0041  0.0041  0.0291  
17   0.0955  0.0549  0.1146  0.0581  0.0572  0.0548  0.0849  0.0606  0.1003  0.0574  0.0604  0.1093  0.0645  0.0605  0.0571  0.0593     -    0.0569  0.0566  0.0751  
18   0.0831  0.0002  0.0487  0.0076  0.0001  0.0010  0.0348  0.0068  0.0338  0.0000  0.0066  0.0584  0.0119  0.0069  0.0003  0.0041  0.0569     -    0.0001  0.0238  
19   0.0839  0.0001  0.0501  0.0077  0.0003  0.0009  0.0350  0.0067  0.0350  0.0001  0.0066  0.0589  0.0118  0.0068  0.0004  0.0041  0.0566  0.0001     -    0.0236  
20   0.0973  0.0227  0.0733  0.0322  0.0234  0.0242  0.0670  0.0317  0.0627  0.0235  0.0321  0.0868  0.0375  0.0058  0.0244  0.0291  0.0751  0.0238  0.0236     -    

Average distances (expected heterozygosity) between individuals in same cluster:
cluster  1  : 0.4247 
cluster  2  : 0.6405 
cluster  3  : 0.5058 
cluster  4  : 0.5907 
cluster  5  : 0.6317 
cluster  6  : 0.6456 
cluster  7  : 0.5959 
cluster  8  : 0.6032 
cluster  9  : 0.5107 
cluster 10  : 0.6318 
cluster 11  : 0.6357 
cluster 12  : 0.5135 
cluster 13  : 0.6452 
cluster 14  : 0.6154 
cluster 15  : 0.6230 
cluster 16  : 0.6061 
cluster 17  : 0.5038 
cluster 18  : 0.6322 
cluster 19  : 0.6356 
cluster 20  : 0.5780 

--------------------------------------------
Estimated Ln Prob of Data   = -9331.4
Mean value of ln likelihood = -7024.2
Variance of ln likelihood   = 4614.4
Mean value of alpha         = 0.0397

Mean value of Fst_1         = 0.4120
Mean value of Fst_2         = 0.0003
Mean value of Fst_3         = 0.2428
Mean value of Fst_4         = 0.1183
Mean value of Fst_5         = 0.0391
Mean value of Fst_6         = 0.0357
Mean value of Fst_7         = 0.1718
Mean value of Fst_8         = 0.0960
Mean value of Fst_9         = 0.2220
Mean value of Fst_10         = 0.0469
Mean value of Fst_11         = 0.1736
Mean value of Fst_12         = 0.2790
Mean value of Fst_13         = 0.1515
Mean value of Fst_14         = 0.0998
Mean value of Fst_15         = 0.0707
Mean value of Fst_16         = 0.1107
Mean value of Fst_17         = 0.2655
Mean value of Fst_18         = 0.0467
Mean value of Fst_19         = 0.0384
Mean value of Fst_20         = 0.1769


Inferred ancestry of individuals:
        Label (%Miss) Pop:  Inferred clusters
  1 QAc-G-0029    (0)    1 :  0.026 0.011 0.005 0.008 0.014 0.011 0.004 0.008 0.026 0.012 0.010 0.006 0.009 0.234 0.012 0.009 0.006 0.013 0.012 0.564 
  2 QAc-G-0030    (0)    1 :  0.004 0.005 0.004 0.006 0.005 0.005 0.003 0.006 0.003 0.005 0.004 0.005 0.004 0.268 0.005 0.006 0.008 0.005 0.006 0.643 
  3 QAc-G-0062    (0)    2 :  0.036 0.022 0.005 0.026 0.021 0.030 0.009 0.030 0.005 0.021 0.036 0.371 0.040 0.015 0.022 0.026 0.231 0.018 0.024 0.011 
  4 QAc-G-0063    (0)    2 :  0.579 0.025 0.016 0.025 0.026 0.026 0.008 0.019 0.022 0.028 0.023 0.009 0.022 0.020 0.026 0.020 0.037 0.025 0.030 0.011 
  5 QAc-G-0064    (0)    2 :  0.007 0.006 0.005 0.008 0.007 0.006 0.006 0.007 0.006 0.006 0.006 0.855 0.006 0.007 0.007 0.006 0.030 0.007 0.006 0.005 
  6 QAc-G-0065    (0)    2 :  0.003 0.005 0.005 0.004 0.006 0.005 0.009 0.004 0.004 0.005 0.005 0.909 0.004 0.005 0.005 0.004 0.003 0.005 0.005 0.006 
  7 QAc-G-0066    (0)    2 :  0.925 0.004 0.004 0.004 0.004 0.004 0.003 0.004 0.005 0.004 0.004 0.003 0.004 0.004 0.004 0.004 0.006 0.004 0.004 0.005 
  8 QAc-G-0067    (0)    2 :  0.005 0.016 0.008 0.011 0.014 0.013 0.011 0.010 0.012 0.016 0.010 0.775 0.011 0.016 0.014 0.011 0.004 0.015 0.014 0.014 
  9 QAc-G-0068    (0)    2 :  0.427 0.005 0.004 0.006 0.005 0.057 0.027 0.006 0.003 0.004 0.181 0.006 0.232 0.005 0.005 0.007 0.006 0.004 0.004 0.005 
 10 QAc-G-0070    (0)    2 :  0.467 0.025 0.006 0.065 0.021 0.023 0.005 0.045 0.009 0.026 0.025 0.019 0.019 0.020 0.026 0.038 0.103 0.023 0.019 0.015 
 11 QAc-G-0071   (13)    2 :  0.858 0.005 0.003 0.006 0.006 0.006 0.005 0.005 0.009 0.005 0.006 0.003 0.005 0.007 0.006 0.006 0.040 0.006 0.005 0.007 
 12 QAc-G-0072    (0)    2 :  0.904 0.005 0.004 0.006 0.006 0.005 0.004 0.005 0.005 0.005 0.006 0.004 0.006 0.005 0.005 0.005 0.004 0.005 0.005 0.005 
 13 QAc-G-0073    (0)    2 :  0.004 0.018 0.015 0.032 0.040 0.016 0.004 0.019 0.582 0.041 0.039 0.004 0.015 0.019 0.040 0.025 0.004 0.042 0.029 0.013 
 14 QAc-G-0074    (0)    2 :  0.164 0.037 0.017 0.032 0.037 0.034 0.006 0.023 0.341 0.037 0.027 0.005 0.019 0.026 0.043 0.029 0.035 0.038 0.039 0.011 
 15 QAc-G-0075    (0)    2 :  0.010 0.024 0.028 0.016 0.026 0.022 0.007 0.018 0.632 0.027 0.018 0.010 0.016 0.021 0.026 0.019 0.011 0.026 0.025 0.018 
 16 QAc-G-0076    (0)    2 :  0.009 0.050 0.082 0.054 0.117 0.047 0.005 0.031 0.046 0.077 0.054 0.026 0.026 0.047 0.108 0.049 0.005 0.081 0.067 0.017 
 17 QAc-G-0080    (0)    2 :  0.009 0.048 0.004 0.022 0.044 0.040 0.007 0.027 0.012 0.034 0.030 0.022 0.024 0.222 0.033 0.025 0.017 0.047 0.046 0.286 
 18 QAc-G-0081    (0)    2 :  0.005 0.084 0.011 0.075 0.079 0.074 0.007 0.061 0.004 0.079 0.061 0.006 0.063 0.040 0.080 0.063 0.010 0.080 0.092 0.025 
 19 QAc-G-0083    (0)    2 :  0.032 0.016 0.087 0.016 0.026 0.015 0.005 0.013 0.018 0.018 0.017 0.011 0.011 0.016 0.021 0.018 0.612 0.016 0.015 0.015 
 20 QAc-G-0285    (0)    3 :  0.074 0.007 0.005 0.006 0.007 0.007 0.010 0.007 0.004 0.007 0.007 0.004 0.007 0.008 0.007 0.007 0.803 0.007 0.006 0.009 
 21 QAc-G-0287    (0)    3 :  0.938 0.003 0.003 0.003 0.003 0.003 0.003 0.003 0.005 0.003 0.003 0.003 0.003 0.003 0.003 0.003 0.004 0.003 0.003 0.003 
 22 QAc-G-0288    (6)    3 :  0.859 0.007 0.007 0.008 0.007 0.008 0.006 0.008 0.006 0.008 0.007 0.005 0.007 0.010 0.007 0.008 0.005 0.006 0.006 0.014 
 23 QAc-G-0292    (0)    3 :  0.172 0.012 0.005 0.012 0.010 0.012 0.007 0.011 0.005 0.012 0.015 0.006 0.011 0.008 0.011 0.013 0.646 0.011 0.011 0.009 
 24 QAc-G-0294    (0)    3 :  0.005 0.048 0.040 0.060 0.078 0.047 0.010 0.044 0.035 0.091 0.074 0.018 0.047 0.049 0.100 0.065 0.004 0.088 0.071 0.025 
 25 QAc-G-0295    (0)    3 :  0.017 0.021 0.031 0.028 0.084 0.021 0.006 0.016 0.402 0.036 0.051 0.016 0.020 0.033 0.059 0.036 0.021 0.048 0.031 0.024 
 26 QAc-G-0296    (0)    3 :  0.008 0.026 0.053 0.024 0.050 0.025 0.006 0.023 0.427 0.040 0.034 0.042 0.017 0.029 0.060 0.025 0.013 0.050 0.036 0.012 
 27 QAc-G-0297    (0)    3 :  0.003 0.079 0.030 0.034 0.079 0.064 0.015 0.041 0.195 0.062 0.031 0.003 0.038 0.048 0.060 0.042 0.004 0.076 0.072 0.025 
 28 QAc-G-0298    (6)    3 :  0.004 0.014 0.010 0.012 0.020 0.014 0.005 0.011 0.735 0.017 0.017 0.007 0.011 0.016 0.023 0.014 0.017 0.020 0.016 0.017 
 29 QAc-G-0299    (0)    3 :  0.010 0.011 0.122 0.010 0.018 0.010 0.008 0.008 0.688 0.014 0.010 0.005 0.011 0.009 0.018 0.009 0.005 0.015 0.012 0.007 
 30 QAc-G-0300    (0)    3 :  0.005 0.032 0.088 0.035 0.055 0.030 0.011 0.033 0.312 0.055 0.040 0.036 0.021 0.029 0.059 0.038 0.004 0.056 0.047 0.014 
 31 QAc-G-0301    (0)    3 :  0.011 0.012 0.018 0.008 0.010 0.009 0.005 0.008 0.787 0.010 0.008 0.037 0.008 0.010 0.009 0.009 0.010 0.012 0.011 0.008 
 32 QAc-G-0302    (0)    3 :  0.005 0.019 0.025 0.011 0.016 0.020 0.716 0.012 0.011 0.017 0.020 0.004 0.020 0.013 0.018 0.014 0.006 0.022 0.022 0.009 
 33 QAc-G-0303    (0)    3 :  0.005 0.021 0.004 0.023 0.017 0.021 0.706 0.021 0.004 0.016 0.020 0.009 0.026 0.013 0.015 0.019 0.015 0.018 0.016 0.009 
 34 QAc-G-0305    (0)    3 :  0.628 0.021 0.004 0.019 0.017 0.021 0.023 0.014 0.006 0.018 0.025 0.006 0.025 0.021 0.018 0.014 0.068 0.018 0.017 0.017 
 35 QAc-G-0307    (0)    3 :  0.004 0.012 0.005 0.014 0.011 0.011 0.006 0.014 0.007 0.010 0.010 0.006 0.009 0.303 0.010 0.013 0.010 0.010 0.011 0.526 
 36 QAc-G-0313    (0)    3 :  0.009 0.107 0.007 0.037 0.099 0.077 0.005 0.061 0.007 0.083 0.032 0.015 0.045 0.053 0.071 0.053 0.045 0.076 0.086 0.032 
 37 QAc-G-0314    (0)    3 :  0.004 0.084 0.022 0.043 0.088 0.079 0.010 0.057 0.038 0.083 0.043 0.009 0.052 0.049 0.066 0.059 0.003 0.088 0.094 0.029 
 38 QAc-G-0316    (0)    3 :  0.009 0.076 0.012 0.058 0.081 0.083 0.006 0.057 0.007 0.082 0.065 0.012 0.055 0.055 0.086 0.052 0.006 0.075 0.082 0.041 
 39 QAc-G-0033    (0)    4 :  0.006 0.008 0.157 0.009 0.027 0.007 0.006 0.008 0.656 0.018 0.011 0.012 0.007 0.009 0.014 0.009 0.004 0.013 0.010 0.008 
 40 QAc-G-0034    (0)    4 :  0.004 0.012 0.010 0.013 0.010 0.010 0.009 0.011 0.803 0.010 0.009 0.007 0.007 0.015 0.010 0.012 0.004 0.011 0.009 0.024 
 41 QAc-G-0035    (0)    4 :  0.014 0.035 0.336 0.038 0.050 0.035 0.009 0.032 0.021 0.057 0.051 0.024 0.029 0.036 0.065 0.033 0.013 0.058 0.047 0.018 
 42 QAc-G-0036    (0)    4 :  0.013 0.012 0.008 0.010 0.012 0.012 0.004 0.009 0.810 0.011 0.009 0.013 0.009 0.009 0.012 0.011 0.008 0.013 0.011 0.007 
 43 QAc-G-0039    (0)    4 :  0.009 0.054 0.025 0.058 0.077 0.050 0.010 0.050 0.022 0.090 0.085 0.009 0.047 0.054 0.097 0.071 0.004 0.074 0.071 0.042 
 44 QAc-G-0040    (0)    4 :  0.015 0.057 0.034 0.064 0.089 0.054 0.013 0.058 0.041 0.066 0.061 0.008 0.033 0.054 0.082 0.070 0.040 0.070 0.065 0.024 
 45 QAc-G-0045    (0)    4 :  0.010 0.007 0.025 0.021 0.016 0.008 0.005 0.007 0.747 0.015 0.021 0.007 0.007 0.011 0.026 0.008 0.004 0.028 0.016 0.011 
 46 QAc-G-0050    (0)    4 :  0.012 0.092 0.004 0.031 0.080 0.079 0.057 0.047 0.004 0.066 0.046 0.006 0.076 0.084 0.059 0.037 0.014 0.070 0.060 0.077 
 47 QAc-G-0052    (0)    4 :  0.004 0.015 0.005 0.011 0.013 0.013 0.005 0.009 0.006 0.014 0.010 0.019 0.012 0.308 0.011 0.013 0.004 0.013 0.013 0.501 
 48 QAc-G-0056    (0)    4 :  0.007 0.123 0.006 0.037 0.089 0.108 0.017 0.062 0.007 0.076 0.025 0.008 0.048 0.079 0.060 0.045 0.006 0.071 0.071 0.055 
 49 QAc-G-0276    (0)    5 :  0.354 0.012 0.020 0.010 0.011 0.011 0.005 0.010 0.014 0.013 0.013 0.003 0.010 0.013 0.012 0.010 0.447 0.012 0.012 0.008 
 50 QAc-G-0280    (6)    5 :  0.742 0.015 0.031 0.011 0.015 0.017 0.007 0.011 0.012 0.015 0.012 0.006 0.015 0.013 0.013 0.011 0.015 0.013 0.015 0.011 
 51 QAc-G-0018    (0)    6 :  0.007 0.010 0.008 0.009 0.011 0.012 0.014 0.008 0.807 0.012 0.015 0.006 0.015 0.010 0.010 0.009 0.004 0.012 0.010 0.011 
 52 QAc-G-0017    (0)    6 :  0.010 0.045 0.004 0.027 0.047 0.038 0.193 0.032 0.013 0.043 0.030 0.252 0.032 0.027 0.038 0.036 0.026 0.044 0.049 0.017 
 53 QAc-G-0250    (0)    7 :  0.132 0.052 0.007 0.027 0.047 0.063 0.019 0.029 0.005 0.048 0.065 0.010 0.080 0.033 0.038 0.033 0.199 0.047 0.046 0.019 
 54 QAc-G-0003    (6)    8 :  0.834 0.007 0.008 0.008 0.007 0.008 0.005 0.008 0.008 0.007 0.009 0.005 0.009 0.007 0.007 0.008 0.033 0.007 0.007 0.007 
 55 QAc-G-0283    (0)    9 :  0.004 0.089 0.005 0.053 0.075 0.073 0.011 0.072 0.007 0.071 0.049 0.005 0.048 0.054 0.079 0.078 0.043 0.071 0.086 0.026 
 56 QAc-G-0255    (0)   10 :  0.004 0.027 0.031 0.026 0.035 0.029 0.488 0.028 0.009 0.039 0.038 0.008 0.032 0.022 0.030 0.027 0.006 0.054 0.052 0.014 
 57 QAc-G-0256    (0)   10 :  0.018 0.007 0.009 0.006 0.008 0.007 0.838 0.006 0.009 0.007 0.007 0.016 0.007 0.007 0.008 0.006 0.012 0.008 0.007 0.006 
 58 QAc-G-0257    (0)   10 :  0.004 0.020 0.003 0.018 0.021 0.019 0.668 0.019 0.006 0.018 0.013 0.061 0.017 0.017 0.019 0.017 0.006 0.021 0.018 0.013 
 59 QAc-G-0259    (0)   10 :  0.003 0.142 0.008 0.033 0.094 0.110 0.014 0.073 0.003 0.076 0.018 0.003 0.053 0.065 0.067 0.050 0.003 0.081 0.076 0.027 
 60 QAc-G-0260    (0)   10 :  0.043 0.082 0.010 0.032 0.072 0.081 0.052 0.055 0.008 0.061 0.021 0.129 0.044 0.048 0.053 0.044 0.014 0.059 0.067 0.029 
 61 QAc-G-0261    (0)   10 :  0.005 0.044 0.004 0.022 0.032 0.043 0.012 0.026 0.010 0.039 0.026 0.514 0.027 0.030 0.035 0.022 0.006 0.041 0.043 0.018 
 62 QAc-G-0109    (0)   11 :  0.005 0.057 0.004 0.037 0.054 0.050 0.334 0.038 0.016 0.049 0.022 0.041 0.031 0.040 0.051 0.036 0.009 0.048 0.053 0.024 
 63 QAc-G-0113    (0)   11 :  0.010 0.026 0.005 0.012 0.024 0.035 0.534 0.015 0.014 0.020 0.047 0.021 0.063 0.024 0.018 0.016 0.045 0.027 0.024 0.020 
 64 QAc-G-0114    (0)   11 :  0.011 0.033 0.090 0.017 0.037 0.033 0.516 0.020 0.019 0.028 0.015 0.004 0.024 0.026 0.026 0.020 0.007 0.031 0.031 0.012 
 65 QAc-G-0117    (0)   11 :  0.007 0.056 0.034 0.032 0.059 0.055 0.095 0.036 0.052 0.061 0.061 0.072 0.054 0.044 0.058 0.038 0.051 0.062 0.052 0.022 
 66 QAc-G-0120    (0)   11 :  0.004 0.095 0.010 0.030 0.077 0.082 0.179 0.056 0.011 0.059 0.023 0.008 0.044 0.053 0.059 0.040 0.009 0.073 0.063 0.024 
 67 QAc-G-0125    (0)   11 :  0.017 0.027 0.005 0.021 0.023 0.022 0.018 0.025 0.004 0.020 0.015 0.597 0.015 0.025 0.021 0.019 0.054 0.020 0.022 0.030 
 68 QAc-G-0141    (0)   11 :  0.019 0.074 0.012 0.045 0.060 0.065 0.052 0.040 0.030 0.069 0.067 0.020 0.058 0.061 0.075 0.050 0.014 0.082 0.074 0.032 
 69 QAc-G-0143    (0)   11 :  0.006 0.072 0.004 0.055 0.078 0.069 0.005 0.031 0.008 0.099 0.078 0.003 0.057 0.040 0.050 0.034 0.004 0.127 0.158 0.022 
 70 QAc-G-0147    (0)   11 :  0.005 0.045 0.007 0.043 0.041 0.046 0.070 0.049 0.027 0.043 0.028 0.305 0.036 0.031 0.040 0.047 0.034 0.042 0.040 0.020 
 71 QAc-G-0174    (0)   11 :  0.070 0.005 0.005 0.005 0.005 0.005 0.004 0.004 0.008 0.004 0.005 0.004 0.005 0.005 0.005 0.004 0.842 0.005 0.005 0.005 
 72 QAc-G-0182    (0)   11 :  0.293 0.008 0.004 0.006 0.007 0.006 0.006 0.006 0.005 0.007 0.005 0.010 0.006 0.005 0.007 0.006 0.594 0.007 0.007 0.004 
 73 QAc-G-0188    (0)   11 :  0.172 0.063 0.015 0.028 0.055 0.051 0.167 0.037 0.006 0.049 0.035 0.007 0.038 0.039 0.044 0.036 0.012 0.066 0.063 0.015 
 74 QAc-G-0229    (0)   11 :  0.005 0.012 0.006 0.014 0.011 0.012 0.008 0.012 0.810 0.013 0.010 0.004 0.008 0.010 0.011 0.012 0.009 0.012 0.012 0.007 
 75 QAc-G-0233    (0)   11 :  0.006 0.069 0.251 0.055 0.063 0.054 0.005 0.070 0.011 0.059 0.029 0.010 0.034 0.045 0.051 0.047 0.004 0.053 0.051 0.032 
 76 QAc-G-0237    (0)   11 :  0.009 0.024 0.030 0.018 0.057 0.021 0.020 0.017 0.526 0.028 0.024 0.045 0.016 0.028 0.027 0.024 0.007 0.034 0.024 0.020 
 77 QAc-G-0243    (0)   11 :  0.004 0.065 0.079 0.051 0.070 0.056 0.007 0.047 0.015 0.080 0.057 0.040 0.040 0.053 0.083 0.061 0.007 0.084 0.074 0.029 
 78 QAc-G-0249    (0)   12 :  0.019 0.049 0.016 0.136 0.045 0.038 0.008 0.202 0.012 0.044 0.023 0.003 0.025 0.033 0.069 0.157 0.006 0.047 0.042 0.024 
 79 QAc-W-0001    (0)   13 :  0.003 0.010 0.811 0.007 0.011 0.009 0.013 0.006 0.040 0.009 0.007 0.014 0.008 0.007 0.009 0.008 0.003 0.009 0.009 0.006 
 80 QAc-W-0002    (0)   13 :  0.035 0.029 0.017 0.029 0.037 0.024 0.022 0.016 0.540 0.033 0.027 0.004 0.016 0.021 0.041 0.024 0.006 0.031 0.036 0.011 
 81 QAc-W-0003    (0)   13 :  0.007 0.013 0.738 0.010 0.014 0.014 0.014 0.010 0.017 0.014 0.013 0.012 0.013 0.017 0.013 0.009 0.025 0.014 0.014 0.017 
 82 QAc-W-0004    (0)   13 :  0.008 0.005 0.883 0.005 0.009 0.005 0.004 0.005 0.016 0.006 0.005 0.004 0.005 0.006 0.006 0.006 0.004 0.006 0.005 0.007 
 83 QAc-W-0005    (0)   13 :  0.006 0.007 0.877 0.008 0.008 0.007 0.005 0.007 0.007 0.007 0.007 0.005 0.006 0.006 0.007 0.007 0.006 0.007 0.007 0.004 
 84 QAc-W-0007   (13)   13 :  0.005 0.007 0.860 0.008 0.008 0.007 0.006 0.009 0.016 0.008 0.007 0.005 0.007 0.007 0.008 0.007 0.005 0.008 0.008 0.005 
 85 QAc-W-0008    (6)   13 :  0.005 0.031 0.629 0.022 0.031 0.028 0.007 0.023 0.014 0.031 0.019 0.004 0.021 0.017 0.025 0.023 0.006 0.028 0.024 0.011 
 86 QAc-W-0009    (0)   13 :  0.018 0.051 0.019 0.037 0.084 0.046 0.141 0.044 0.096 0.052 0.042 0.010 0.034 0.045 0.065 0.056 0.007 0.069 0.060 0.025 
 87 QAc-W-0010    (0)   13 :  0.007 0.020 0.647 0.024 0.022 0.018 0.016 0.024 0.009 0.022 0.020 0.031 0.016 0.013 0.022 0.026 0.014 0.020 0.017 0.009 
 88 QAc-W-0011    (0)   13 :  0.032 0.039 0.366 0.027 0.060 0.038 0.011 0.028 0.056 0.045 0.032 0.010 0.023 0.035 0.052 0.030 0.014 0.044 0.041 0.017 
 89 QAc-W-0012    (0)   13 :  0.014 0.024 0.596 0.015 0.029 0.019 0.009 0.018 0.089 0.027 0.018 0.010 0.015 0.018 0.019 0.022 0.005 0.019 0.020 0.014 
 90 QAc-W-0013    (0)   13 :  0.017 0.039 0.015 0.038 0.072 0.032 0.060 0.018 0.143 0.059 0.051 0.009 0.020 0.089 0.082 0.028 0.006 0.064 0.052 0.106 
 91 QAc-W-0014    (0)   13 :  0.004 0.011 0.804 0.014 0.011 0.010 0.004 0.015 0.015 0.012 0.011 0.005 0.008 0.009 0.012 0.015 0.010 0.011 0.012 0.006 
 92 QAc-W-0015    (0)   13 :  0.019 0.027 0.012 0.044 0.038 0.022 0.011 0.025 0.350 0.037 0.042 0.004 0.013 0.035 0.056 0.024 0.139 0.044 0.038 0.018 
 93 QAc-W-0017    (0)   13 :  0.009 0.067 0.008 0.049 0.077 0.077 0.012 0.050 0.035 0.072 0.070 0.006 0.053 0.066 0.084 0.049 0.034 0.068 0.083 0.031 
 94 QAc-W-0018    (0)   13 :  0.005 0.043 0.348 0.030 0.048 0.050 0.020 0.036 0.019 0.054 0.043 0.015 0.038 0.043 0.035 0.037 0.004 0.047 0.045 0.040 
 95 QAc-W-0020    (0)   13 :  0.005 0.021 0.724 0.011 0.021 0.021 0.004 0.012 0.007 0.022 0.016 0.012 0.014 0.013 0.019 0.016 0.005 0.022 0.023 0.012 
 96 QAc-W-0021    (0)   13 :  0.011 0.060 0.276 0.030 0.056 0.050 0.018 0.038 0.014 0.054 0.032 0.008 0.033 0.059 0.042 0.037 0.003 0.056 0.048 0.076 
 97 QAc-W-0022    (0)   13 :  0.013 0.065 0.017 0.053 0.069 0.069 0.007 0.046 0.076 0.084 0.059 0.007 0.046 0.041 0.091 0.065 0.020 0.077 0.070 0.025 
 98 QAc-W-0023    (6)   13 :  0.004 0.054 0.095 0.041 0.069 0.049 0.020 0.045 0.120 0.065 0.050 0.028 0.037 0.044 0.071 0.053 0.005 0.062 0.061 0.027 
 99 QAc-W-0024    (0)   13 :  0.046 0.046 0.281 0.030 0.050 0.044 0.009 0.028 0.018 0.053 0.047 0.006 0.033 0.059 0.047 0.031 0.005 0.043 0.050 0.074 
100 QAc-W-0025    (0)   13 :  0.008 0.024 0.291 0.021 0.051 0.025 0.010 0.018 0.328 0.040 0.025 0.004 0.017 0.025 0.024 0.023 0.004 0.025 0.023 0.016 
101 QAc-W-0026    (0)   13 :  0.043 0.037 0.383 0.027 0.043 0.033 0.014 0.028 0.045 0.035 0.022 0.023 0.022 0.049 0.027 0.032 0.013 0.031 0.039 0.055 
102 QAc-W-0027    (0)   13 :  0.005 0.016 0.072 0.013 0.016 0.013 0.011 0.014 0.705 0.019 0.015 0.004 0.012 0.011 0.013 0.011 0.004 0.021 0.017 0.009 
103 QAc-W-0028    (0)   13 :  0.007 0.021 0.538 0.019 0.027 0.020 0.006 0.018 0.117 0.029 0.025 0.004 0.017 0.016 0.032 0.020 0.008 0.034 0.034 0.009 
104 QAc-W-0029    (0)   13 :  0.003 0.021 0.243 0.031 0.076 0.026 0.013 0.019 0.213 0.049 0.047 0.020 0.030 0.023 0.061 0.031 0.003 0.039 0.041 0.012 
105 QAc-W-0032    (0)   13 :  0.003 0.011 0.784 0.010 0.014 0.011 0.004 0.011 0.024 0.012 0.008 0.031 0.010 0.009 0.013 0.013 0.003 0.011 0.011 0.009 
106 QAc-W-0033    (0)   13 :  0.004 0.081 0.117 0.045 0.064 0.076 0.010 0.047 0.016 0.064 0.051 0.028 0.064 0.053 0.056 0.045 0.008 0.068 0.074 0.029 
107 QAc-W-0035    (0)   13 :  0.020 0.039 0.096 0.032 0.051 0.032 0.005 0.028 0.381 0.035 0.033 0.007 0.028 0.034 0.035 0.031 0.013 0.045 0.032 0.024 
108 QAc-W-0037    (0)   13 :  0.008 0.012 0.021 0.010 0.013 0.013 0.006 0.009 0.769 0.011 0.011 0.018 0.010 0.014 0.015 0.010 0.006 0.015 0.012 0.015 
109 QAc-W-0038    (0)   13 :  0.008 0.054 0.100 0.038 0.060 0.060 0.011 0.039 0.066 0.075 0.064 0.011 0.047 0.041 0.068 0.048 0.029 0.075 0.085 0.020 
110 QAc-W-0040    (0)   13 :  0.009 0.021 0.565 0.051 0.027 0.023 0.007 0.064 0.017 0.023 0.013 0.016 0.015 0.019 0.023 0.043 0.010 0.019 0.018 0.015 
111 QAc-W-0041    (0)   13 :  0.034 0.035 0.039 0.032 0.042 0.029 0.026 0.018 0.342 0.041 0.045 0.006 0.030 0.052 0.055 0.031 0.005 0.048 0.039 0.051 
112 QAc-W-0042    (0)   14 :  0.032 0.016 0.006 0.013 0.021 0.019 0.383 0.011 0.015 0.015 0.030 0.277 0.038 0.019 0.028 0.015 0.010 0.022 0.016 0.014 
113 QAc-W-0044    (0)   14 :  0.046 0.032 0.008 0.050 0.053 0.031 0.087 0.035 0.065 0.043 0.060 0.136 0.027 0.024 0.072 0.044 0.072 0.065 0.040 0.012 
114 QAc-W-0045    (0)   14 :  0.011 0.017 0.007 0.009 0.016 0.019 0.691 0.011 0.013 0.014 0.036 0.024 0.044 0.013 0.013 0.013 0.006 0.017 0.015 0.010 
115 QAc-W-0048    (0)   14 :  0.005 0.026 0.011 0.012 0.022 0.023 0.630 0.015 0.013 0.024 0.013 0.074 0.015 0.021 0.017 0.016 0.005 0.021 0.020 0.017 
116 QAc-W-0050    (0)   14 :  0.007 0.022 0.004 0.014 0.019 0.081 0.194 0.015 0.008 0.018 0.224 0.017 0.277 0.013 0.016 0.014 0.005 0.019 0.021 0.011 
117 QAc-W-0051    (0)   14 :  0.006 0.012 0.006 0.009 0.013 0.090 0.072 0.008 0.006 0.012 0.260 0.077 0.321 0.012 0.011 0.010 0.038 0.012 0.012 0.013 
118 QAc-W-0052    (0)   14 :  0.006 0.005 0.010 0.005 0.005 0.005 0.007 0.005 0.005 0.005 0.004 0.901 0.004 0.004 0.005 0.005 0.006 0.005 0.005 0.004 
119 QAc-W-0053    (0)   14 :  0.005 0.013 0.008 0.009 0.012 0.011 0.797 0.011 0.008 0.013 0.013 0.017 0.012 0.010 0.012 0.010 0.007 0.014 0.012 0.007 
120 QAc-W-0054    (0)   14 :  0.095 0.050 0.008 0.031 0.052 0.072 0.038 0.035 0.009 0.054 0.084 0.068 0.104 0.031 0.045 0.044 0.056 0.052 0.050 0.021 
121 QAc-W-0056    (0)   14 :  0.007 0.061 0.038 0.030 0.058 0.096 0.016 0.031 0.059 0.048 0.149 0.007 0.176 0.037 0.040 0.025 0.009 0.045 0.046 0.022 
122 QAc-W-0057    (0)   14 :  0.008 0.027 0.006 0.019 0.026 0.088 0.089 0.023 0.017 0.023 0.195 0.010 0.250 0.024 0.022 0.019 0.076 0.023 0.026 0.028 
123 QAc-W-0060    (0)   14 :  0.009 0.008 0.003 0.007 0.007 0.007 0.005 0.006 0.019 0.007 0.006 0.032 0.006 0.006 0.007 0.007 0.840 0.007 0.006 0.005 
124 QAc-W-0061    (0)   14 :  0.015 0.029 0.010 0.032 0.023 0.025 0.014 0.036 0.023 0.025 0.017 0.005 0.019 0.019 0.023 0.029 0.591 0.025 0.025 0.016 
125 QAc-W-0062    (0)   14 :  0.007 0.005 0.003 0.005 0.004 0.004 0.004 0.005 0.004 0.005 0.004 0.009 0.004 0.004 0.004 0.004 0.910 0.004 0.004 0.004 
126 QAc-W-0063    (0)   14 :  0.020 0.014 0.014 0.010 0.015 0.012 0.007 0.010 0.006 0.014 0.010 0.021 0.010 0.015 0.014 0.011 0.749 0.015 0.013 0.016 
127 QAc-W-0064    (0)   14 :  0.023 0.009 0.011 0.008 0.008 0.009 0.005 0.008 0.006 0.008 0.009 0.005 0.008 0.008 0.009 0.008 0.835 0.009 0.008 0.007 
128 QAc-W-0065    (0)   14 :  0.010 0.017 0.007 0.017 0.015 0.017 0.008 0.014 0.012 0.015 0.023 0.006 0.022 0.014 0.018 0.016 0.725 0.015 0.017 0.011 
129 QAc-W-0066    (0)   14 :  0.939 0.003 0.003 0.003 0.003 0.003 0.003 0.003 0.004 0.003 0.003 0.003 0.003 0.003 0.003 0.003 0.004 0.003 0.003 0.004 
130 QAc-W-0072    (0)   14 :  0.006 0.015 0.014 0.045 0.014 0.021 0.005 0.045 0.005 0.016 0.028 0.004 0.022 0.013 0.020 0.030 0.659 0.013 0.013 0.011 
131 QAc-W-0073    (0)   14 :  0.006 0.012 0.006 0.012 0.013 0.013 0.014 0.012 0.008 0.014 0.013 0.007 0.012 0.010 0.014 0.012 0.789 0.014 0.013 0.009 
132 QAc-W-0077    (0)   14 :  0.210 0.006 0.006 0.006 0.006 0.007 0.008 0.005 0.007 0.007 0.008 0.004 0.007 0.006 0.006 0.006 0.677 0.006 0.006 0.005 
133 QAc-W-0078    (0)   15 :  0.032 0.034 0.011 0.020 0.032 0.030 0.005 0.025 0.017 0.034 0.016 0.012 0.018 0.196 0.024 0.023 0.007 0.027 0.030 0.407 
134 QAc-W-0079    (6)   15 :  0.011 0.006 0.005 0.006 0.006 0.007 0.007 0.006 0.007 0.006 0.006 0.003 0.005 0.255 0.006 0.006 0.004 0.006 0.007 0.634 
135 QAc-W-0081    (0)   15 :  0.004 0.006 0.008 0.005 0.007 0.007 0.005 0.006 0.005 0.008 0.006 0.009 0.006 0.324 0.007 0.006 0.008 0.007 0.006 0.560 
136 QAc-W-0082    (0)   15 :  0.005 0.007 0.003 0.004 0.005 0.060 0.026 0.005 0.006 0.006 0.187 0.002 0.227 0.171 0.005 0.005 0.005 0.006 0.006 0.258 
137 QAc-W-0083    (0)   15 :  0.007 0.009 0.008 0.012 0.010 0.009 0.007 0.010 0.007 0.009 0.013 0.009 0.010 0.295 0.009 0.009 0.034 0.009 0.008 0.516 
138 QAc-W-0086    (0)   15 :  0.013 0.008 0.006 0.007 0.007 0.007 0.006 0.008 0.007 0.008 0.020 0.005 0.010 0.332 0.009 0.008 0.005 0.008 0.008 0.519 
139 QAc-W-0087    (0)   15 :  0.006 0.006 0.004 0.007 0.006 0.006 0.009 0.007 0.005 0.006 0.006 0.003 0.006 0.320 0.007 0.007 0.003 0.006 0.006 0.573 
140 QAc-W-0088    (0)   15 :  0.006 0.016 0.006 0.011 0.016 0.014 0.009 0.012 0.010 0.015 0.011 0.004 0.012 0.293 0.014 0.012 0.006 0.020 0.016 0.497 
141 QAc-W-0092    (0)   15 :  0.012 0.026 0.019 0.022 0.030 0.025 0.014 0.014 0.084 0.025 0.023 0.017 0.015 0.226 0.030 0.018 0.005 0.026 0.023 0.345 
142 QAc-W-0093    (0)   15 :  0.003 0.024 0.025 0.020 0.025 0.025 0.009 0.022 0.016 0.023 0.023 0.009 0.020 0.229 0.026 0.020 0.005 0.024 0.028 0.424 
143 QAc-W-0094    (0)   15 :  0.006 0.041 0.044 0.031 0.038 0.039 0.017 0.025 0.009 0.046 0.032 0.192 0.032 0.097 0.041 0.027 0.051 0.042 0.047 0.143 
144 QAc-W-0097    (0)   15 :  0.006 0.027 0.022 0.015 0.022 0.025 0.011 0.014 0.054 0.029 0.021 0.015 0.018 0.245 0.025 0.017 0.006 0.025 0.026 0.377 
145 QAc-W-0099    (0)   15 :  0.005 0.035 0.004 0.031 0.036 0.036 0.013 0.031 0.008 0.042 0.030 0.014 0.026 0.210 0.035 0.036 0.004 0.039 0.036 0.327 
146 QAc-W-0107    (0)   15 :  0.014 0.009 0.006 0.009 0.009 0.010 0.005 0.009 0.005 0.009 0.011 0.007 0.009 0.288 0.009 0.009 0.030 0.008 0.010 0.534 
147 QAc-W-0115    (0)   16 :  0.005 0.015 0.012 0.335 0.016 0.016 0.004 0.278 0.018 0.014 0.039 0.006 0.009 0.018 0.043 0.126 0.007 0.015 0.014 0.010 
148 QAc-W-0116    (0)   16 :  0.003 0.034 0.007 0.190 0.030 0.029 0.022 0.248 0.017 0.030 0.021 0.012 0.025 0.023 0.062 0.166 0.005 0.032 0.032 0.015 
149 QAc-W-0117    (0)   16 :  0.004 0.012 0.005 0.220 0.011 0.011 0.012 0.346 0.008 0.011 0.012 0.004 0.011 0.009 0.063 0.223 0.004 0.014 0.014 0.006 
150 QAc-W-0118    (0)   16 :  0.032 0.020 0.007 0.269 0.021 0.022 0.008 0.266 0.006 0.015 0.037 0.005 0.016 0.021 0.044 0.130 0.020 0.017 0.021 0.021 
151 QAc-W-0119    (0)   16 :  0.015 0.022 0.005 0.198 0.021 0.022 0.007 0.296 0.007 0.024 0.016 0.007 0.018 0.018 0.062 0.202 0.005 0.021 0.021 0.014 
152 QAc-W-0120    (0)   16 :  0.016 0.047 0.009 0.181 0.038 0.038 0.011 0.238 0.008 0.046 0.022 0.005 0.026 0.029 0.057 0.117 0.009 0.038 0.042 0.023 
153 QAc-W-0121    (0)   16 :  0.067 0.015 0.007 0.187 0.015 0.015 0.007 0.291 0.005 0.014 0.022 0.003 0.022 0.010 0.062 0.213 0.010 0.014 0.014 0.007 
154 QAc-W-0122    (0)   16 :  0.004 0.029 0.015 0.257 0.027 0.031 0.011 0.185 0.006 0.042 0.059 0.004 0.024 0.030 0.058 0.117 0.008 0.037 0.041 0.014 
155 QAc-W-0123    (6)   16 :  0.007 0.026 0.004 0.252 0.023 0.022 0.009 0.267 0.013 0.026 0.030 0.016 0.017 0.023 0.064 0.119 0.008 0.032 0.027 0.016 
156 QAc-W-0124    (0)   16 :  0.010 0.017 0.015 0.251 0.019 0.014 0.004 0.159 0.032 0.021 0.045 0.006 0.014 0.038 0.045 0.128 0.101 0.021 0.018 0.040 
157 QAc-W-0125    (0)   16 :  0.008 0.014 0.007 0.246 0.013 0.014 0.008 0.321 0.010 0.017 0.015 0.008 0.014 0.016 0.051 0.187 0.005 0.015 0.014 0.017 
158 QAc-W-0132    (6)   16 :  0.042 0.033 0.016 0.232 0.035 0.032 0.006 0.172 0.032 0.032 0.042 0.018 0.020 0.034 0.051 0.092 0.024 0.030 0.031 0.029 
159 QAc-W-0134    (0)   16 :  0.004 0.008 0.005 0.261 0.008 0.008 0.006 0.359 0.008 0.008 0.009 0.007 0.006 0.007 0.057 0.210 0.007 0.008 0.008 0.007 
160 QAc-W-0135    (0)   16 :  0.014 0.020 0.089 0.263 0.020 0.021 0.006 0.204 0.019 0.024 0.039 0.004 0.015 0.019 0.045 0.111 0.031 0.022 0.023 0.012 
161 QAc-W-0136    (0)   16 :  0.003 0.010 0.005 0.299 0.010 0.009 0.005 0.330 0.005 0.009 0.010 0.007 0.007 0.008 0.050 0.203 0.006 0.009 0.009 0.006 
162 QAc-W-0138    (0)   16 :  0.004 0.008 0.008 0.281 0.009 0.008 0.004 0.338 0.005 0.010 0.010 0.007 0.008 0.008 0.049 0.213 0.005 0.009 0.010 0.006 
163 QAc-W-0140    (0)   16 :  0.006 0.015 0.007 0.186 0.023 0.015 0.021 0.301 0.014 0.021 0.025 0.004 0.016 0.012 0.068 0.212 0.005 0.019 0.021 0.009 
164 QAc-W-0141    (6)   16 :  0.023 0.056 0.016 0.061 0.065 0.056 0.015 0.083 0.038 0.080 0.067 0.007 0.050 0.043 0.077 0.089 0.007 0.070 0.074 0.023 
165 QAc-W-0142    (0)   16 :  0.012 0.008 0.004 0.239 0.007 0.009 0.005 0.358 0.004 0.008 0.010 0.004 0.010 0.007 0.056 0.222 0.017 0.007 0.007 0.006 
166 QAc-W-0143    (0)   16 :  0.003 0.020 0.008 0.233 0.019 0.020 0.013 0.298 0.005 0.022 0.021 0.006 0.017 0.026 0.064 0.164 0.006 0.016 0.015 0.026 
167 QAc-W-0145    (0)   16 :  0.003 0.010 0.004 0.376 0.010 0.012 0.006 0.301 0.006 0.013 0.038 0.004 0.010 0.013 0.045 0.110 0.006 0.013 0.014 0.007 
168 QAc-W-0148    (0)   16 :  0.004 0.008 0.007 0.334 0.008 0.008 0.006 0.323 0.014 0.009 0.020 0.007 0.007 0.006 0.044 0.167 0.009 0.008 0.007 0.005 
169 QAc-W-0149    (0)   16 :  0.004 0.046 0.011 0.162 0.048 0.046 0.014 0.117 0.006 0.053 0.063 0.029 0.029 0.040 0.068 0.123 0.012 0.062 0.052 0.016 
170 QAc-W-0150    (0)   16 :  0.005 0.041 0.070 0.148 0.038 0.036 0.006 0.136 0.028 0.047 0.051 0.020 0.032 0.038 0.060 0.124 0.007 0.049 0.037 0.027 
171 QAc-W-0151    (0)   16 :  0.004 0.020 0.009 0.307 0.016 0.019 0.007 0.256 0.044 0.017 0.034 0.006 0.012 0.016 0.044 0.134 0.007 0.019 0.018 0.012 
172 QAc-W-0152    (0)   16 :  0.006 0.010 0.005 0.372 0.009 0.010 0.011 0.270 0.009 0.009 0.045 0.005 0.010 0.008 0.046 0.115 0.033 0.010 0.011 0.006 
173 QAc-W-0153    (0)   16 :  0.006 0.061 0.005 0.043 0.062 0.061 0.005 0.032 0.023 0.098 0.084 0.004 0.054 0.058 0.083 0.074 0.023 0.073 0.112 0.039 
174 QAc-W-0154    (0)   16 :  0.003 0.032 0.042 0.213 0.029 0.027 0.005 0.261 0.007 0.028 0.016 0.003 0.020 0.021 0.064 0.154 0.004 0.030 0.027 0.013 
175 QAc-W-0157    (0)   16 :  0.012 0.042 0.005 0.149 0.030 0.032 0.011 0.246 0.019 0.035 0.015 0.024 0.022 0.026 0.054 0.171 0.020 0.037 0.036 0.015 
176 QAc-W-0158    (0)   16 :  0.022 0.025 0.041 0.239 0.031 0.023 0.006 0.214 0.056 0.027 0.034 0.008 0.015 0.025 0.045 0.105 0.008 0.026 0.024 0.024 
177 QAc-W-0159    (0)   16 :  0.004 0.009 0.008 0.228 0.010 0.010 0.006 0.352 0.006 0.010 0.011 0.007 0.009 0.008 0.061 0.229 0.003 0.010 0.010 0.009 
178 QAc-W-0160    (0)   16 :  0.004 0.037 0.024 0.218 0.037 0.039 0.005 0.250 0.020 0.029 0.016 0.004 0.019 0.029 0.054 0.131 0.006 0.031 0.032 0.015 
179 QAc-W-0162    (0)   16 :  0.006 0.020 0.004 0.216 0.020 0.023 0.023 0.270 0.004 0.015 0.028 0.016 0.026 0.015 0.052 0.137 0.084 0.017 0.018 0.010 
180 QAc-W-0163    (0)   16 :  0.006 0.030 0.006 0.147 0.027 0.038 0.038 0.227 0.008 0.026 0.053 0.010 0.069 0.020 0.048 0.167 0.009 0.026 0.029 0.015 
181 QAc-W-0164    (0)   16 :  0.008 0.032 0.007 0.214 0.034 0.033 0.012 0.204 0.007 0.035 0.033 0.009 0.028 0.025 0.050 0.107 0.080 0.031 0.034 0.016 
182 QAc-W-0167    (0)   17 :  0.006 0.069 0.006 0.043 0.066 0.072 0.010 0.038 0.006 0.080 0.083 0.005 0.047 0.067 0.106 0.064 0.008 0.082 0.107 0.034 
183 QAc-W-0168    (0)   17 :  0.041 0.077 0.008 0.072 0.073 0.073 0.015 0.073 0.014 0.059 0.037 0.007 0.046 0.052 0.074 0.075 0.018 0.070 0.083 0.033 
184 QAc-W-0169    (0)   17 :  0.011 0.102 0.016 0.031 0.093 0.090 0.012 0.047 0.012 0.079 0.048 0.004 0.056 0.059 0.070 0.052 0.009 0.091 0.087 0.030 
185 QAc-W-0170    (0)   17 :  0.003 0.091 0.010 0.041 0.084 0.085 0.008 0.047 0.043 0.094 0.046 0.004 0.050 0.065 0.071 0.045 0.005 0.093 0.085 0.029 
186 QAc-W-0172    (0)   17 :  0.002 0.116 0.008 0.041 0.087 0.108 0.005 0.062 0.009 0.087 0.024 0.015 0.059 0.065 0.067 0.045 0.002 0.078 0.091 0.028 
187 QAc-W-0173    (0)   17 :  0.004 0.057 0.010 0.048 0.066 0.061 0.005 0.039 0.013 0.082 0.112 0.005 0.048 0.046 0.109 0.069 0.011 0.080 0.110 0.025 
188 QAc-W-0174    (0)   17 :  0.010 0.071 0.004 0.048 0.062 0.073 0.011 0.045 0.008 0.091 0.082 0.004 0.052 0.057 0.102 0.063 0.010 0.076 0.106 0.025 


Estimated Allele Frequencies in each cluster
First column gives estimated ancestral frequencies


Locus 1 : 
18 alleles
0.0% missing data
 210   (0.113) 0.007 0.113 0.016 0.144 0.107 0.110 0.265 0.151 0.066 0.113 0.098 0.028 0.098 0.118 0.115 0.141 0.021 0.110 0.111 0.162 
 212   (0.114) 0.193 0.114 0.044 0.120 0.116 0.111 0.031 0.096 0.415 0.120 0.115 0.022 0.101 0.176 0.110 0.117 0.015 0.119 0.116 0.226 
 202   (0.055) 0.003 0.055 0.059 0.026 0.049 0.050 0.016 0.033 0.033 0.051 0.031 0.331 0.038 0.079 0.042 0.033 0.006 0.050 0.053 0.123 
 226   (0.040) 0.253 0.040 0.004 0.019 0.034 0.038 0.022 0.023 0.004 0.034 0.028 0.224 0.035 0.028 0.029 0.022 0.127 0.034 0.035 0.019 
 216   (0.075) 0.005 0.075 0.017 0.092 0.069 0.069 0.046 0.101 0.010 0.069 0.048 0.162 0.053 0.116 0.071 0.091 0.054 0.069 0.069 0.128 
 200   (0.257) 0.508 0.257 0.532 0.236 0.302 0.247 0.198 0.207 0.383 0.289 0.257 0.123 0.204 0.212 0.307 0.243 0.122 0.291 0.279 0.132 
 224   (0.044) 0.004 0.044 0.008 0.025 0.044 0.041 0.011 0.028 0.019 0.044 0.036 0.009 0.033 0.033 0.040 0.029 0.266 0.045 0.046 0.020 
 218   (0.056) 0.004 0.056 0.080 0.094 0.052 0.054 0.013 0.098 0.010 0.052 0.051 0.010 0.048 0.077 0.056 0.080 0.018 0.050 0.051 0.085 
 228   (0.011) 0.001 0.011 0.001 0.004 0.009 0.009 0.002 0.006 0.001 0.008 0.004 0.002 0.006 0.006 0.007 0.006 0.134 0.008 0.008 0.004 
 214   (0.056) 0.012 0.056 0.006 0.037 0.050 0.106 0.182 0.038 0.006 0.052 0.207 0.031 0.261 0.034 0.047 0.039 0.215 0.051 0.053 0.022 
 208   (0.062) 0.004 0.062 0.215 0.037 0.066 0.059 0.071 0.038 0.036 0.066 0.059 0.016 0.048 0.047 0.068 0.047 0.007 0.072 0.073 0.035 
 220   (0.029) 0.002 0.029 0.003 0.016 0.027 0.027 0.007 0.020 0.005 0.029 0.019 0.005 0.020 0.018 0.024 0.021 0.004 0.029 0.030 0.012 
 196   (0.010) 0.001 0.010 0.001 0.004 0.008 0.009 0.002 0.005 0.001 0.008 0.004 0.002 0.006 0.006 0.007 0.005 0.001 0.008 0.008 0.004 
 238   (0.010) 0.001 0.010 0.001 0.005 0.008 0.009 0.002 0.005 0.001 0.009 0.006 0.002 0.006 0.006 0.008 0.006 0.001 0.008 0.009 0.004 
 206   (0.019) 0.001 0.019 0.003 0.017 0.017 0.017 0.059 0.020 0.002 0.016 0.010 0.004 0.013 0.012 0.017 0.018 0.002 0.017 0.017 0.007 
 190   (0.010) 0.001 0.010 0.001 0.005 0.009 0.009 0.002 0.006 0.001 0.008 0.004 0.002 0.006 0.006 0.007 0.005 0.001 0.008 0.009 0.003 
 222   (0.027) 0.002 0.027 0.007 0.113 0.024 0.024 0.007 0.120 0.003 0.023 0.019 0.022 0.017 0.017 0.038 0.091 0.004 0.022 0.023 0.010 
 232   (0.012) 0.001 0.012 0.001 0.005 0.010 0.010 0.065 0.007 0.001 0.009 0.006 0.004 0.008 0.007 0.008 0.006 0.001 0.009 0.009 0.004 

Locus 2 : 
15 alleles
2.1% missing data
 171   (0.207) 0.017 0.207 0.313 0.138 0.220 0.212 0.477 0.142 0.444 0.222 0.216 0.240 0.220 0.200 0.202 0.162 0.041 0.221 0.212 0.182 
 175   (0.098) 0.024 0.098 0.040 0.055 0.093 0.116 0.029 0.062 0.050 0.092 0.153 0.210 0.182 0.146 0.080 0.067 0.025 0.089 0.091 0.232 
 185   (0.055) 0.005 0.055 0.008 0.131 0.049 0.051 0.013 0.135 0.006 0.051 0.041 0.012 0.038 0.059 0.065 0.109 0.015 0.050 0.051 0.085 
 179   (0.077) 0.035 0.077 0.009 0.220 0.071 0.073 0.019 0.161 0.010 0.074 0.079 0.254 0.052 0.053 0.097 0.144 0.508 0.073 0.075 0.027 
 181   (0.093) 0.565 0.093 0.028 0.058 0.094 0.091 0.121 0.054 0.129 0.092 0.092 0.034 0.086 0.205 0.095 0.061 0.042 0.098 0.095 0.254 
 173   (0.190) 0.331 0.190 0.184 0.177 0.215 0.190 0.167 0.199 0.210 0.199 0.204 0.168 0.203 0.140 0.205 0.210 0.136 0.197 0.193 0.085 
 177   (0.033) 0.003 0.033 0.004 0.054 0.029 0.033 0.009 0.053 0.004 0.029 0.029 0.006 0.031 0.021 0.031 0.042 0.190 0.028 0.029 0.011 
 187   (0.094) 0.008 0.094 0.102 0.056 0.089 0.095 0.043 0.059 0.117 0.096 0.090 0.018 0.084 0.061 0.091 0.069 0.024 0.096 0.104 0.036 
 183   (0.060) 0.006 0.060 0.007 0.059 0.059 0.055 0.083 0.077 0.007 0.060 0.046 0.016 0.044 0.044 0.063 0.081 0.007 0.064 0.065 0.032 
 189   (0.032) 0.003 0.032 0.298 0.023 0.030 0.030 0.007 0.024 0.015 0.030 0.019 0.005 0.021 0.020 0.027 0.023 0.004 0.029 0.029 0.012 
 191   (0.020) 0.002 0.020 0.003 0.011 0.017 0.018 0.023 0.012 0.002 0.019 0.012 0.031 0.015 0.025 0.015 0.012 0.003 0.018 0.018 0.029 
 163   (0.010) 0.001 0.010 0.001 0.005 0.009 0.009 0.002 0.006 0.001 0.009 0.004 0.002 0.006 0.006 0.007 0.005 0.001 0.009 0.009 0.004 
 165   (0.011) 0.001 0.011 0.001 0.005 0.009 0.009 0.002 0.006 0.001 0.009 0.005 0.002 0.006 0.007 0.007 0.005 0.001 0.009 0.009 0.004 
 193   (0.009) 0.001 0.009 0.001 0.005 0.009 0.009 0.002 0.005 0.001 0.009 0.007 0.001 0.006 0.006 0.007 0.005 0.001 0.010 0.011 0.003 
 167   (0.010) 0.001 0.010 0.001 0.004 0.008 0.009 0.002 0.006 0.001 0.009 0.004 0.002 0.006 0.006 0.007 0.005 0.001 0.008 0.009 0.004 

Locus 3 : 
4 alleles
1.1% missing data
 206   (0.891) 0.989 0.891 0.680 0.945 0.902 0.898 0.906 0.937 0.985 0.898 0.927 0.907 0.920 0.929 0.912 0.933 0.888 0.903 0.897 0.951 
 208   (0.057) 0.004 0.057 0.315 0.029 0.052 0.055 0.063 0.033 0.009 0.052 0.041 0.011 0.045 0.036 0.044 0.033 0.050 0.050 0.052 0.022 
 204   (0.038) 0.006 0.038 0.004 0.019 0.034 0.034 0.028 0.023 0.004 0.035 0.020 0.079 0.025 0.026 0.029 0.023 0.061 0.034 0.035 0.022 
 212   (0.013) 0.001 0.013 0.001 0.007 0.012 0.013 0.003 0.007 0.002 0.015 0.013 0.002 0.010 0.009 0.014 0.011 0.002 0.013 0.016 0.005 

Locus 4 : 
15 alleles
1.1% missing data
 165   (0.074) 0.005 0.074 0.013 0.046 0.079 0.074 0.019 0.045 0.027 0.080 0.083 0.041 0.074 0.216 0.084 0.056 0.326 0.077 0.079 0.378 
 163   (0.206) 0.015 0.206 0.080 0.245 0.205 0.208 0.289 0.252 0.056 0.222 0.215 0.072 0.196 0.143 0.235 0.247 0.074 0.212 0.221 0.084 
 167   (0.143) 0.009 0.143 0.242 0.120 0.134 0.144 0.095 0.147 0.198 0.139 0.139 0.507 0.148 0.111 0.135 0.151 0.018 0.140 0.140 0.085 
 161   (0.374) 0.957 0.374 0.482 0.464 0.390 0.382 0.437 0.419 0.684 0.372 0.423 0.325 0.422 0.278 0.383 0.412 0.561 0.379 0.365 0.201 
 153   (0.015) 0.001 0.015 0.009 0.009 0.018 0.014 0.003 0.008 0.003 0.015 0.010 0.003 0.009 0.011 0.016 0.010 0.002 0.015 0.015 0.005 
 173   (0.028) 0.002 0.028 0.003 0.013 0.025 0.030 0.021 0.015 0.003 0.025 0.039 0.005 0.041 0.134 0.020 0.015 0.003 0.026 0.027 0.174 
 171   (0.037) 0.003 0.037 0.004 0.021 0.036 0.035 0.040 0.024 0.004 0.035 0.026 0.025 0.029 0.023 0.032 0.023 0.004 0.038 0.039 0.014 
 179   (0.009) 0.001 0.009 0.001 0.005 0.008 0.008 0.002 0.005 0.003 0.008 0.005 0.001 0.006 0.006 0.007 0.005 0.001 0.008 0.008 0.003 
 157   (0.021) 0.001 0.021 0.153 0.010 0.020 0.018 0.014 0.011 0.011 0.018 0.010 0.004 0.013 0.013 0.015 0.012 0.002 0.018 0.018 0.008 
 149   (0.011) 0.001 0.011 0.001 0.005 0.010 0.010 0.026 0.006 0.001 0.009 0.005 0.002 0.007 0.007 0.008 0.006 0.001 0.009 0.009 0.003 
 177   (0.019) 0.001 0.019 0.002 0.010 0.017 0.017 0.005 0.012 0.003 0.019 0.013 0.004 0.014 0.015 0.016 0.014 0.002 0.019 0.019 0.011 
 155   (0.015) 0.001 0.015 0.005 0.007 0.013 0.013 0.003 0.009 0.002 0.014 0.007 0.002 0.009 0.009 0.011 0.008 0.001 0.013 0.013 0.006 
 175   (0.010) 0.001 0.010 0.001 0.004 0.009 0.009 0.006 0.006 0.001 0.008 0.004 0.002 0.006 0.006 0.007 0.005 0.001 0.009 0.009 0.003 
 169   (0.021) 0.001 0.021 0.002 0.010 0.018 0.019 0.034 0.012 0.002 0.019 0.013 0.004 0.014 0.018 0.015 0.012 0.002 0.021 0.022 0.016 
 159   (0.019) 0.001 0.019 0.002 0.029 0.016 0.017 0.004 0.029 0.002 0.016 0.009 0.003 0.012 0.012 0.017 0.024 0.002 0.016 0.017 0.007 

Locus 5 : 
16 alleles
0.0% missing data
 148   (0.119) 0.360 0.119 0.098 0.081 0.119 0.110 0.091 0.086 0.194 0.120 0.082 0.028 0.080 0.162 0.105 0.089 0.047 0.115 0.118 0.269 
 160   (0.023) 0.001 0.023 0.003 0.011 0.021 0.021 0.023 0.013 0.004 0.021 0.011 0.064 0.013 0.033 0.018 0.013 0.003 0.020 0.020 0.051 
 154   (0.078) 0.011 0.078 0.017 0.139 0.071 0.077 0.021 0.145 0.009 0.076 0.069 0.051 0.063 0.057 0.084 0.132 0.165 0.073 0.075 0.042 
 150   (0.060) 0.012 0.060 0.060 0.033 0.058 0.102 0.080 0.036 0.029 0.059 0.188 0.013 0.234 0.039 0.053 0.039 0.009 0.059 0.058 0.025 
 138   (0.121) 0.008 0.121 0.023 0.181 0.128 0.113 0.086 0.178 0.050 0.120 0.094 0.290 0.085 0.134 0.134 0.162 0.191 0.119 0.118 0.134 
 166   (0.030) 0.002 0.030 0.031 0.014 0.026 0.026 0.218 0.015 0.005 0.024 0.014 0.290 0.017 0.022 0.021 0.016 0.003 0.024 0.025 0.016 
 146   (0.092) 0.343 0.092 0.029 0.052 0.088 0.085 0.091 0.057 0.024 0.087 0.063 0.074 0.062 0.120 0.082 0.060 0.230 0.085 0.090 0.134 
 164   (0.014) 0.001 0.014 0.002 0.007 0.012 0.013 0.003 0.008 0.002 0.012 0.006 0.037 0.009 0.009 0.011 0.008 0.001 0.013 0.013 0.005 
 142   (0.016) 0.005 0.016 0.002 0.011 0.013 0.036 0.010 0.015 0.002 0.013 0.090 0.003 0.115 0.010 0.013 0.017 0.002 0.013 0.013 0.006 
 144   (0.157) 0.226 0.157 0.070 0.163 0.161 0.147 0.240 0.157 0.404 0.163 0.137 0.056 0.119 0.112 0.175 0.155 0.306 0.170 0.164 0.066 
 140   (0.089) 0.007 0.089 0.190 0.151 0.090 0.084 0.021 0.146 0.244 0.093 0.075 0.018 0.060 0.065 0.102 0.136 0.010 0.092 0.097 0.037 
 158   (0.047) 0.004 0.047 0.010 0.037 0.059 0.043 0.030 0.033 0.010 0.051 0.040 0.031 0.031 0.067 0.056 0.043 0.005 0.054 0.049 0.069 
 162   (0.026) 0.002 0.026 0.003 0.014 0.023 0.025 0.007 0.014 0.004 0.024 0.026 0.005 0.021 0.078 0.023 0.016 0.003 0.025 0.026 0.090 
 152   (0.094) 0.015 0.094 0.458 0.089 0.099 0.089 0.032 0.077 0.015 0.105 0.084 0.019 0.070 0.068 0.098 0.094 0.023 0.105 0.101 0.038 
 134   (0.015) 0.001 0.015 0.002 0.008 0.015 0.014 0.043 0.010 0.002 0.015 0.011 0.003 0.010 0.009 0.012 0.009 0.001 0.017 0.016 0.005 
 156   (0.018) 0.001 0.018 0.002 0.009 0.016 0.016 0.004 0.010 0.003 0.017 0.011 0.018 0.012 0.015 0.014 0.010 0.002 0.017 0.018 0.013 

Locus 6 : 
12 alleles
0.0% missing data
 225   (0.041) 0.292 0.041 0.008 0.024 0.037 0.040 0.010 0.029 0.005 0.038 0.029 0.007 0.033 0.059 0.034 0.030 0.006 0.036 0.037 0.121 
 239   (0.096) 0.435 0.096 0.013 0.059 0.111 0.091 0.043 0.056 0.100 0.098 0.078 0.226 0.073 0.072 0.094 0.069 0.228 0.103 0.101 0.051 
 229   (0.014) 0.001 0.014 0.001 0.006 0.013 0.013 0.003 0.007 0.002 0.011 0.008 0.002 0.008 0.120 0.011 0.007 0.001 0.011 0.011 0.219 
 235   (0.311) 0.222 0.311 0.265 0.436 0.299 0.337 0.136 0.396 0.426 0.313 0.419 0.083 0.422 0.350 0.333 0.377 0.309 0.312 0.309 0.335 
 237   (0.214) 0.024 0.214 0.193 0.190 0.211 0.209 0.163 0.193 0.272 0.222 0.199 0.064 0.190 0.144 0.214 0.200 0.269 0.221 0.228 0.093 
 233   (0.100) 0.011 0.100 0.482 0.063 0.115 0.096 0.094 0.060 0.165 0.104 0.088 0.258 0.085 0.087 0.094 0.069 0.159 0.100 0.095 0.068 
 227   (0.029) 0.002 0.029 0.003 0.015 0.026 0.028 0.439 0.015 0.003 0.023 0.020 0.305 0.028 0.019 0.021 0.016 0.003 0.026 0.025 0.009 
 245   (0.070) 0.005 0.070 0.020 0.091 0.074 0.065 0.020 0.108 0.012 0.076 0.058 0.020 0.051 0.050 0.086 0.105 0.008 0.076 0.072 0.026 
 241   (0.038) 0.003 0.038 0.006 0.028 0.034 0.036 0.031 0.029 0.005 0.034 0.029 0.013 0.032 0.045 0.030 0.028 0.007 0.035 0.035 0.046 
 231   (0.050) 0.003 0.050 0.005 0.046 0.046 0.051 0.023 0.054 0.006 0.049 0.048 0.015 0.052 0.031 0.048 0.050 0.005 0.048 0.053 0.019 
 243   (0.027) 0.002 0.027 0.003 0.037 0.026 0.024 0.035 0.047 0.004 0.024 0.019 0.005 0.020 0.017 0.026 0.044 0.003 0.024 0.024 0.010 
 251   (0.011) 0.001 0.011 0.001 0.005 0.009 0.009 0.002 0.006 0.001 0.009 0.004 0.002 0.006 0.006 0.007 0.006 0.001 0.009 0.009 0.004 

Locus 7 : 
5 alleles
0.0% missing data
 118   (0.923) 0.995 0.923 0.924 0.961 0.929 0.886 0.973 0.956 0.942 0.928 0.802 0.650 0.758 0.952 0.935 0.954 0.992 0.931 0.930 0.972 
 124   (0.039) 0.002 0.039 0.072 0.021 0.039 0.035 0.009 0.023 0.055 0.038 0.022 0.344 0.024 0.025 0.034 0.024 0.004 0.036 0.035 0.014 
 116   (0.011) 0.001 0.011 0.001 0.005 0.009 0.056 0.013 0.006 0.001 0.008 0.160 0.002 0.202 0.007 0.007 0.006 0.001 0.009 0.009 0.004 
 114   (0.015) 0.001 0.015 0.002 0.008 0.014 0.014 0.003 0.009 0.002 0.015 0.011 0.003 0.010 0.010 0.015 0.010 0.002 0.015 0.016 0.006 
 122   (0.011) 0.001 0.011 0.001 0.005 0.010 0.010 0.002 0.006 0.001 0.009 0.006 0.002 0.006 0.007 0.008 0.006 0.001 0.009 0.010 0.004 

Locus 8 : 
5 alleles
0.0% missing data
 135   (0.058) 0.011 0.058 0.013 0.048 0.065 0.053 0.013 0.047 0.032 0.067 0.051 0.011 0.045 0.044 0.069 0.050 0.006 0.067 0.063 0.037 
 139   (0.762) 0.927 0.762 0.938 0.762 0.765 0.742 0.651 0.714 0.918 0.769 0.702 0.951 0.652 0.783 0.764 0.730 0.958 0.766 0.769 0.808 
 137   (0.136) 0.059 0.136 0.045 0.147 0.132 0.166 0.326 0.189 0.045 0.125 0.224 0.030 0.274 0.146 0.131 0.174 0.031 0.129 0.128 0.139 
 143   (0.030) 0.002 0.030 0.003 0.024 0.026 0.028 0.008 0.032 0.003 0.027 0.016 0.005 0.021 0.019 0.025 0.032 0.003 0.027 0.029 0.011 
 141   (0.013) 0.001 0.013 0.002 0.019 0.011 0.012 0.003 0.018 0.002 0.011 0.007 0.002 0.008 0.009 0.011 0.013 0.001 0.011 0.011 0.005 

Locus 9 : 
11 alleles
0.0% missing data
 116   (0.301) 0.364 0.302 0.519 0.301 0.333 0.289 0.116 0.313 0.277 0.324 0.282 0.105 0.258 0.338 0.329 0.324 0.171 0.320 0.309 0.421 
 112   (0.088) 0.013 0.088 0.033 0.137 0.080 0.080 0.021 0.127 0.073 0.084 0.069 0.015 0.059 0.073 0.091 0.130 0.385 0.083 0.084 0.066 
 122   (0.060) 0.441 0.060 0.009 0.030 0.054 0.070 0.284 0.035 0.007 0.051 0.080 0.297 0.098 0.036 0.047 0.035 0.303 0.053 0.052 0.021 
 114   (0.219) 0.020 0.219 0.364 0.259 0.217 0.202 0.223 0.260 0.348 0.227 0.168 0.050 0.154 0.168 0.227 0.249 0.043 0.222 0.226 0.119 
 120   (0.040) 0.003 0.040 0.004 0.025 0.034 0.035 0.010 0.029 0.154 0.033 0.019 0.218 0.024 0.024 0.032 0.027 0.021 0.035 0.034 0.015 
 130   (0.039) 0.003 0.039 0.006 0.021 0.048 0.035 0.080 0.022 0.035 0.040 0.025 0.178 0.023 0.027 0.041 0.024 0.004 0.041 0.038 0.014 
 118   (0.127) 0.018 0.127 0.036 0.151 0.119 0.120 0.047 0.129 0.077 0.124 0.109 0.114 0.091 0.253 0.128 0.122 0.018 0.123 0.127 0.296 
 124   (0.058) 0.133 0.058 0.007 0.038 0.051 0.076 0.074 0.045 0.007 0.052 0.109 0.010 0.133 0.037 0.049 0.045 0.047 0.052 0.055 0.022 
 126   (0.036) 0.003 0.036 0.007 0.018 0.035 0.061 0.138 0.021 0.017 0.032 0.111 0.008 0.137 0.023 0.027 0.021 0.004 0.036 0.034 0.014 
 108   (0.013) 0.001 0.013 0.001 0.008 0.013 0.013 0.003 0.007 0.001 0.014 0.012 0.002 0.009 0.008 0.010 0.007 0.001 0.017 0.019 0.005 
 128   (0.020) 0.002 0.020 0.013 0.011 0.018 0.019 0.005 0.012 0.002 0.019 0.015 0.003 0.013 0.013 0.020 0.014 0.002 0.019 0.021 0.008 

Locus 10 : 
4 alleles
0.0% missing data
 232   (0.901) 0.993 0.901 0.988 0.932 0.908 0.909 0.670 0.916 0.950 0.907 0.939 0.975 0.932 0.938 0.918 0.918 0.989 0.903 0.901 0.964 
 238   (0.074) 0.005 0.074 0.009 0.055 0.069 0.068 0.325 0.071 0.047 0.068 0.044 0.021 0.052 0.047 0.063 0.068 0.008 0.070 0.070 0.027 
 234   (0.014) 0.001 0.014 0.001 0.008 0.013 0.014 0.003 0.007 0.001 0.014 0.012 0.002 0.009 0.008 0.010 0.008 0.001 0.017 0.019 0.005 
 244   (0.011) 0.001 0.011 0.001 0.005 0.010 0.010 0.002 0.006 0.001 0.010 0.005 0.002 0.007 0.007 0.008 0.006 0.001 0.010 0.010 0.004 

Locus 11 : 
7 alleles
0.0% missing data
 165   (0.774) 0.765 0.774 0.928 0.852 0.789 0.743 0.897 0.850 0.776 0.785 0.702 0.936 0.664 0.833 0.803 0.847 0.802 0.784 0.776 0.885 
 167   (0.070) 0.225 0.070 0.009 0.042 0.062 0.107 0.022 0.047 0.011 0.061 0.171 0.020 0.212 0.062 0.055 0.045 0.182 0.060 0.062 0.055 
 161   (0.111) 0.008 0.111 0.059 0.064 0.110 0.110 0.071 0.066 0.209 0.116 0.103 0.037 0.097 0.078 0.109 0.077 0.012 0.117 0.122 0.045 
 155   (0.010) 0.001 0.010 0.001 0.004 0.008 0.009 0.002 0.006 0.001 0.008 0.004 0.001 0.006 0.006 0.007 0.005 0.001 0.008 0.008 0.003 
 173   (0.011) 0.001 0.011 0.001 0.006 0.010 0.011 0.002 0.006 0.001 0.011 0.007 0.002 0.007 0.007 0.008 0.006 0.001 0.012 0.013 0.004 
 163   (0.012) 0.001 0.012 0.001 0.028 0.010 0.011 0.003 0.019 0.001 0.010 0.008 0.002 0.007 0.008 0.012 0.014 0.001 0.010 0.010 0.004 
 171   (0.011) 0.001 0.011 0.001 0.005 0.009 0.010 0.002 0.007 0.001 0.009 0.005 0.002 0.007 0.006 0.007 0.006 0.001 0.009 0.010 0.004 

Locus 12 : 
8 alleles
0.0% missing data
 137   (0.529) 0.449 0.529 0.314 0.669 0.505 0.553 0.564 0.675 0.224 0.532 0.621 0.853 0.635 0.489 0.546 0.647 0.417 0.524 0.525 0.421 
 140   (0.149) 0.015 0.149 0.615 0.109 0.189 0.137 0.065 0.107 0.524 0.162 0.122 0.030 0.107 0.169 0.158 0.118 0.049 0.164 0.154 0.207 
 134   (0.249) 0.532 0.249 0.055 0.164 0.242 0.243 0.317 0.165 0.244 0.242 0.212 0.105 0.213 0.296 0.232 0.183 0.526 0.246 0.250 0.346 
 149   (0.011) 0.001 0.011 0.001 0.005 0.009 0.010 0.002 0.006 0.001 0.009 0.005 0.002 0.006 0.007 0.008 0.006 0.001 0.009 0.009 0.004 
 143   (0.014) 0.001 0.014 0.001 0.007 0.013 0.013 0.037 0.008 0.002 0.012 0.007 0.003 0.009 0.009 0.011 0.008 0.001 0.014 0.013 0.005 
 128   (0.011) 0.001 0.011 0.001 0.004 0.009 0.010 0.006 0.007 0.001 0.009 0.005 0.002 0.007 0.006 0.007 0.005 0.001 0.009 0.009 0.004 
 125   (0.017) 0.001 0.017 0.010 0.030 0.015 0.016 0.004 0.022 0.002 0.014 0.011 0.003 0.010 0.011 0.015 0.019 0.002 0.014 0.015 0.006 
 146   (0.020) 0.001 0.020 0.002 0.011 0.018 0.019 0.004 0.011 0.002 0.021 0.018 0.003 0.013 0.013 0.023 0.014 0.002 0.020 0.024 0.007 

Locus 13 : 
19 alleles
0.5% missing data
 206   (0.134) 0.045 0.134 0.262 0.143 0.128 0.130 0.062 0.132 0.176 0.125 0.118 0.212 0.121 0.234 0.117 0.119 0.028 0.121 0.123 0.349 
 210   (0.095) 0.420 0.095 0.177 0.073 0.106 0.089 0.024 0.059 0.146 0.098 0.081 0.017 0.068 0.177 0.101 0.077 0.037 0.100 0.097 0.220 
 190   (0.072) 0.005 0.072 0.080 0.074 0.067 0.068 0.016 0.096 0.008 0.075 0.058 0.028 0.058 0.048 0.079 0.097 0.011 0.071 0.074 0.029 
 202   (0.089) 0.008 0.089 0.032 0.058 0.094 0.103 0.270 0.059 0.012 0.096 0.145 0.548 0.159 0.062 0.094 0.073 0.013 0.101 0.095 0.039 
 214   (0.042) 0.252 0.042 0.057 0.021 0.039 0.038 0.010 0.024 0.018 0.038 0.025 0.007 0.027 0.026 0.034 0.025 0.146 0.038 0.039 0.015 
 212   (0.037) 0.186 0.037 0.004 0.215 0.033 0.034 0.008 0.222 0.004 0.032 0.035 0.006 0.027 0.024 0.065 0.178 0.004 0.031 0.032 0.013 
 192   (0.112) 0.008 0.112 0.089 0.081 0.122 0.106 0.029 0.079 0.278 0.124 0.107 0.060 0.088 0.091 0.124 0.093 0.013 0.127 0.124 0.064 
 204   (0.038) 0.015 0.038 0.017 0.028 0.036 0.035 0.013 0.028 0.009 0.037 0.026 0.015 0.026 0.025 0.034 0.032 0.055 0.036 0.036 0.014 
 184   (0.056) 0.004 0.056 0.016 0.092 0.052 0.051 0.012 0.072 0.021 0.054 0.042 0.010 0.037 0.072 0.053 0.068 0.006 0.052 0.051 0.073 
 216   (0.017) 0.001 0.017 0.014 0.010 0.030 0.015 0.004 0.010 0.280 0.019 0.015 0.003 0.011 0.012 0.018 0.012 0.002 0.020 0.016 0.007 
 208   (0.046) 0.014 0.046 0.206 0.042 0.050 0.041 0.010 0.048 0.017 0.048 0.030 0.009 0.030 0.031 0.049 0.046 0.005 0.046 0.045 0.017 
 198   (0.039) 0.003 0.039 0.004 0.024 0.037 0.038 0.008 0.024 0.004 0.043 0.038 0.017 0.030 0.026 0.044 0.031 0.004 0.042 0.047 0.015 
 194   (0.064) 0.007 0.064 0.019 0.034 0.058 0.097 0.202 0.038 0.007 0.057 0.152 0.018 0.186 0.050 0.050 0.038 0.610 0.057 0.058 0.036 
 186   (0.015) 0.012 0.015 0.002 0.007 0.013 0.014 0.004 0.008 0.002 0.013 0.008 0.003 0.011 0.010 0.011 0.009 0.047 0.013 0.013 0.006 
 188   (0.020) 0.001 0.020 0.004 0.010 0.020 0.018 0.027 0.011 0.004 0.018 0.010 0.003 0.013 0.013 0.015 0.011 0.002 0.019 0.018 0.007 
 200   (0.065) 0.016 0.065 0.010 0.048 0.059 0.065 0.287 0.049 0.007 0.062 0.060 0.032 0.065 0.060 0.056 0.051 0.010 0.063 0.065 0.071 
 196   (0.035) 0.002 0.035 0.004 0.028 0.033 0.034 0.008 0.027 0.004 0.037 0.031 0.006 0.027 0.023 0.037 0.029 0.004 0.036 0.039 0.014 
 220   (0.011) 0.001 0.011 0.001 0.005 0.010 0.010 0.003 0.006 0.001 0.009 0.005 0.004 0.006 0.007 0.008 0.006 0.001 0.009 0.009 0.004 
 180   (0.014) 0.001 0.014 0.001 0.008 0.013 0.014 0.003 0.007 0.001 0.015 0.013 0.002 0.010 0.009 0.010 0.007 0.001 0.017 0.020 0.005 

Locus 14 : 
8 alleles
1.1% missing data
 139   (0.072) 0.191 0.071 0.010 0.040 0.066 0.075 0.056 0.039 0.255 0.064 0.079 0.038 0.087 0.079 0.062 0.043 0.163 0.068 0.065 0.084 
 145   (0.063) 0.008 0.063 0.010 0.141 0.056 0.058 0.034 0.107 0.021 0.059 0.054 0.012 0.042 0.087 0.065 0.091 0.009 0.057 0.058 0.122 
 151   (0.304) 0.332 0.304 0.677 0.336 0.307 0.288 0.283 0.349 0.166 0.304 0.258 0.354 0.246 0.371 0.317 0.351 0.563 0.306 0.298 0.421 
 157   (0.363) 0.144 0.364 0.267 0.326 0.393 0.378 0.302 0.329 0.496 0.387 0.434 0.478 0.432 0.314 0.388 0.342 0.155 0.385 0.386 0.262 
 154   (0.102) 0.319 0.102 0.026 0.091 0.093 0.106 0.029 0.110 0.051 0.099 0.102 0.018 0.107 0.065 0.092 0.109 0.098 0.098 0.105 0.041 
 163   (0.040) 0.003 0.040 0.004 0.020 0.035 0.041 0.012 0.023 0.005 0.036 0.036 0.090 0.044 0.048 0.030 0.023 0.005 0.036 0.038 0.049 
 160   (0.029) 0.002 0.029 0.003 0.014 0.026 0.027 0.270 0.016 0.003 0.025 0.014 0.005 0.020 0.018 0.021 0.015 0.003 0.025 0.026 0.011 
 142   (0.027) 0.002 0.027 0.003 0.033 0.024 0.027 0.014 0.025 0.004 0.025 0.024 0.005 0.023 0.018 0.024 0.024 0.003 0.024 0.026 0.010 

Locus 15 : 
13 alleles
1.6% missing data
 256   (0.147) 0.065 0.147 0.173 0.113 0.136 0.152 0.158 0.140 0.152 0.134 0.147 0.114 0.176 0.152 0.126 0.130 0.123 0.134 0.134 0.153 
 262   (0.021) 0.001 0.021 0.002 0.009 0.018 0.039 0.009 0.012 0.002 0.016 0.071 0.003 0.090 0.106 0.015 0.011 0.002 0.016 0.017 0.221 
 246   (0.119) 0.008 0.119 0.086 0.077 0.139 0.119 0.098 0.080 0.126 0.134 0.131 0.024 0.118 0.147 0.135 0.103 0.013 0.129 0.130 0.166 
 258   (0.191) 0.015 0.191 0.238 0.189 0.207 0.192 0.162 0.187 0.302 0.207 0.210 0.552 0.199 0.133 0.214 0.206 0.025 0.212 0.200 0.077 
 254   (0.104) 0.153 0.104 0.166 0.092 0.099 0.100 0.069 0.087 0.026 0.099 0.086 0.187 0.088 0.066 0.090 0.081 0.343 0.105 0.106 0.041 
 250   (0.031) 0.659 0.031 0.003 0.019 0.027 0.029 0.009 0.023 0.003 0.027 0.017 0.007 0.022 0.019 0.025 0.023 0.079 0.027 0.027 0.011 
 242   (0.103) 0.074 0.103 0.012 0.160 0.092 0.100 0.058 0.137 0.012 0.103 0.111 0.021 0.086 0.144 0.115 0.134 0.148 0.099 0.110 0.151 
 252   (0.066) 0.007 0.066 0.026 0.052 0.064 0.064 0.020 0.051 0.028 0.068 0.059 0.013 0.059 0.083 0.059 0.056 0.040 0.069 0.065 0.088 
 248   (0.129) 0.012 0.129 0.036 0.222 0.130 0.122 0.386 0.205 0.330 0.123 0.113 0.064 0.104 0.088 0.141 0.182 0.218 0.128 0.126 0.052 
 260   (0.038) 0.003 0.038 0.253 0.022 0.043 0.035 0.018 0.023 0.014 0.042 0.026 0.007 0.025 0.026 0.033 0.025 0.004 0.037 0.038 0.013 
 264   (0.014) 0.001 0.014 0.001 0.008 0.013 0.014 0.003 0.008 0.001 0.014 0.011 0.002 0.010 0.009 0.015 0.009 0.001 0.013 0.015 0.005 
 244   (0.026) 0.002 0.026 0.003 0.031 0.023 0.024 0.007 0.040 0.003 0.024 0.014 0.004 0.018 0.019 0.025 0.034 0.003 0.022 0.023 0.018 
 276   (0.011) 0.001 0.011 0.001 0.005 0.009 0.010 0.002 0.006 0.001 0.009 0.004 0.002 0.006 0.006 0.007 0.005 0.001 0.009 0.009 0.004 

Values of parameters used in structure:
DATAFILE=G:\Shared drives\Emily_Schumacher\QUAC_analyses\QUAC_structure_wild_relate\QUAC_allpop_relate_red_12_15_21\project_data,	OUTFILE=G:\Shared drives\Emily_Schumacher\QUAC_analyses\QUAC_structure_wild_relate\QUAC_allpop_relate_red_12_15_21\50-100\Results\50-100_run_98,	NUMINDS=188,	NUMLOCI=15,	MISSING=-9,	LABEL=1,	POPDATA=1,	POPFLAG=0,	PHENOTYPE=0,	EXTRACOLS=0,	MAXPOPS=20,	BURNIN=50000,	NUMREPS=100000,	USEPOPINFO=0,	INFERALPHA=1,	INFERLAMBDA=0,	POPSPECIFICLAMBDA=0,	POPALPHAS=0,	COMPUTEPROB=1,	NOADMIX=0,	ADMBURNIN=2500,	UPDATEFREQ=1,	PRINTLIKES=0,	INTERMEDSAVE=0,	PRINTKLD=0,	PRINTNET=0,	PRINTLAMBDA=0,	ANCESTDIST=0,	NUMBOXES=1000,	ANCESTPINT=0.90000,	GENSBACK=2,	MIGRPRIOR=0.05000,	PRINTQHAT=0,	PRINTQSUM=0,	ALPHA=1.0000,	FREQSCORR=1,	FPRIORMEAN=0.0100,	FPRIORSD=0.0500,	ONEFST=0,	LAMBDA=1.0000,	UNIFPRIORALPHA=1,	ALPHAMAX=10.0000,	ALPHAPRIORA=1.0000,	ALPHAPRIORB=2.0000,	ALPHAPROPSD=0.0250,	STARTATPOPINFO=0,	RANDOMIZE=1,	LINKAGE=0,	METROFREQ=10,	REPORTHITRATE=0,	MARKOVPHASE=-1,	PHASED=0,	PLOIDY=2,	PHASEINFO=0	LOCPRIOR=0, 	LOCPRIORINIT=1.000000, 	LOCDATA=0, 	LOCISPOP=0, 	LOCPRIORSTEP=0.100000, 	MAXLOCPRIOR=20.000000, 	SEED=1639616503,	
[STRAT parameters]:    NUMSIMSTATS=1000,	PHENOTYPECOL=-9,	POOLFREQ=10,	LOCUSxONLY=0,	EMERROR=0.00100,	MISSINGPHENO=-9,	