

----------------------------------------------------
STRUCTURE by Pritchard, Stephens and Donnelly (2000)
     and Falush, Stephens and Pritchard (2003)
       Code by Pritchard, Falush and Hubisz
             Version 2.3.4 (Jul 2012)
----------------------------------------------------



Command line arguments:   bin\structure -m G:\Shared drives\Emily_Schumacher\QUAC_analyses\QUAC_structure_wild_relate\QUAC_allpop_relate_red_12_15_21\50-100\mainparams -e G:\Shared drives\Emily_Schumacher\QUAC_analyses\QUAC_structure_wild_relate\QUAC_allpop_relate_red_12_15_21\50-100\extraparams 
Input File:    G:\Shared drives\Emily_Schumacher\QUAC_analyses\QUAC_structure_wild_relate\QUAC_allpop_relate_red_12_15_21\project_data

Run parameters:
   188 individuals
   15 loci
   15 populations assumed
   50000 Burn-in period
   100000 Reps


--------------------------------------------
Proportion of membership of each pre-defined
 population in each of the 15 clusters

Given    Inferred Clusters                                                                                           Number of
 Pop       1      2      3      4      5      6      7      8      9     10     11     12     13     14     15      Individuals

  1:     0.005  0.016  0.006  0.010  0.005  0.008  0.015  0.008  0.013  0.007  0.881  0.008  0.007  0.007  0.004        2
  2:     0.013  0.271  0.022  0.035  0.189  0.035  0.116  0.028  0.051  0.027  0.044  0.024  0.082  0.041  0.021       17
  3:     0.084  0.148  0.017  0.059  0.014  0.037  0.220  0.043  0.070  0.026  0.056  0.056  0.099  0.044  0.028       19
  4:     0.022  0.010  0.027  0.076  0.012  0.045  0.336  0.058  0.094  0.030  0.113  0.051  0.012  0.046  0.068       10
  5:     0.007  0.562  0.008  0.015  0.005  0.012  0.014  0.013  0.016  0.010  0.009  0.011  0.278  0.013  0.027        2
  6:     0.090  0.008  0.018  0.038  0.176  0.035  0.431  0.035  0.033  0.024  0.008  0.049  0.016  0.032  0.006        2
  7:     0.029  0.132  0.024  0.066  0.011  0.106  0.006  0.075  0.040  0.056  0.010  0.052  0.279  0.103  0.009        1
  8:     0.005  0.871  0.009  0.007  0.005  0.007  0.008  0.007  0.006  0.007  0.007  0.006  0.040  0.007  0.006        1
  9:     0.038  0.004  0.070  0.132  0.006  0.092  0.008  0.105  0.119  0.106  0.005  0.100  0.051  0.158  0.005        1
 10:     0.338  0.013  0.024  0.078  0.159  0.042  0.008  0.087  0.036  0.031  0.007  0.136  0.008  0.023  0.011        6
 11:     0.145  0.039  0.027  0.062  0.099  0.051  0.112  0.065  0.057  0.038  0.015  0.084  0.117  0.045  0.046       16
 12:     0.016  0.023  0.449  0.055  0.003  0.041  0.013  0.068  0.028  0.179  0.016  0.050  0.008  0.024  0.025        1
 13:     0.024  0.014  0.023  0.049  0.013  0.031  0.173  0.037  0.068  0.027  0.027  0.035  0.014  0.040  0.424       33
 14:     0.140  0.071  0.017  0.023  0.093  0.067  0.018  0.023  0.024  0.030  0.010  0.041  0.361  0.071  0.010       21
 15:     0.015  0.009  0.012  0.020  0.027  0.029  0.021  0.020  0.018  0.017  0.736  0.018  0.013  0.030  0.014       14
 16:     0.014  0.012  0.516  0.029  0.009  0.024  0.018  0.027  0.033  0.220  0.013  0.024  0.018  0.027  0.016       35
 17:     0.038  0.014  0.041  0.149  0.008  0.086  0.018  0.133  0.132  0.085  0.010  0.127  0.010  0.140  0.011        7
--------------------------------------------

Allele-freq. divergence among pops (Net nucleotide distance),
computed using point estimates of P.

      1       2       3       4       5       6       7       8       9      10      11      12      13      14      15      
 1      -    0.1014  0.0368  0.0190  0.0554  0.0197  0.0531  0.0177  0.0237  0.0244  0.0692  0.0116  0.0667  0.0212  0.0728  
 2   0.1014     -    0.1030  0.0797  0.1352  0.0870  0.0986  0.0802  0.0834  0.0880  0.1092  0.0821  0.0867  0.0884  0.1268  
 3   0.0368  0.1030     -    0.0189  0.0660  0.0238  0.0580  0.0178  0.0231  0.0056  0.0619  0.0190  0.0657  0.0249  0.0685  
 4   0.0190  0.0797  0.0189     -    0.0498  0.0062  0.0288  0.0004  0.0014  0.0063  0.0415  0.0012  0.0524  0.0060  0.0417  
 5   0.0554  0.1352  0.0660  0.0498     -    0.0507  0.0913  0.0489  0.0529  0.0539  0.0963  0.0485  0.0955  0.0522  0.0936  
 6   0.0197  0.0870  0.0238  0.0062  0.0507     -    0.0413  0.0053  0.0096  0.0092  0.0494  0.0058  0.0553  0.0005  0.0567  
 7   0.0531  0.0986  0.0580  0.0288  0.0913  0.0413     -    0.0324  0.0271  0.0415  0.0775  0.0335  0.0896  0.0398  0.0541  
 8   0.0177  0.0802  0.0178  0.0004  0.0489  0.0053  0.0324     -    0.0031  0.0056  0.0409  0.0007  0.0510  0.0057  0.0443  
 9   0.0237  0.0834  0.0231  0.0014  0.0529  0.0096  0.0271  0.0031     -    0.0096  0.0458  0.0043  0.0593  0.0082  0.0392  
10   0.0244  0.0880  0.0056  0.0063  0.0539  0.0092  0.0415  0.0056  0.0096     -    0.0489  0.0066  0.0517  0.0095  0.0547  
11   0.0692  0.1092  0.0619  0.0415  0.0963  0.0494  0.0775  0.0409  0.0458  0.0489     -    0.0440  0.0889  0.0509  0.0861  
12   0.0116  0.0821  0.0190  0.0012  0.0485  0.0058  0.0335  0.0007  0.0043  0.0066  0.0440     -    0.0518  0.0063  0.0473  
13   0.0667  0.0867  0.0657  0.0524  0.0955  0.0553  0.0896  0.0510  0.0593  0.0517  0.0889  0.0518     -    0.0566  0.1026  
14   0.0212  0.0884  0.0249  0.0060  0.0522  0.0005  0.0398  0.0057  0.0082  0.0095  0.0509  0.0063  0.0566     -    0.0565  
15   0.0728  0.1268  0.0685  0.0417  0.0936  0.0567  0.0541  0.0443  0.0392  0.0547  0.0861  0.0473  0.1026  0.0565     -    

Average distances (expected heterozygosity) between individuals in same cluster:
cluster  1  : 0.6252 
cluster  2  : 0.4326 
cluster  3  : 0.5700 
cluster  4  : 0.6375 
cluster  5  : 0.5325 
cluster  6  : 0.6513 
cluster  7  : 0.5222 
cluster  8  : 0.6481 
cluster  9  : 0.6124 
cluster 10  : 0.6093 
cluster 11  : 0.5377 
cluster 12  : 0.6491 
cluster 13  : 0.5137 
cluster 14  : 0.6395 
cluster 15  : 0.5215 

--------------------------------------------
Estimated Ln Prob of Data   = -8043.4
Mean value of ln likelihood = -6959.1
Variance of ln likelihood   = 2168.6
Mean value of alpha         = 0.0390

Mean value of Fst_1         = 0.1188
Mean value of Fst_2         = 0.4013
Mean value of Fst_3         = 0.1256
Mean value of Fst_4         = 0.0408
Mean value of Fst_5         = 0.2375
Mean value of Fst_6         = 0.1056
Mean value of Fst_7         = 0.1996
Mean value of Fst_8         = 0.0196
Mean value of Fst_9         = 0.1012
Mean value of Fst_10         = 0.1264
Mean value of Fst_11         = 0.1964
Mean value of Fst_12         = 0.0401
Mean value of Fst_13         = 0.2448
Mean value of Fst_14         = 0.1419
Mean value of Fst_15         = 0.2140


Inferred ancestry of individuals:
        Label (%Miss) Pop:  Inferred clusters
  1 QAc-G-0029    (0)    1 :  0.006 0.028 0.007 0.014 0.006 0.012 0.026 0.012 0.021 0.008 0.829 0.012 0.006 0.010 0.005 
  2 QAc-G-0030    (0)    1 :  0.004 0.004 0.006 0.005 0.005 0.004 0.004 0.005 0.005 0.005 0.934 0.004 0.008 0.004 0.003 
  3 QAc-G-0062    (0)    2 :  0.013 0.032 0.038 0.029 0.397 0.049 0.006 0.031 0.022 0.029 0.006 0.026 0.272 0.046 0.005 
  4 QAc-G-0063    (0)    2 :  0.016 0.591 0.023 0.035 0.010 0.031 0.029 0.043 0.040 0.029 0.006 0.034 0.066 0.027 0.020 
  5 QAc-G-0064    (0)    2 :  0.006 0.006 0.007 0.006 0.901 0.005 0.007 0.005 0.006 0.007 0.005 0.006 0.025 0.005 0.004 
  6 QAc-G-0065    (0)    2 :  0.008 0.003 0.003 0.005 0.936 0.004 0.004 0.005 0.005 0.004 0.006 0.005 0.003 0.004 0.004 
  7 QAc-G-0066    (0)    2 :  0.003 0.946 0.004 0.004 0.003 0.004 0.004 0.004 0.004 0.004 0.005 0.003 0.005 0.004 0.003 
  8 QAc-G-0067    (0)    2 :  0.013 0.005 0.009 0.016 0.836 0.012 0.013 0.015 0.014 0.011 0.018 0.015 0.005 0.011 0.008 
  9 QAc-G-0068    (0)    2 :  0.042 0.485 0.008 0.006 0.006 0.176 0.003 0.006 0.005 0.048 0.006 0.005 0.006 0.194 0.004 
 10 QAc-G-0070    (0)    2 :  0.009 0.496 0.079 0.024 0.020 0.019 0.010 0.027 0.021 0.087 0.013 0.019 0.149 0.021 0.007 
 11 QAc-G-0071   (13)    2 :  0.005 0.881 0.005 0.006 0.004 0.006 0.008 0.005 0.007 0.006 0.008 0.005 0.045 0.006 0.003 
 12 QAc-G-0072    (0)    2 :  0.004 0.933 0.006 0.005 0.004 0.005 0.005 0.005 0.005 0.005 0.005 0.005 0.004 0.005 0.004 
 13 QAc-G-0073    (0)    2 :  0.009 0.004 0.017 0.065 0.004 0.033 0.599 0.020 0.143 0.018 0.013 0.016 0.004 0.036 0.018 
 14 QAc-G-0074    (0)    2 :  0.012 0.160 0.022 0.052 0.006 0.023 0.426 0.039 0.057 0.038 0.004 0.036 0.052 0.037 0.034 
 15 QAc-G-0075    (0)    2 :  0.011 0.012 0.010 0.032 0.011 0.021 0.707 0.025 0.030 0.017 0.016 0.023 0.012 0.030 0.044 
 16 QAc-G-0076    (0)    2 :  0.017 0.010 0.025 0.124 0.034 0.055 0.114 0.052 0.294 0.021 0.009 0.032 0.005 0.116 0.092 
 17 QAc-G-0080    (0)    2 :  0.018 0.009 0.015 0.055 0.030 0.031 0.015 0.054 0.035 0.030 0.599 0.045 0.022 0.038 0.005 
 18 QAc-G-0081    (0)    2 :  0.034 0.005 0.084 0.121 0.006 0.110 0.005 0.123 0.151 0.093 0.008 0.127 0.014 0.105 0.012 
 19 QAc-G-0083    (0)    2 :  0.007 0.028 0.011 0.019 0.009 0.009 0.025 0.014 0.029 0.012 0.016 0.012 0.710 0.011 0.090 
 20 QAc-G-0285    (0)    3 :  0.010 0.074 0.007 0.007 0.004 0.008 0.005 0.007 0.007 0.007 0.010 0.008 0.834 0.007 0.005 
 21 QAc-G-0287    (0)    3 :  0.003 0.954 0.003 0.003 0.003 0.003 0.004 0.003 0.003 0.003 0.003 0.003 0.005 0.003 0.003 
 22 QAc-G-0288    (6)    3 :  0.007 0.893 0.010 0.006 0.006 0.008 0.007 0.007 0.006 0.008 0.016 0.007 0.006 0.007 0.008 
 23 QAc-G-0292    (0)    3 :  0.008 0.144 0.011 0.009 0.007 0.010 0.006 0.010 0.011 0.010 0.005 0.010 0.743 0.013 0.005 
 24 QAc-G-0294    (0)    3 :  0.022 0.005 0.029 0.129 0.017 0.091 0.061 0.076 0.299 0.025 0.016 0.044 0.004 0.129 0.053 
 25 QAc-G-0295    (0)    3 :  0.011 0.016 0.013 0.083 0.019 0.020 0.483 0.023 0.135 0.013 0.023 0.027 0.024 0.078 0.032 
 26 QAc-G-0296    (0)    3 :  0.007 0.008 0.009 0.073 0.036 0.023 0.528 0.020 0.148 0.012 0.005 0.013 0.012 0.061 0.045 
 27 QAc-G-0297    (0)    3 :  0.050 0.003 0.025 0.151 0.004 0.079 0.211 0.117 0.062 0.064 0.006 0.128 0.004 0.056 0.042 
 28 QAc-G-0298    (6)    3 :  0.008 0.004 0.007 0.027 0.009 0.013 0.782 0.018 0.036 0.011 0.017 0.016 0.015 0.025 0.011 
 29 QAc-G-0299    (0)    3 :  0.010 0.011 0.006 0.021 0.005 0.012 0.723 0.013 0.034 0.007 0.005 0.011 0.005 0.014 0.124 
 30 QAc-G-0300    (0)    3 :  0.011 0.005 0.019 0.079 0.037 0.035 0.439 0.024 0.144 0.021 0.005 0.026 0.004 0.058 0.093 
 31 QAc-G-0301    (0)    3 :  0.006 0.012 0.007 0.012 0.038 0.009 0.832 0.011 0.010 0.008 0.008 0.010 0.010 0.009 0.018 
 32 QAc-G-0302    (0)    3 :  0.669 0.005 0.008 0.017 0.009 0.020 0.010 0.021 0.017 0.015 0.005 0.149 0.006 0.024 0.025 
 33 QAc-G-0303    (0)    3 :  0.629 0.005 0.022 0.022 0.024 0.035 0.004 0.020 0.014 0.027 0.007 0.143 0.017 0.027 0.004 
 34 QAc-G-0305    (0)    3 :  0.027 0.642 0.014 0.022 0.007 0.025 0.007 0.022 0.017 0.028 0.023 0.021 0.107 0.035 0.004 
 35 QAc-G-0307    (0)    3 :  0.008 0.004 0.018 0.010 0.006 0.010 0.007 0.011 0.010 0.014 0.868 0.010 0.012 0.008 0.006 
 36 QAc-G-0313    (0)    3 :  0.029 0.010 0.039 0.177 0.018 0.102 0.008 0.159 0.101 0.063 0.011 0.153 0.057 0.064 0.008 
 37 QAc-G-0314    (0)    3 :  0.049 0.004 0.042 0.144 0.010 0.110 0.052 0.124 0.127 0.058 0.013 0.155 0.003 0.078 0.030 
 38 QAc-G-0316    (0)    3 :  0.035 0.010 0.041 0.130 0.014 0.085 0.008 0.122 0.157 0.092 0.025 0.120 0.007 0.138 0.015 
 39 QAc-G-0033    (0)    4 :  0.006 0.005 0.008 0.013 0.011 0.007 0.731 0.007 0.017 0.007 0.007 0.006 0.004 0.015 0.155 
 40 QAc-G-0034    (0)    4 :  0.010 0.004 0.013 0.012 0.009 0.009 0.844 0.011 0.016 0.014 0.027 0.011 0.004 0.008 0.009 
 41 QAc-G-0035    (0)    4 :  0.020 0.016 0.016 0.068 0.024 0.061 0.030 0.040 0.172 0.021 0.016 0.039 0.015 0.067 0.397 
 42 QAc-G-0036    (0)    4 :  0.006 0.012 0.008 0.011 0.011 0.009 0.869 0.011 0.012 0.009 0.006 0.010 0.008 0.009 0.009 
 43 QAc-G-0039    (0)    4 :  0.027 0.010 0.036 0.128 0.009 0.098 0.032 0.062 0.291 0.039 0.037 0.068 0.004 0.131 0.028 
 44 QAc-G-0040    (0)    4 :  0.023 0.018 0.080 0.124 0.008 0.048 0.068 0.072 0.235 0.065 0.011 0.056 0.052 0.101 0.039 
 45 QAc-G-0045    (0)    4 :  0.005 0.009 0.006 0.040 0.007 0.007 0.770 0.007 0.077 0.007 0.012 0.006 0.005 0.019 0.022 
 46 QAc-G-0050    (0)    4 :  0.079 0.010 0.042 0.139 0.007 0.109 0.004 0.174 0.045 0.053 0.101 0.151 0.015 0.067 0.004 
 47 QAc-G-0052    (0)    4 :  0.007 0.004 0.008 0.011 0.021 0.009 0.006 0.011 0.008 0.011 0.876 0.010 0.004 0.009 0.006 
 48 QAc-G-0056    (0)    4 :  0.037 0.008 0.054 0.218 0.009 0.089 0.009 0.188 0.067 0.076 0.041 0.158 0.006 0.032 0.007 
 49 QAc-G-0276    (0)    5 :  0.006 0.309 0.006 0.014 0.003 0.010 0.015 0.012 0.018 0.011 0.010 0.010 0.542 0.012 0.021 
 50 QAc-G-0280    (6)    5 :  0.009 0.814 0.010 0.015 0.006 0.014 0.012 0.014 0.015 0.009 0.008 0.013 0.015 0.013 0.033 
 51 QAc-G-0018    (0)    6 :  0.016 0.006 0.007 0.013 0.006 0.016 0.845 0.011 0.017 0.010 0.012 0.012 0.004 0.016 0.008 
 52 QAc-G-0017    (0)    6 :  0.163 0.010 0.028 0.063 0.347 0.054 0.016 0.059 0.050 0.039 0.004 0.087 0.028 0.048 0.004 
 53 QAc-G-0250    (0)    7 :  0.029 0.132 0.024 0.066 0.011 0.106 0.006 0.075 0.040 0.056 0.010 0.052 0.279 0.103 0.009 
 54 QAc-G-0003    (6)    8 :  0.005 0.871 0.009 0.007 0.005 0.007 0.008 0.007 0.006 0.007 0.007 0.006 0.040 0.007 0.006 
 55 QAc-G-0283    (0)    9 :  0.038 0.004 0.070 0.132 0.006 0.092 0.008 0.105 0.119 0.106 0.005 0.100 0.051 0.158 0.005 
 56 QAc-G-0255    (0)   10 :  0.552 0.005 0.010 0.029 0.008 0.035 0.009 0.048 0.035 0.030 0.004 0.164 0.006 0.036 0.030 
 57 QAc-G-0256    (0)   10 :  0.712 0.017 0.005 0.009 0.045 0.007 0.008 0.008 0.008 0.006 0.006 0.138 0.014 0.008 0.008 
 58 QAc-G-0257    (0)   10 :  0.615 0.004 0.019 0.018 0.098 0.017 0.006 0.019 0.014 0.017 0.012 0.140 0.006 0.012 0.003 
 59 QAc-G-0259    (0)   10 :  0.051 0.003 0.033 0.230 0.003 0.088 0.003 0.248 0.058 0.057 0.003 0.203 0.003 0.009 0.009 
 60 QAc-G-0260    (0)   10 :  0.078 0.044 0.055 0.131 0.192 0.067 0.010 0.141 0.060 0.044 0.010 0.117 0.014 0.025 0.011 
 61 QAc-G-0261    (0)   10 :  0.022 0.005 0.020 0.052 0.606 0.039 0.010 0.059 0.041 0.030 0.006 0.054 0.006 0.045 0.005 
 62 QAc-G-0109    (0)   11 :  0.313 0.006 0.026 0.089 0.091 0.064 0.019 0.090 0.046 0.054 0.014 0.129 0.009 0.045 0.005 
 63 QAc-G-0113    (0)   11 :  0.522 0.010 0.012 0.028 0.027 0.060 0.012 0.026 0.017 0.021 0.022 0.125 0.052 0.059 0.005 
 64 QAc-G-0114    (0)   11 :  0.523 0.011 0.010 0.030 0.006 0.028 0.024 0.041 0.021 0.021 0.006 0.146 0.007 0.019 0.108 
 65 QAc-G-0117    (0)   11 :  0.112 0.007 0.021 0.078 0.113 0.078 0.073 0.077 0.108 0.052 0.014 0.069 0.059 0.091 0.048 
 66 QAc-G-0120    (0)   11 :  0.286 0.005 0.020 0.112 0.008 0.075 0.013 0.137 0.041 0.054 0.010 0.178 0.010 0.037 0.014 
 67 QAc-G-0125    (0)   11 :  0.018 0.015 0.022 0.029 0.692 0.018 0.004 0.026 0.019 0.022 0.039 0.020 0.057 0.014 0.005 
 68 QAc-G-0141    (0)   11 :  0.072 0.021 0.029 0.108 0.027 0.096 0.037 0.103 0.154 0.081 0.029 0.088 0.016 0.125 0.015 
 69 QAc-G-0143    (0)   11 :  0.016 0.006 0.033 0.153 0.003 0.140 0.008 0.224 0.070 0.058 0.006 0.220 0.004 0.054 0.004 
 70 QAc-G-0147    (0)   11 :  0.072 0.005 0.065 0.050 0.473 0.040 0.030 0.041 0.031 0.047 0.008 0.052 0.040 0.036 0.010 
 71 QAc-G-0174    (0)   11 :  0.005 0.059 0.004 0.005 0.003 0.005 0.007 0.005 0.005 0.005 0.006 0.005 0.877 0.005 0.004 
 72 QAc-G-0182    (0)   11 :  0.006 0.238 0.005 0.006 0.011 0.005 0.005 0.006 0.005 0.005 0.003 0.006 0.691 0.005 0.004 
 73 QAc-G-0188    (0)   11 :  0.290 0.217 0.014 0.045 0.007 0.058 0.007 0.070 0.055 0.035 0.004 0.121 0.014 0.046 0.017 
 74 QAc-G-0229    (0)   11 :  0.008 0.005 0.011 0.010 0.004 0.010 0.873 0.011 0.013 0.012 0.007 0.011 0.009 0.010 0.006 
 75 QAc-G-0233    (0)   11 :  0.032 0.007 0.097 0.075 0.011 0.043 0.013 0.088 0.054 0.073 0.037 0.082 0.004 0.019 0.365 
 76 QAc-G-0237    (0)   11 :  0.021 0.009 0.015 0.042 0.052 0.017 0.646 0.022 0.054 0.015 0.019 0.020 0.007 0.035 0.026 
 77 QAc-G-0243    (0)   11 :  0.025 0.004 0.044 0.126 0.058 0.074 0.019 0.080 0.213 0.054 0.012 0.067 0.008 0.119 0.098 
 78 QAc-G-0249    (0)   12 :  0.016 0.023 0.449 0.055 0.003 0.041 0.013 0.068 0.028 0.179 0.016 0.050 0.008 0.024 0.025 
 79 QAc-W-0001    (0)   13 :  0.011 0.003 0.006 0.008 0.012 0.007 0.034 0.008 0.009 0.006 0.005 0.008 0.003 0.007 0.873 
 80 QAc-W-0002    (0)   13 :  0.027 0.038 0.015 0.041 0.004 0.019 0.643 0.031 0.067 0.019 0.006 0.029 0.007 0.036 0.017 
 81 QAc-W-0003    (0)   13 :  0.017 0.008 0.007 0.017 0.013 0.012 0.020 0.012 0.019 0.011 0.021 0.014 0.028 0.014 0.788 
 82 QAc-W-0004    (0)   13 :  0.004 0.007 0.005 0.006 0.004 0.005 0.016 0.005 0.009 0.005 0.007 0.005 0.004 0.005 0.913 
 83 QAc-W-0005    (0)   13 :  0.005 0.005 0.006 0.007 0.004 0.006 0.008 0.006 0.008 0.007 0.004 0.006 0.006 0.006 0.916 
 84 QAc-W-0007   (13)   13 :  0.006 0.005 0.007 0.009 0.006 0.006 0.016 0.007 0.011 0.007 0.005 0.006 0.006 0.007 0.897 
 85 QAc-W-0008    (6)   13 :  0.012 0.007 0.018 0.034 0.005 0.026 0.016 0.033 0.032 0.027 0.004 0.027 0.007 0.023 0.728 
 86 QAc-W-0009    (0)   13 :  0.198 0.021 0.038 0.093 0.013 0.041 0.160 0.073 0.114 0.034 0.010 0.112 0.007 0.065 0.020 
 87 QAc-W-0010    (0)   13 :  0.017 0.007 0.031 0.022 0.033 0.019 0.011 0.023 0.033 0.022 0.006 0.017 0.020 0.020 0.720 
 88 QAc-W-0011    (0)   13 :  0.020 0.039 0.018 0.063 0.013 0.044 0.091 0.035 0.121 0.017 0.015 0.033 0.016 0.051 0.423 
 89 QAc-W-0012    (0)   13 :  0.012 0.016 0.014 0.023 0.010 0.019 0.121 0.021 0.036 0.017 0.011 0.021 0.006 0.017 0.655 
 90 QAc-W-0013    (0)   13 :  0.045 0.014 0.011 0.098 0.008 0.037 0.241 0.033 0.210 0.017 0.152 0.029 0.007 0.084 0.013 
 91 QAc-W-0014    (0)   13 :  0.005 0.004 0.016 0.011 0.005 0.008 0.017 0.009 0.017 0.014 0.005 0.008 0.010 0.011 0.859 
 92 QAc-W-0015    (0)   13 :  0.014 0.015 0.018 0.071 0.004 0.023 0.453 0.024 0.129 0.026 0.014 0.020 0.127 0.047 0.013 
 93 QAc-W-0017    (0)   13 :  0.038 0.010 0.058 0.126 0.008 0.068 0.057 0.103 0.150 0.089 0.026 0.096 0.050 0.109 0.012 
 94 QAc-W-0018    (0)   13 :  0.041 0.004 0.022 0.060 0.016 0.072 0.025 0.059 0.063 0.035 0.045 0.059 0.004 0.041 0.453 
 95 QAc-W-0020    (0)   13 :  0.008 0.004 0.006 0.019 0.011 0.021 0.007 0.019 0.019 0.013 0.004 0.019 0.005 0.019 0.826 
 96 QAc-W-0021    (0)   13 :  0.031 0.012 0.026 0.064 0.010 0.050 0.016 0.082 0.059 0.037 0.135 0.063 0.004 0.039 0.372 
 97 QAc-W-0022    (0)   13 :  0.027 0.013 0.042 0.107 0.010 0.084 0.112 0.099 0.170 0.079 0.013 0.088 0.027 0.104 0.026 
 98 QAc-W-0023    (6)   13 :  0.043 0.003 0.048 0.098 0.043 0.051 0.140 0.070 0.166 0.041 0.024 0.054 0.005 0.087 0.124 
 99 QAc-W-0024    (0)   13 :  0.023 0.055 0.019 0.054 0.007 0.029 0.026 0.047 0.065 0.043 0.102 0.054 0.005 0.057 0.414 
100 QAc-W-0025    (0)   13 :  0.014 0.009 0.014 0.035 0.005 0.021 0.386 0.021 0.031 0.016 0.019 0.022 0.004 0.023 0.380 
101 QAc-W-0026    (0)   13 :  0.020 0.059 0.028 0.034 0.020 0.025 0.059 0.036 0.025 0.026 0.093 0.030 0.017 0.019 0.508 
102 QAc-W-0027    (0)   13 :  0.012 0.005 0.013 0.018 0.004 0.012 0.774 0.015 0.015 0.012 0.005 0.016 0.004 0.010 0.086 
103 QAc-W-0028    (0)   13 :  0.012 0.009 0.012 0.033 0.004 0.019 0.134 0.023 0.057 0.020 0.005 0.025 0.008 0.033 0.607 
104 QAc-W-0029    (0)   13 :  0.015 0.004 0.015 0.075 0.021 0.037 0.211 0.023 0.194 0.018 0.006 0.019 0.004 0.085 0.273 
105 QAc-W-0032    (0)   13 :  0.005 0.003 0.008 0.011 0.022 0.008 0.020 0.008 0.016 0.007 0.006 0.008 0.003 0.009 0.867 
106 QAc-W-0033    (0)   13 :  0.033 0.005 0.045 0.111 0.033 0.095 0.020 0.128 0.086 0.067 0.014 0.102 0.009 0.070 0.183 
107 QAc-W-0035    (0)   13 :  0.013 0.023 0.032 0.058 0.008 0.036 0.455 0.042 0.048 0.032 0.020 0.037 0.015 0.040 0.141 
108 QAc-W-0037    (0)   13 :  0.006 0.008 0.007 0.012 0.015 0.010 0.844 0.009 0.015 0.009 0.012 0.009 0.006 0.012 0.024 
109 QAc-W-0038    (0)   13 :  0.029 0.010 0.022 0.099 0.013 0.061 0.104 0.071 0.125 0.059 0.007 0.071 0.032 0.124 0.174 
110 QAc-W-0040    (0)   13 :  0.010 0.009 0.114 0.020 0.025 0.014 0.014 0.021 0.017 0.045 0.014 0.019 0.009 0.009 0.657 
111 QAc-W-0041    (0)   13 :  0.030 0.035 0.016 0.066 0.006 0.041 0.450 0.032 0.121 0.020 0.060 0.030 0.006 0.045 0.042 
112 QAc-W-0042    (0)   14 :  0.347 0.037 0.009 0.026 0.320 0.028 0.019 0.016 0.044 0.018 0.016 0.063 0.011 0.038 0.007 
113 QAc-W-0044    (0)   14 :  0.059 0.044 0.027 0.074 0.187 0.050 0.097 0.033 0.169 0.057 0.005 0.034 0.080 0.075 0.010 
114 QAc-W-0045    (0)   14 :  0.655 0.012 0.008 0.013 0.045 0.030 0.013 0.014 0.011 0.012 0.008 0.130 0.007 0.036 0.007 
115 QAc-W-0048    (0)   14 :  0.587 0.005 0.012 0.022 0.104 0.020 0.015 0.029 0.015 0.013 0.016 0.131 0.006 0.013 0.011 
116 QAc-W-0050    (0)   14 :  0.192 0.012 0.014 0.029 0.026 0.256 0.009 0.028 0.020 0.072 0.006 0.046 0.006 0.280 0.004 
117 QAc-W-0051    (0)   14 :  0.112 0.006 0.008 0.014 0.091 0.281 0.007 0.015 0.014 0.070 0.017 0.019 0.040 0.301 0.007 
118 QAc-W-0052    (0)   14 :  0.006 0.006 0.004 0.005 0.927 0.004 0.005 0.005 0.005 0.005 0.003 0.005 0.006 0.004 0.010 
119 QAc-W-0053    (0)   14 :  0.692 0.005 0.009 0.014 0.045 0.014 0.009 0.011 0.013 0.010 0.005 0.142 0.007 0.015 0.008 
120 QAc-W-0054    (0)   14 :  0.049 0.107 0.039 0.066 0.085 0.145 0.011 0.086 0.041 0.068 0.009 0.069 0.075 0.141 0.009 
121 QAc-W-0056    (0)   14 :  0.035 0.007 0.020 0.065 0.008 0.218 0.075 0.087 0.049 0.077 0.011 0.071 0.011 0.219 0.048 
122 QAc-W-0057    (0)   14 :  0.114 0.007 0.017 0.032 0.011 0.248 0.017 0.040 0.029 0.066 0.028 0.041 0.085 0.258 0.007 
123 QAc-W-0060    (0)   14 :  0.005 0.008 0.006 0.008 0.032 0.006 0.020 0.007 0.006 0.006 0.004 0.006 0.876 0.005 0.003 
124 QAc-W-0061    (0)   14 :  0.021 0.014 0.042 0.027 0.006 0.023 0.030 0.034 0.022 0.038 0.012 0.032 0.663 0.022 0.013 
125 QAc-W-0062    (0)   14 :  0.004 0.006 0.005 0.004 0.008 0.004 0.004 0.004 0.004 0.005 0.004 0.004 0.937 0.004 0.003 
126 QAc-W-0063    (0)   14 :  0.008 0.023 0.012 0.012 0.023 0.009 0.007 0.012 0.012 0.009 0.020 0.010 0.817 0.008 0.017 
127 QAc-W-0064    (0)   14 :  0.005 0.019 0.008 0.008 0.005 0.008 0.005 0.008 0.007 0.007 0.006 0.007 0.890 0.008 0.010 
128 QAc-W-0065    (0)   14 :  0.011 0.010 0.017 0.019 0.007 0.024 0.016 0.018 0.016 0.023 0.011 0.017 0.772 0.028 0.009 
129 QAc-W-0066    (0)   14 :  0.003 0.954 0.003 0.003 0.003 0.003 0.004 0.003 0.003 0.003 0.004 0.003 0.005 0.003 0.003 
130 QAc-W-0072    (0)   14 :  0.008 0.005 0.085 0.013 0.004 0.023 0.006 0.015 0.011 0.044 0.011 0.012 0.725 0.020 0.016 
131 QAc-W-0073    (0)   14 :  0.013 0.006 0.009 0.014 0.009 0.013 0.009 0.013 0.014 0.017 0.008 0.012 0.842 0.015 0.007 
132 QAc-W-0077    (0)   14 :  0.007 0.193 0.005 0.006 0.005 0.007 0.007 0.005 0.006 0.006 0.004 0.006 0.730 0.007 0.006 
133 QAc-W-0078    (0)   15 :  0.012 0.032 0.026 0.035 0.017 0.024 0.024 0.037 0.024 0.024 0.675 0.032 0.008 0.018 0.014 
134 QAc-W-0079    (6)   15 :  0.007 0.012 0.007 0.006 0.003 0.006 0.008 0.006 0.006 0.006 0.912 0.006 0.004 0.005 0.005 
135 QAc-W-0081    (0)   15 :  0.005 0.004 0.005 0.007 0.010 0.005 0.005 0.006 0.007 0.005 0.913 0.006 0.008 0.006 0.008 
136 QAc-W-0082    (0)   15 :  0.045 0.006 0.004 0.007 0.003 0.188 0.006 0.007 0.006 0.049 0.460 0.007 0.005 0.203 0.003 
137 QAc-W-0083    (0)   15 :  0.008 0.008 0.010 0.008 0.008 0.010 0.006 0.008 0.008 0.009 0.857 0.010 0.032 0.010 0.008 
138 QAc-W-0086    (0)   15 :  0.006 0.015 0.009 0.008 0.005 0.009 0.008 0.008 0.010 0.009 0.885 0.007 0.006 0.009 0.007 
139 QAc-W-0087    (0)   15 :  0.008 0.006 0.007 0.006 0.003 0.006 0.005 0.006 0.005 0.007 0.923 0.006 0.003 0.005 0.004 
140 QAc-W-0088    (0)   15 :  0.014 0.006 0.009 0.017 0.004 0.015 0.011 0.017 0.013 0.011 0.839 0.019 0.006 0.013 0.006 
141 QAc-W-0092    (0)   15 :  0.017 0.010 0.014 0.034 0.020 0.018 0.103 0.026 0.031 0.014 0.641 0.021 0.005 0.017 0.028 
142 QAc-W-0093    (0)   15 :  0.015 0.003 0.018 0.024 0.009 0.021 0.019 0.024 0.027 0.020 0.736 0.028 0.005 0.022 0.027 
143 QAc-W-0094    (0)   15 :  0.033 0.006 0.014 0.045 0.255 0.033 0.010 0.051 0.034 0.024 0.305 0.040 0.053 0.044 0.054 
144 QAc-W-0097    (0)   15 :  0.016 0.006 0.011 0.033 0.017 0.026 0.069 0.031 0.037 0.019 0.649 0.027 0.007 0.025 0.025 
145 QAc-W-0099    (0)   15 :  0.022 0.005 0.024 0.047 0.020 0.036 0.009 0.046 0.041 0.031 0.647 0.037 0.005 0.026 0.004 
146 QAc-W-0107    (0)   15 :  0.005 0.012 0.006 0.009 0.007 0.008 0.006 0.009 0.009 0.009 0.867 0.008 0.028 0.009 0.006 
147 QAc-W-0115    (0)   16 :  0.006 0.005 0.604 0.013 0.006 0.009 0.019 0.014 0.010 0.264 0.010 0.012 0.008 0.008 0.011 
148 QAc-W-0116    (0)   16 :  0.024 0.003 0.536 0.033 0.013 0.022 0.019 0.033 0.031 0.214 0.007 0.030 0.005 0.024 0.008 
149 QAc-W-0117    (0)   16 :  0.012 0.004 0.667 0.012 0.004 0.009 0.008 0.010 0.015 0.222 0.004 0.012 0.004 0.012 0.005 
150 QAc-W-0118    (0)   16 :  0.010 0.040 0.547 0.014 0.005 0.013 0.006 0.018 0.012 0.254 0.022 0.017 0.021 0.013 0.008 
151 QAc-W-0119    (0)   16 :  0.012 0.017 0.605 0.022 0.007 0.023 0.007 0.024 0.016 0.211 0.007 0.019 0.004 0.019 0.006 
152 QAc-W-0120    (0)   16 :  0.019 0.018 0.539 0.038 0.005 0.027 0.010 0.047 0.021 0.194 0.011 0.037 0.010 0.013 0.011 
153 QAc-W-0121    (0)   16 :  0.009 0.075 0.584 0.015 0.003 0.021 0.006 0.015 0.022 0.194 0.004 0.012 0.010 0.022 0.007 
154 QAc-W-0122    (0)   16 :  0.017 0.004 0.343 0.037 0.004 0.032 0.006 0.034 0.072 0.331 0.006 0.030 0.006 0.060 0.018 
155 QAc-W-0123    (6)   16 :  0.018 0.007 0.506 0.029 0.020 0.017 0.014 0.029 0.032 0.251 0.010 0.030 0.011 0.023 0.004 
156 QAc-W-0124    (0)   16 :  0.008 0.011 0.331 0.025 0.007 0.017 0.051 0.023 0.024 0.231 0.096 0.017 0.123 0.017 0.018 
157 QAc-W-0125    (0)   16 :  0.011 0.008 0.646 0.013 0.008 0.011 0.011 0.012 0.011 0.210 0.019 0.013 0.004 0.014 0.008 
158 QAc-W-0132    (6)   16 :  0.010 0.055 0.444 0.029 0.021 0.020 0.043 0.031 0.023 0.200 0.035 0.022 0.029 0.019 0.018 
159 QAc-W-0134    (0)   16 :  0.006 0.004 0.698 0.006 0.007 0.006 0.007 0.006 0.006 0.226 0.006 0.006 0.007 0.005 0.005 
160 QAc-W-0135    (0)   16 :  0.009 0.016 0.414 0.022 0.004 0.019 0.024 0.023 0.024 0.274 0.010 0.018 0.028 0.016 0.099 
161 QAc-W-0136    (0)   16 :  0.005 0.003 0.712 0.007 0.008 0.006 0.005 0.008 0.007 0.208 0.004 0.008 0.006 0.006 0.005 
162 QAc-W-0138    (0)   16 :  0.005 0.004 0.706 0.009 0.006 0.008 0.005 0.009 0.011 0.206 0.004 0.007 0.004 0.008 0.008 
163 QAc-W-0140    (0)   16 :  0.026 0.005 0.582 0.024 0.004 0.017 0.020 0.020 0.031 0.205 0.007 0.020 0.005 0.025 0.009 
164 QAc-W-0141    (6)   16 :  0.042 0.029 0.103 0.099 0.008 0.075 0.056 0.083 0.172 0.099 0.008 0.080 0.009 0.117 0.020 
165 QAc-W-0142    (0)   16 :  0.006 0.012 0.675 0.007 0.004 0.009 0.004 0.007 0.007 0.231 0.005 0.007 0.014 0.009 0.004 
166 QAc-W-0143    (0)   16 :  0.012 0.003 0.650 0.014 0.006 0.011 0.005 0.012 0.012 0.214 0.028 0.011 0.005 0.008 0.007 
167 QAc-W-0145    (0)   16 :  0.006 0.003 0.533 0.010 0.004 0.010 0.005 0.013 0.010 0.367 0.003 0.011 0.006 0.013 0.004 
168 QAc-W-0148    (0)   16 :  0.005 0.004 0.691 0.007 0.007 0.006 0.012 0.006 0.007 0.223 0.004 0.007 0.007 0.007 0.007 
169 QAc-W-0149    (0)   16 :  0.024 0.004 0.208 0.067 0.041 0.063 0.007 0.060 0.111 0.248 0.010 0.054 0.014 0.075 0.014 
170 QAc-W-0150    (0)   16 :  0.017 0.006 0.270 0.051 0.021 0.046 0.039 0.048 0.077 0.207 0.032 0.037 0.007 0.045 0.097 
171 QAc-W-0151    (0)   16 :  0.009 0.004 0.557 0.018 0.006 0.012 0.056 0.016 0.017 0.252 0.011 0.012 0.006 0.013 0.010 
172 QAc-W-0152    (0)   16 :  0.010 0.006 0.524 0.012 0.006 0.010 0.009 0.010 0.010 0.339 0.005 0.010 0.034 0.011 0.005 
173 QAc-W-0153    (0)   16 :  0.025 0.006 0.033 0.148 0.004 0.090 0.030 0.107 0.180 0.075 0.025 0.098 0.024 0.150 0.006 
174 QAc-W-0154    (0)   16 :  0.010 0.004 0.579 0.032 0.004 0.024 0.008 0.027 0.021 0.184 0.006 0.028 0.004 0.014 0.053 
175 QAc-W-0157    (0)   16 :  0.021 0.012 0.478 0.053 0.027 0.033 0.022 0.054 0.028 0.182 0.004 0.042 0.020 0.019 0.005 
176 QAc-W-0158    (0)   16 :  0.009 0.028 0.464 0.032 0.008 0.016 0.070 0.021 0.042 0.190 0.028 0.017 0.008 0.023 0.044 
177 QAc-W-0159    (0)   16 :  0.007 0.004 0.669 0.008 0.008 0.009 0.007 0.010 0.008 0.233 0.007 0.009 0.004 0.010 0.008 
178 QAc-W-0160    (0)   16 :  0.008 0.004 0.603 0.023 0.004 0.020 0.020 0.028 0.025 0.188 0.008 0.024 0.005 0.014 0.025 
179 QAc-W-0162    (0)   16 :  0.027 0.006 0.547 0.015 0.018 0.025 0.004 0.015 0.012 0.187 0.008 0.016 0.093 0.023 0.004 
180 QAc-W-0163    (0)   16 :  0.045 0.008 0.476 0.030 0.011 0.068 0.008 0.033 0.020 0.187 0.005 0.031 0.009 0.064 0.006 
181 QAc-W-0164    (0)   16 :  0.016 0.009 0.520 0.035 0.010 0.023 0.008 0.039 0.022 0.183 0.012 0.031 0.064 0.020 0.007 
182 QAc-W-0167    (0)   17 :  0.037 0.006 0.016 0.126 0.007 0.062 0.006 0.099 0.176 0.100 0.019 0.111 0.009 0.220 0.006 
183 QAc-W-0168    (0)   17 :  0.036 0.058 0.125 0.130 0.009 0.068 0.017 0.131 0.099 0.099 0.013 0.112 0.022 0.073 0.010 
184 QAc-W-0169    (0)   17 :  0.043 0.011 0.035 0.179 0.004 0.115 0.015 0.190 0.078 0.069 0.004 0.143 0.011 0.083 0.020 
185 QAc-W-0170    (0)   17 :  0.033 0.004 0.027 0.173 0.005 0.100 0.054 0.165 0.099 0.074 0.007 0.123 0.005 0.118 0.012 
186 QAc-W-0172    (0)   17 :  0.041 0.002 0.050 0.184 0.018 0.115 0.010 0.183 0.086 0.062 0.011 0.184 0.003 0.043 0.009 
187 QAc-W-0173    (0)   17 :  0.033 0.004 0.016 0.125 0.005 0.063 0.014 0.069 0.211 0.101 0.006 0.102 0.010 0.227 0.013 
188 QAc-W-0174    (0)   17 :  0.042 0.011 0.019 0.128 0.005 0.080 0.009 0.093 0.174 0.089 0.007 0.110 0.011 0.219 0.005 


Estimated Allele Frequencies in each cluster
First column gives estimated ancestral frequencies


Locus 1 : 
18 alleles
0.0% missing data
 210   (0.115) 0.222 0.007 0.169 0.110 0.037 0.109 0.072 0.115 0.100 0.153 0.148 0.137 0.023 0.100 0.018 
 212   (0.112) 0.049 0.200 0.076 0.119 0.023 0.114 0.392 0.117 0.122 0.119 0.272 0.104 0.015 0.106 0.052 
 202   (0.057) 0.024 0.004 0.017 0.049 0.293 0.044 0.035 0.056 0.037 0.028 0.137 0.050 0.007 0.032 0.069 
 226   (0.042) 0.027 0.241 0.012 0.034 0.209 0.035 0.004 0.039 0.022 0.020 0.016 0.035 0.134 0.028 0.005 
 216   (0.082) 0.055 0.005 0.129 0.071 0.173 0.061 0.011 0.078 0.056 0.075 0.166 0.072 0.061 0.049 0.021 
 200   (0.240) 0.208 0.510 0.172 0.293 0.127 0.218 0.385 0.250 0.390 0.232 0.089 0.244 0.135 0.266 0.506 
 224   (0.043) 0.017 0.004 0.013 0.046 0.010 0.035 0.026 0.042 0.052 0.026 0.013 0.037 0.254 0.040 0.010 
 218   (0.052) 0.020 0.004 0.138 0.044 0.010 0.043 0.010 0.050 0.032 0.076 0.106 0.043 0.018 0.037 0.088 
 228   (0.012) 0.004 0.001 0.003 0.009 0.002 0.007 0.001 0.011 0.005 0.004 0.001 0.009 0.123 0.004 0.001 
 214   (0.060) 0.153 0.013 0.028 0.053 0.049 0.202 0.007 0.058 0.042 0.080 0.008 0.070 0.207 0.208 0.007 
 208   (0.064) 0.085 0.005 0.017 0.067 0.018 0.050 0.041 0.067 0.069 0.043 0.028 0.078 0.008 0.062 0.205 
 220   (0.029) 0.013 0.002 0.014 0.029 0.006 0.024 0.006 0.031 0.023 0.022 0.003 0.028 0.004 0.026 0.003 
 196   (0.011) 0.004 0.001 0.003 0.009 0.002 0.007 0.001 0.011 0.006 0.005 0.002 0.009 0.001 0.005 0.001 
 238   (0.010) 0.004 0.001 0.003 0.010 0.002 0.008 0.001 0.010 0.008 0.006 0.001 0.009 0.002 0.009 0.001 
 206   (0.023) 0.051 0.001 0.027 0.018 0.005 0.014 0.002 0.021 0.011 0.017 0.003 0.028 0.002 0.009 0.003 
 190   (0.012) 0.004 0.001 0.003 0.009 0.002 0.007 0.001 0.011 0.006 0.005 0.001 0.009 0.001 0.004 0.001 
 222   (0.026) 0.009 0.002 0.174 0.021 0.028 0.016 0.003 0.023 0.013 0.085 0.004 0.020 0.004 0.010 0.008 
 232   (0.011) 0.051 0.001 0.003 0.009 0.005 0.007 0.001 0.010 0.005 0.004 0.001 0.017 0.001 0.005 0.001 

Locus 2 : 
15 alleles
2.1% missing data
 171   (0.212) 0.399 0.018 0.097 0.225 0.255 0.229 0.423 0.214 0.250 0.154 0.183 0.246 0.045 0.234 0.308 
 175   (0.099) 0.046 0.033 0.041 0.089 0.194 0.152 0.057 0.096 0.080 0.079 0.255 0.084 0.030 0.148 0.050 
 185   (0.053) 0.021 0.005 0.184 0.045 0.013 0.038 0.006 0.052 0.038 0.122 0.081 0.045 0.016 0.031 0.009 
 179   (0.072) 0.029 0.034 0.216 0.070 0.229 0.055 0.010 0.072 0.069 0.192 0.009 0.065 0.481 0.063 0.008 
 181   (0.092) 0.114 0.557 0.026 0.099 0.037 0.084 0.131 0.089 0.113 0.053 0.342 0.092 0.052 0.087 0.034 
 173   (0.184) 0.170 0.327 0.203 0.204 0.181 0.195 0.223 0.181 0.226 0.164 0.040 0.178 0.153 0.203 0.189 
 177   (0.034) 0.014 0.003 0.076 0.029 0.006 0.033 0.004 0.033 0.020 0.042 0.004 0.028 0.177 0.027 0.004 
 187   (0.092) 0.059 0.009 0.039 0.095 0.019 0.095 0.114 0.101 0.086 0.074 0.012 0.098 0.026 0.106 0.111 
 183   (0.062) 0.096 0.006 0.081 0.061 0.018 0.051 0.008 0.065 0.057 0.068 0.022 0.078 0.007 0.053 0.008 
 189   (0.031) 0.012 0.003 0.018 0.029 0.006 0.023 0.017 0.030 0.023 0.021 0.004 0.026 0.004 0.017 0.272 
 191   (0.020) 0.024 0.002 0.005 0.017 0.035 0.014 0.002 0.019 0.011 0.009 0.043 0.019 0.003 0.011 0.003 
 163   (0.012) 0.004 0.001 0.003 0.009 0.002 0.007 0.001 0.011 0.006 0.005 0.001 0.009 0.001 0.004 0.001 
 165   (0.013) 0.005 0.001 0.003 0.010 0.002 0.008 0.001 0.012 0.006 0.005 0.001 0.010 0.001 0.005 0.001 
 193   (0.012) 0.004 0.001 0.003 0.010 0.002 0.009 0.001 0.013 0.006 0.006 0.001 0.012 0.001 0.005 0.001 
 167   (0.012) 0.004 0.001 0.003 0.009 0.002 0.008 0.001 0.011 0.007 0.005 0.001 0.010 0.001 0.005 0.001 

Locus 3 : 
4 alleles
1.1% missing data
 206   (0.888) 0.904 0.989 0.967 0.898 0.886 0.911 0.984 0.891 0.921 0.938 0.974 0.893 0.881 0.924 0.698 
 208   (0.058) 0.063 0.004 0.017 0.049 0.012 0.050 0.009 0.056 0.038 0.032 0.007 0.057 0.054 0.041 0.296 
 204   (0.040) 0.027 0.006 0.012 0.034 0.100 0.027 0.005 0.038 0.023 0.020 0.017 0.036 0.063 0.020 0.005 
 212   (0.015) 0.006 0.001 0.004 0.018 0.002 0.012 0.002 0.016 0.018 0.010 0.002 0.015 0.002 0.015 0.002 

Locus 4 : 
15 alleles
1.1% missing data
 165   (0.076) 0.032 0.005 0.024 0.091 0.046 0.079 0.031 0.079 0.114 0.048 0.455 0.070 0.301 0.092 0.014 
 163   (0.207) 0.256 0.016 0.270 0.225 0.092 0.212 0.068 0.215 0.255 0.257 0.031 0.228 0.081 0.242 0.094 
 167   (0.142) 0.103 0.010 0.146 0.135 0.465 0.154 0.190 0.141 0.122 0.139 0.074 0.131 0.019 0.150 0.240 
 161   (0.350) 0.414 0.953 0.458 0.354 0.330 0.375 0.670 0.341 0.352 0.428 0.130 0.352 0.575 0.372 0.470 
 153   (0.015) 0.006 0.001 0.005 0.017 0.003 0.012 0.005 0.014 0.023 0.006 0.002 0.012 0.002 0.012 0.011 
 173   (0.030) 0.025 0.002 0.008 0.025 0.005 0.035 0.003 0.030 0.016 0.017 0.259 0.029 0.004 0.031 0.003 
 171   (0.040) 0.053 0.003 0.012 0.036 0.032 0.033 0.004 0.043 0.033 0.024 0.005 0.047 0.004 0.032 0.005 
 179   (0.013) 0.005 0.001 0.003 0.011 0.002 0.009 0.003 0.012 0.007 0.007 0.001 0.012 0.001 0.006 0.002 
 157   (0.021) 0.017 0.001 0.006 0.018 0.004 0.013 0.012 0.020 0.013 0.009 0.003 0.019 0.002 0.010 0.143 
 149   (0.012) 0.023 0.001 0.003 0.009 0.002 0.008 0.001 0.010 0.005 0.005 0.001 0.012 0.001 0.006 0.001 
 177   (0.021) 0.009 0.001 0.007 0.020 0.004 0.018 0.004 0.022 0.020 0.013 0.013 0.020 0.002 0.016 0.003 
 155   (0.017) 0.007 0.001 0.006 0.014 0.003 0.011 0.002 0.017 0.010 0.009 0.003 0.015 0.002 0.007 0.007 
 175   (0.012) 0.011 0.001 0.003 0.010 0.002 0.008 0.001 0.011 0.006 0.006 0.001 0.011 0.001 0.005 0.001 
 169   (0.024) 0.032 0.001 0.007 0.020 0.005 0.017 0.003 0.025 0.013 0.011 0.019 0.026 0.003 0.012 0.003 
 159   (0.020) 0.007 0.001 0.042 0.016 0.003 0.014 0.002 0.019 0.011 0.021 0.002 0.017 0.002 0.009 0.002 

Locus 5 : 
16 alleles
0.0% missing data
 148   (0.117) 0.100 0.362 0.066 0.109 0.029 0.088 0.191 0.120 0.101 0.079 0.278 0.120 0.050 0.078 0.109 
 160   (0.025) 0.024 0.002 0.007 0.021 0.061 0.016 0.004 0.023 0.016 0.011 0.057 0.022 0.003 0.012 0.004 
 154   (0.072) 0.030 0.010 0.197 0.068 0.049 0.065 0.009 0.074 0.056 0.120 0.027 0.064 0.173 0.064 0.019 
 150   (0.062) 0.085 0.014 0.019 0.059 0.014 0.195 0.031 0.063 0.062 0.066 0.011 0.062 0.011 0.191 0.066 
 138   (0.121) 0.096 0.009 0.223 0.120 0.303 0.091 0.058 0.118 0.112 0.147 0.150 0.114 0.180 0.094 0.025 
 166   (0.030) 0.157 0.002 0.008 0.024 0.247 0.018 0.005 0.027 0.015 0.012 0.015 0.051 0.003 0.013 0.037 
 146   (0.099) 0.092 0.329 0.033 0.093 0.083 0.069 0.029 0.097 0.078 0.060 0.165 0.096 0.233 0.071 0.035 
 164   (0.017) 0.006 0.001 0.005 0.014 0.040 0.011 0.002 0.015 0.009 0.007 0.002 0.014 0.002 0.007 0.002 
 142   (0.018) 0.015 0.012 0.018 0.014 0.003 0.081 0.002 0.016 0.009 0.030 0.002 0.014 0.002 0.083 0.002 
 144   (0.152) 0.213 0.228 0.142 0.172 0.068 0.130 0.389 0.151 0.194 0.165 0.028 0.166 0.294 0.142 0.070 
 140   (0.084) 0.033 0.007 0.191 0.089 0.017 0.061 0.238 0.085 0.086 0.122 0.021 0.078 0.010 0.067 0.189 
 158   (0.045) 0.030 0.004 0.026 0.057 0.036 0.035 0.014 0.044 0.081 0.035 0.087 0.038 0.005 0.043 0.010 
 162   (0.028) 0.013 0.002 0.008 0.028 0.005 0.024 0.005 0.029 0.023 0.019 0.128 0.026 0.003 0.028 0.003 
 152   (0.091) 0.054 0.017 0.048 0.098 0.020 0.089 0.017 0.099 0.133 0.105 0.013 0.091 0.027 0.083 0.425 
 134   (0.018) 0.045 0.001 0.005 0.015 0.003 0.013 0.002 0.019 0.011 0.010 0.002 0.026 0.002 0.011 0.002 
 156   (0.021) 0.008 0.001 0.006 0.019 0.022 0.014 0.004 0.020 0.014 0.011 0.014 0.018 0.002 0.014 0.003 

Locus 6 : 
12 alleles
0.0% missing data
 225   (0.044) 0.017 0.292 0.025 0.038 0.008 0.037 0.005 0.043 0.029 0.031 0.118 0.038 0.007 0.033 0.012 
 239   (0.103) 0.058 0.422 0.036 0.106 0.234 0.084 0.108 0.105 0.095 0.059 0.028 0.096 0.233 0.080 0.014 
 229   (0.016) 0.005 0.001 0.004 0.013 0.003 0.010 0.003 0.014 0.011 0.007 0.279 0.012 0.002 0.008 0.002 
 235   (0.296) 0.180 0.232 0.445 0.302 0.093 0.380 0.415 0.296 0.310 0.427 0.377 0.272 0.310 0.394 0.271 
 237   (0.210) 0.192 0.025 0.173 0.216 0.072 0.197 0.267 0.219 0.225 0.205 0.039 0.219 0.263 0.204 0.203 
 233   (0.101) 0.091 0.010 0.032 0.104 0.246 0.087 0.167 0.095 0.114 0.056 0.064 0.089 0.158 0.084 0.454 
 227   (0.032) 0.318 0.002 0.008 0.026 0.277 0.029 0.003 0.030 0.016 0.016 0.004 0.087 0.003 0.026 0.003 
 245   (0.067) 0.030 0.005 0.133 0.075 0.025 0.058 0.015 0.070 0.100 0.088 0.009 0.059 0.008 0.061 0.024 
 241   (0.039) 0.035 0.003 0.029 0.033 0.016 0.035 0.005 0.037 0.023 0.026 0.070 0.035 0.007 0.030 0.007 
 231   (0.052) 0.032 0.003 0.055 0.052 0.019 0.056 0.006 0.056 0.049 0.047 0.006 0.055 0.006 0.058 0.006 
 243   (0.028) 0.037 0.002 0.058 0.026 0.005 0.020 0.005 0.026 0.023 0.034 0.003 0.029 0.003 0.019 0.003 
 251   (0.012) 0.004 0.001 0.003 0.009 0.002 0.007 0.001 0.011 0.006 0.005 0.001 0.010 0.001 0.004 0.001 

Locus 7 : 
5 alleles
0.0% missing data
 118   (0.917) 0.955 0.990 0.977 0.923 0.693 0.813 0.938 0.922 0.928 0.928 0.988 0.933 0.992 0.807 0.920 
 124   (0.039) 0.014 0.003 0.011 0.037 0.298 0.027 0.057 0.036 0.040 0.017 0.005 0.030 0.004 0.023 0.075 
 116   (0.015) 0.021 0.006 0.004 0.012 0.002 0.140 0.001 0.012 0.007 0.039 0.004 0.011 0.001 0.147 0.002 
 114   (0.016) 0.007 0.001 0.005 0.018 0.004 0.012 0.002 0.017 0.019 0.011 0.002 0.016 0.002 0.017 0.003 
 122   (0.013) 0.005 0.001 0.003 0.011 0.002 0.009 0.001 0.012 0.007 0.006 0.001 0.011 0.001 0.006 0.001 

Locus 8 : 
5 alleles
0.0% missing data
 135   (0.056) 0.022 0.011 0.039 0.069 0.011 0.056 0.034 0.062 0.105 0.037 0.024 0.053 0.007 0.053 0.015 
 139   (0.749) 0.657 0.909 0.672 0.763 0.943 0.693 0.904 0.750 0.770 0.755 0.815 0.735 0.955 0.717 0.924 
 137   (0.145) 0.302 0.076 0.224 0.126 0.037 0.218 0.056 0.140 0.097 0.165 0.155 0.171 0.033 0.207 0.055 
 143   (0.035) 0.015 0.002 0.038 0.030 0.007 0.025 0.004 0.035 0.021 0.028 0.004 0.030 0.004 0.018 0.004 
 141   (0.014) 0.004 0.001 0.026 0.011 0.002 0.008 0.002 0.013 0.007 0.015 0.002 0.011 0.001 0.005 0.002 

Locus 9 : 
11 alleles
0.0% missing data
 116   (0.286) 0.153 0.374 0.322 0.314 0.116 0.268 0.284 0.294 0.371 0.264 0.427 0.263 0.185 0.276 0.506 
 112   (0.087) 0.033 0.012 0.151 0.083 0.016 0.064 0.079 0.085 0.074 0.137 0.058 0.073 0.366 0.062 0.038 
 122   (0.065) 0.210 0.423 0.021 0.055 0.295 0.089 0.008 0.060 0.042 0.041 0.008 0.087 0.295 0.081 0.010 
 114   (0.219) 0.231 0.021 0.279 0.223 0.062 0.171 0.333 0.223 0.220 0.247 0.082 0.232 0.048 0.179 0.358 
 120   (0.043) 0.017 0.003 0.024 0.036 0.197 0.027 0.140 0.039 0.025 0.025 0.005 0.034 0.023 0.019 0.005 
 130   (0.037) 0.065 0.003 0.011 0.044 0.164 0.026 0.046 0.034 0.054 0.016 0.005 0.039 0.004 0.029 0.006 
 118   (0.124) 0.068 0.021 0.131 0.125 0.120 0.095 0.080 0.125 0.120 0.146 0.396 0.117 0.019 0.100 0.043 
 124   (0.064) 0.075 0.138 0.040 0.055 0.012 0.120 0.008 0.062 0.042 0.062 0.008 0.063 0.052 0.120 0.007 
 126   (0.037) 0.133 0.003 0.011 0.031 0.010 0.111 0.018 0.036 0.022 0.039 0.006 0.054 0.004 0.107 0.009 
 108   (0.015) 0.005 0.001 0.004 0.013 0.002 0.014 0.002 0.019 0.009 0.008 0.002 0.018 0.001 0.008 0.002 
 128   (0.022) 0.009 0.002 0.007 0.022 0.004 0.016 0.003 0.022 0.021 0.015 0.003 0.021 0.003 0.020 0.017 

Locus 10 : 
4 alleles
0.0% missing data
 232   (0.891) 0.734 0.992 0.917 0.904 0.965 0.921 0.942 0.890 0.929 0.930 0.987 0.857 0.988 0.939 0.987 
 238   (0.079) 0.256 0.006 0.075 0.070 0.030 0.056 0.055 0.077 0.053 0.055 0.010 0.113 0.009 0.044 0.010 
 234   (0.017) 0.006 0.001 0.005 0.015 0.003 0.015 0.002 0.021 0.010 0.009 0.002 0.019 0.002 0.009 0.002 
 244   (0.013) 0.004 0.001 0.003 0.011 0.002 0.009 0.002 0.012 0.007 0.006 0.001 0.010 0.001 0.008 0.001 

Locus 11 : 
7 alleles
0.0% missing data
 165   (0.756) 0.860 0.771 0.896 0.772 0.922 0.681 0.783 0.755 0.802 0.807 0.912 0.774 0.799 0.691 0.918 
 167   (0.078) 0.037 0.218 0.040 0.066 0.023 0.174 0.013 0.075 0.043 0.072 0.059 0.064 0.183 0.168 0.010 
 161   (0.115) 0.086 0.008 0.035 0.121 0.047 0.111 0.199 0.121 0.129 0.076 0.022 0.119 0.013 0.120 0.067 
 155   (0.013) 0.005 0.001 0.003 0.010 0.002 0.008 0.001 0.013 0.007 0.005 0.002 0.011 0.001 0.005 0.001 
 173   (0.013) 0.004 0.001 0.003 0.011 0.002 0.009 0.001 0.014 0.007 0.006 0.001 0.012 0.001 0.006 0.001 
 163   (0.013) 0.004 0.001 0.020 0.010 0.002 0.008 0.001 0.012 0.006 0.028 0.002 0.010 0.001 0.006 0.001 
 171   (0.012) 0.004 0.001 0.003 0.010 0.002 0.008 0.001 0.011 0.007 0.005 0.001 0.010 0.001 0.005 0.001 

Locus 12 : 
8 alleles
0.0% missing data
 137   (0.515) 0.538 0.459 0.757 0.501 0.837 0.592 0.252 0.521 0.494 0.666 0.415 0.516 0.419 0.585 0.348 
 140   (0.152) 0.091 0.015 0.084 0.175 0.033 0.120 0.493 0.149 0.205 0.094 0.211 0.140 0.056 0.123 0.572 
 134   (0.254) 0.300 0.521 0.119 0.252 0.116 0.234 0.246 0.255 0.244 0.177 0.364 0.266 0.516 0.238 0.061 
 149   (0.012) 0.004 0.001 0.003 0.010 0.002 0.008 0.001 0.011 0.006 0.006 0.002 0.010 0.001 0.005 0.001 
 143   (0.016) 0.041 0.002 0.004 0.013 0.004 0.010 0.002 0.015 0.008 0.007 0.002 0.021 0.002 0.008 0.002 
 128   (0.013) 0.011 0.001 0.003 0.010 0.002 0.008 0.001 0.012 0.006 0.006 0.002 0.012 0.001 0.005 0.001 
 125   (0.020) 0.007 0.001 0.025 0.016 0.003 0.013 0.003 0.018 0.011 0.028 0.002 0.016 0.002 0.009 0.014 
 146   (0.018) 0.008 0.001 0.005 0.023 0.003 0.014 0.002 0.019 0.025 0.016 0.002 0.020 0.002 0.027 0.002 

Locus 13 : 
19 alleles
0.5% missing data
 206   (0.127) 0.077 0.051 0.145 0.113 0.215 0.114 0.172 0.123 0.089 0.118 0.406 0.113 0.030 0.098 0.255 
 210   (0.094) 0.039 0.410 0.038 0.106 0.018 0.075 0.160 0.091 0.127 0.065 0.275 0.078 0.043 0.076 0.166 
 190   (0.071) 0.029 0.005 0.112 0.071 0.030 0.064 0.009 0.073 0.076 0.076 0.009 0.065 0.012 0.063 0.090 
 202   (0.090) 0.227 0.009 0.033 0.096 0.510 0.156 0.014 0.096 0.127 0.080 0.018 0.116 0.015 0.157 0.037 
 214   (0.042) 0.017 0.249 0.012 0.035 0.008 0.028 0.022 0.039 0.027 0.022 0.005 0.035 0.144 0.024 0.070 
 212   (0.032) 0.011 0.185 0.332 0.028 0.005 0.022 0.004 0.029 0.020 0.161 0.004 0.025 0.004 0.018 0.004 
 192   (0.108) 0.045 0.008 0.052 0.133 0.064 0.096 0.270 0.110 0.160 0.089 0.052 0.098 0.013 0.119 0.090 
 204   (0.037) 0.018 0.017 0.021 0.034 0.018 0.028 0.010 0.037 0.029 0.039 0.005 0.032 0.065 0.025 0.021 
 184   (0.055) 0.021 0.004 0.081 0.048 0.010 0.036 0.025 0.053 0.038 0.088 0.102 0.045 0.006 0.028 0.020 
 216   (0.020) 0.006 0.001 0.005 0.023 0.004 0.013 0.258 0.018 0.024 0.009 0.002 0.016 0.002 0.015 0.015 
 208   (0.046) 0.016 0.019 0.050 0.052 0.010 0.036 0.023 0.044 0.062 0.032 0.006 0.038 0.005 0.035 0.182 
 198   (0.038) 0.018 0.003 0.013 0.046 0.019 0.033 0.004 0.045 0.055 0.033 0.004 0.045 0.004 0.053 0.004 
 194   (0.068) 0.180 0.006 0.022 0.058 0.022 0.151 0.008 0.065 0.044 0.059 0.035 0.086 0.583 0.147 0.021 
 186   (0.018) 0.007 0.009 0.005 0.015 0.003 0.013 0.002 0.017 0.009 0.008 0.003 0.014 0.052 0.010 0.002 
 188   (0.020) 0.035 0.001 0.006 0.017 0.003 0.014 0.004 0.019 0.011 0.011 0.002 0.024 0.002 0.010 0.004 
 200   (0.072) 0.227 0.019 0.042 0.064 0.044 0.069 0.008 0.071 0.050 0.065 0.065 0.104 0.014 0.071 0.012 
 196   (0.038) 0.018 0.003 0.026 0.039 0.007 0.032 0.004 0.040 0.037 0.034 0.005 0.040 0.005 0.040 0.004 
 220   (0.011) 0.005 0.001 0.004 0.009 0.006 0.007 0.001 0.011 0.007 0.005 0.001 0.009 0.001 0.005 0.001 
 180   (0.014) 0.005 0.001 0.004 0.013 0.002 0.013 0.001 0.018 0.009 0.008 0.002 0.017 0.001 0.008 0.002 

Locus 14 : 
8 alleles
1.1% missing data
 139   (0.077) 0.061 0.181 0.022 0.072 0.043 0.087 0.232 0.072 0.065 0.046 0.090 0.066 0.164 0.077 0.012 
 145   (0.065) 0.041 0.010 0.129 0.055 0.014 0.048 0.022 0.063 0.043 0.138 0.141 0.057 0.010 0.037 0.012 
 151   (0.300) 0.280 0.338 0.383 0.304 0.346 0.255 0.188 0.295 0.316 0.322 0.449 0.286 0.533 0.255 0.640 
 157   (0.349) 0.344 0.164 0.300 0.386 0.463 0.397 0.488 0.359 0.439 0.314 0.228 0.366 0.161 0.438 0.292 
 154   (0.103) 0.044 0.301 0.121 0.094 0.019 0.116 0.057 0.109 0.073 0.098 0.015 0.097 0.119 0.109 0.032 
 163   (0.042) 0.019 0.003 0.013 0.035 0.098 0.043 0.005 0.041 0.026 0.024 0.067 0.037 0.005 0.036 0.005 
 160   (0.034) 0.193 0.002 0.010 0.028 0.011 0.024 0.003 0.033 0.018 0.016 0.005 0.065 0.004 0.017 0.004 
 142   (0.030) 0.018 0.002 0.021 0.026 0.007 0.030 0.005 0.029 0.020 0.043 0.004 0.027 0.003 0.030 0.004 

Locus 15 : 
13 alleles
1.6% missing data
 256   (0.149) 0.158 0.080 0.142 0.130 0.129 0.152 0.155 0.142 0.099 0.120 0.164 0.143 0.122 0.132 0.165 
 262   (0.023) 0.014 0.001 0.006 0.019 0.004 0.075 0.003 0.021 0.011 0.024 0.261 0.018 0.003 0.073 0.002 
 246   (0.114) 0.112 0.008 0.052 0.136 0.025 0.117 0.140 0.117 0.163 0.082 0.178 0.120 0.013 0.143 0.097 
 258   (0.179) 0.165 0.014 0.178 0.211 0.515 0.210 0.291 0.187 0.277 0.189 0.026 0.176 0.024 0.221 0.229 
 254   (0.109) 0.094 0.165 0.070 0.095 0.172 0.089 0.028 0.111 0.078 0.095 0.014 0.110 0.331 0.077 0.162 
 250   (0.034) 0.015 0.634 0.024 0.028 0.010 0.025 0.004 0.032 0.018 0.022 0.004 0.028 0.088 0.018 0.004 
 242   (0.099) 0.070 0.072 0.148 0.104 0.023 0.088 0.012 0.102 0.103 0.167 0.189 0.101 0.155 0.114 0.011 
 252   (0.066) 0.031 0.007 0.044 0.064 0.015 0.066 0.032 0.067 0.060 0.054 0.115 0.057 0.049 0.059 0.032 
 248   (0.132) 0.294 0.012 0.258 0.130 0.092 0.111 0.315 0.129 0.117 0.181 0.025 0.161 0.207 0.105 0.040 
 260   (0.039) 0.026 0.003 0.013 0.036 0.007 0.028 0.015 0.038 0.034 0.020 0.005 0.036 0.004 0.023 0.252 
 264   (0.016) 0.007 0.001 0.004 0.017 0.003 0.012 0.002 0.016 0.017 0.012 0.002 0.016 0.002 0.017 0.002 
 244   (0.028) 0.010 0.002 0.058 0.022 0.005 0.021 0.003 0.027 0.015 0.030 0.017 0.024 0.003 0.014 0.003 
 276   (0.012) 0.005 0.001 0.003 0.009 0.002 0.007 0.001 0.011 0.006 0.005 0.001 0.010 0.001 0.004 0.001 

Values of parameters used in structure:
DATAFILE=G:\Shared drives\Emily_Schumacher\QUAC_analyses\QUAC_structure_wild_relate\QUAC_allpop_relate_red_12_15_21\project_data,	OUTFILE=G:\Shared drives\Emily_Schumacher\QUAC_analyses\QUAC_structure_wild_relate\QUAC_allpop_relate_red_12_15_21\50-100\Results\50-100_run_72,	NUMINDS=188,	NUMLOCI=15,	MISSING=-9,	LABEL=1,	POPDATA=1,	POPFLAG=0,	PHENOTYPE=0,	EXTRACOLS=0,	MAXPOPS=15,	BURNIN=50000,	NUMREPS=100000,	USEPOPINFO=0,	INFERALPHA=1,	INFERLAMBDA=0,	POPSPECIFICLAMBDA=0,	POPALPHAS=0,	COMPUTEPROB=1,	NOADMIX=0,	ADMBURNIN=2500,	UPDATEFREQ=1,	PRINTLIKES=0,	INTERMEDSAVE=0,	PRINTKLD=0,	PRINTNET=0,	PRINTLAMBDA=0,	ANCESTDIST=0,	NUMBOXES=1000,	ANCESTPINT=0.90000,	GENSBACK=2,	MIGRPRIOR=0.05000,	PRINTQHAT=0,	PRINTQSUM=0,	ALPHA=1.0000,	FREQSCORR=1,	FPRIORMEAN=0.0100,	FPRIORSD=0.0500,	ONEFST=0,	LAMBDA=1.0000,	UNIFPRIORALPHA=1,	ALPHAMAX=10.0000,	ALPHAPRIORA=1.0000,	ALPHAPRIORB=2.0000,	ALPHAPROPSD=0.0250,	STARTATPOPINFO=0,	RANDOMIZE=1,	LINKAGE=0,	METROFREQ=10,	REPORTHITRATE=0,	MARKOVPHASE=-1,	PHASED=0,	PLOIDY=2,	PHASEINFO=0	LOCPRIOR=0, 	LOCPRIORINIT=1.000000, 	LOCDATA=0, 	LOCISPOP=0, 	LOCPRIORSTEP=0.100000, 	MAXLOCPRIOR=20.000000, 	SEED=1639610818,	
[STRAT parameters]:    NUMSIMSTATS=1000,	PHENOTYPECOL=-9,	POOLFREQ=10,	LOCUSxONLY=0,	EMERROR=0.00100,	MISSINGPHENO=-9,	