

----------------------------------------------------
STRUCTURE by Pritchard, Stephens and Donnelly (2000)
     and Falush, Stephens and Pritchard (2003)
       Code by Pritchard, Falush and Hubisz
             Version 2.3.4 (Jul 2012)
----------------------------------------------------



Command line arguments:   bin\structure -m G:\Shared drives\Emily_Schumacher\QUAC_analyses\QUAC_structure_wild_relate\QUAC_allpop_relate_red_12_15_21\50-100\mainparams -e G:\Shared drives\Emily_Schumacher\QUAC_analyses\QUAC_structure_wild_relate\QUAC_allpop_relate_red_12_15_21\50-100\extraparams 
Input File:    G:\Shared drives\Emily_Schumacher\QUAC_analyses\QUAC_structure_wild_relate\QUAC_allpop_relate_red_12_15_21\project_data

Run parameters:
   188 individuals
   15 loci
   18 populations assumed
   50000 Burn-in period
   100000 Reps


--------------------------------------------
Proportion of membership of each pre-defined
 population in each of the 18 clusters

Given    Inferred Clusters                                                                                                                Number of
 Pop       1      2      3      4      5      6      7      8      9     10     11     12     13     14     15     16     17     18      Individuals

  1:     0.532  0.009  0.009  0.009  0.008  0.005  0.015  0.334  0.014  0.006  0.004  0.004  0.007  0.009  0.008  0.011  0.008  0.007        2
  2:     0.037  0.023  0.028  0.028  0.030  0.183  0.267  0.036  0.106  0.018  0.020  0.009  0.035  0.025  0.022  0.031  0.030  0.073       17
  3:     0.047  0.034  0.035  0.038  0.037  0.014  0.146  0.046  0.198  0.013  0.028  0.087  0.024  0.035  0.036  0.043  0.046  0.093       19
  4:     0.086  0.046  0.037  0.048  0.035  0.012  0.010  0.070  0.318  0.020  0.064  0.014  0.031  0.049  0.046  0.061  0.042  0.011       10
  5:     0.011  0.014  0.012  0.016  0.012  0.005  0.553  0.012  0.014  0.008  0.026  0.006  0.013  0.013  0.014  0.013  0.014  0.243        2
  6:     0.015  0.031  0.027  0.030  0.028  0.133  0.008  0.022  0.421  0.012  0.005  0.105  0.022  0.031  0.028  0.028  0.035  0.017        2
  7:     0.027  0.055  0.057  0.062  0.058  0.010  0.142  0.028  0.005  0.012  0.007  0.017  0.086  0.047  0.062  0.052  0.040  0.231        1
  8:     0.008  0.007  0.008  0.006  0.008  0.005  0.857  0.007  0.009  0.010  0.008  0.005  0.009  0.007  0.006  0.007  0.007  0.029        1
  9:     0.016  0.086  0.093  0.077  0.096  0.006  0.005  0.053  0.008  0.069  0.006  0.010  0.041  0.089  0.088  0.086  0.121  0.050        1
 10:     0.012  0.074  0.034  0.055  0.028  0.132  0.012  0.026  0.007  0.012  0.011  0.352  0.022  0.062  0.062  0.048  0.042  0.008        6
 11:     0.022  0.048  0.041  0.046  0.042  0.081  0.041  0.035  0.100  0.020  0.040  0.140  0.034  0.052  0.050  0.050  0.049  0.110       16
 12:     0.018  0.057  0.139  0.046  0.057  0.003  0.023  0.034  0.013  0.369  0.018  0.009  0.023  0.052  0.053  0.036  0.042  0.007        1
 13:     0.029  0.033  0.034  0.040  0.036  0.012  0.014  0.038  0.152  0.018  0.387  0.018  0.025  0.037  0.033  0.041  0.039  0.014       33
 14:     0.015  0.021  0.029  0.021  0.040  0.086  0.070  0.017  0.016  0.015  0.009  0.157  0.075  0.021  0.021  0.020  0.020  0.347       21
 15:     0.465  0.019  0.019  0.019  0.024  0.023  0.009  0.245  0.019  0.010  0.013  0.013  0.034  0.019  0.019  0.018  0.019  0.012       14
 16:     0.038  0.025  0.111  0.027  0.043  0.009  0.012  0.023  0.016  0.527  0.016  0.010  0.020  0.025  0.025  0.027  0.030  0.017       35
 17:     0.020  0.097  0.076  0.089  0.103  0.006  0.011  0.061  0.017  0.022  0.009  0.010  0.044  0.099  0.098  0.099  0.131  0.010        7
--------------------------------------------

Allele-freq. divergence among pops (Net nucleotide distance),
computed using point estimates of P.

      1       2       3       4       5       6       7       8       9      10      11      12      13      14      15      16      17      18      
 1      -    0.0193  0.0219  0.0196  0.0233  0.0786  0.0937  0.0050  0.0582  0.0437  0.0690  0.0613  0.0361  0.0194  0.0194  0.0205  0.0206  0.0697  
 2   0.0193     -    0.0012  0.0002  0.0018  0.0536  0.0811  0.0063  0.0357  0.0247  0.0488  0.0308  0.0127  0.0000  0.0000  0.0007  0.0006  0.0527  
 3   0.0219  0.0012     -    0.0013  0.0013  0.0554  0.0854  0.0084  0.0388  0.0174  0.0524  0.0322  0.0105  0.0013  0.0012  0.0016  0.0016  0.0558  
 4   0.0196  0.0002  0.0013     -    0.0019  0.0544  0.0805  0.0061  0.0332  0.0250  0.0464  0.0320  0.0135  0.0001  0.0002  0.0003  0.0003  0.0538  
 5   0.0233  0.0018  0.0013  0.0019     -    0.0553  0.0868  0.0090  0.0381  0.0256  0.0540  0.0327  0.0061  0.0018  0.0018  0.0019  0.0018  0.0568  
 6   0.0786  0.0536  0.0554  0.0544  0.0553     -    0.1437  0.0648  0.1024  0.0795  0.1046  0.0700  0.0623  0.0539  0.0537  0.0546  0.0557  0.1039  
 7   0.0937  0.0811  0.0854  0.0805  0.0868  0.1437     -    0.0836  0.1042  0.1138  0.1344  0.1170  0.0964  0.0808  0.0815  0.0840  0.0840  0.0920  
 8   0.0050  0.0063  0.0084  0.0061  0.0090  0.0648  0.0836     -    0.0406  0.0342  0.0519  0.0443  0.0220  0.0062  0.0063  0.0062  0.0065  0.0614  
 9   0.0582  0.0357  0.0388  0.0332  0.0381  0.1024  0.1042  0.0406     -    0.0700  0.0614  0.0708  0.0543  0.0346  0.0357  0.0342  0.0344  0.0963  
10   0.0437  0.0247  0.0174  0.0250  0.0256  0.0795  0.1138  0.0342  0.0700     -    0.0837  0.0588  0.0384  0.0251  0.0248  0.0264  0.0260  0.0730  
11   0.0690  0.0488  0.0524  0.0464  0.0540  0.1046  0.1344  0.0519  0.0614  0.0837     -    0.0956  0.0738  0.0480  0.0489  0.0464  0.0483  0.1108  
12   0.0613  0.0308  0.0322  0.0320  0.0327  0.0700  0.1170  0.0443  0.0708  0.0588  0.0956     -    0.0369  0.0310  0.0310  0.0334  0.0337  0.0805  
13   0.0361  0.0127  0.0105  0.0135  0.0061  0.0623  0.0964  0.0220  0.0543  0.0384  0.0738  0.0369     -    0.0129  0.0127  0.0137  0.0142  0.0644  
14   0.0194  0.0000  0.0013  0.0001  0.0018  0.0539  0.0808  0.0062  0.0346  0.0251  0.0480  0.0310  0.0129     -    0.0000  0.0005  0.0004  0.0533  
15   0.0194  0.0000  0.0012  0.0002  0.0018  0.0537  0.0815  0.0063  0.0357  0.0248  0.0489  0.0310  0.0127  0.0000     -    0.0007  0.0005  0.0530  
16   0.0205  0.0007  0.0016  0.0003  0.0019  0.0546  0.0840  0.0062  0.0342  0.0264  0.0464  0.0334  0.0137  0.0005  0.0007     -    0.0002  0.0573  
17   0.0206  0.0006  0.0016  0.0003  0.0018  0.0557  0.0840  0.0065  0.0344  0.0260  0.0483  0.0337  0.0142  0.0004  0.0005  0.0002     -    0.0558  
18   0.0697  0.0527  0.0558  0.0538  0.0568  0.1039  0.0920  0.0614  0.0963  0.0730  0.1108  0.0805  0.0644  0.0533  0.0530  0.0573  0.0558     -    

Average distances (expected heterozygosity) between individuals in same cluster:
cluster  1  : 0.5738 
cluster  2  : 0.6443 
cluster  3  : 0.6294 
cluster  4  : 0.6350 
cluster  5  : 0.6357 
cluster  6  : 0.5202 
cluster  7  : 0.4290 
cluster  8  : 0.6083 
cluster  9  : 0.5134 
cluster 10  : 0.5420 
cluster 11  : 0.5101 
cluster 12  : 0.6034 
cluster 13  : 0.6408 
cluster 14  : 0.6416 
cluster 15  : 0.6437 
cluster 16  : 0.6308 
cluster 17  : 0.6316 
cluster 18  : 0.5084 

--------------------------------------------
Estimated Ln Prob of Data   = -8534.9
Mean value of ln likelihood = -7002.9
Variance of ln likelihood   = 3064.1
Mean value of alpha         = 0.0401

Mean value of Fst_1         = 0.1888
Mean value of Fst_2         = 0.0002
Mean value of Fst_3         = 0.0949
Mean value of Fst_4         = 0.0396
Mean value of Fst_5         = 0.1266
Mean value of Fst_6         = 0.2624
Mean value of Fst_7         = 0.4061
Mean value of Fst_8         = 0.1574
Mean value of Fst_9         = 0.2193
Mean value of Fst_10         = 0.1633
Mean value of Fst_11         = 0.2379
Mean value of Fst_12         = 0.1586
Mean value of Fst_13         = 0.1739
Mean value of Fst_14         = 0.0115
Mean value of Fst_15         = 0.0053
Mean value of Fst_16         = 0.0524
Mean value of Fst_17         = 0.0575
Mean value of Fst_18         = 0.2555


Inferred ancestry of individuals:
        Label (%Miss) Pop:  Inferred clusters
  1 QAc-G-0029    (0)    1 :  0.493 0.012 0.013 0.013 0.012 0.006 0.025 0.319 0.025 0.005 0.005 0.005 0.009 0.013 0.012 0.017 0.011 0.006 
  2 QAc-G-0030    (0)    1 :  0.570 0.006 0.006 0.005 0.005 0.005 0.004 0.348 0.004 0.006 0.004 0.003 0.004 0.005 0.005 0.005 0.005 0.008 
  3 QAc-G-0062    (0)    2 :  0.012 0.023 0.026 0.026 0.027 0.377 0.030 0.014 0.005 0.028 0.005 0.009 0.046 0.026 0.026 0.025 0.030 0.267 
  4 QAc-G-0063    (0)    2 :  0.012 0.029 0.025 0.032 0.022 0.009 0.582 0.021 0.026 0.017 0.016 0.010 0.024 0.028 0.032 0.033 0.031 0.049 
  5 QAc-G-0064    (0)    2 :  0.006 0.006 0.007 0.006 0.006 0.878 0.007 0.006 0.007 0.008 0.005 0.006 0.005 0.006 0.005 0.005 0.006 0.025 
  6 QAc-G-0065    (0)    2 :  0.007 0.004 0.005 0.005 0.005 0.917 0.003 0.006 0.004 0.003 0.005 0.009 0.005 0.005 0.005 0.005 0.005 0.003 
  7 QAc-G-0066    (0)    2 :  0.005 0.004 0.004 0.004 0.004 0.003 0.934 0.004 0.004 0.004 0.004 0.003 0.004 0.004 0.004 0.004 0.004 0.005 
  8 QAc-G-0067    (0)    2 :  0.017 0.016 0.011 0.016 0.012 0.793 0.005 0.015 0.013 0.007 0.007 0.011 0.012 0.015 0.016 0.016 0.014 0.005 
  9 QAc-G-0068    (0)    2 :  0.009 0.006 0.052 0.006 0.095 0.007 0.466 0.008 0.003 0.008 0.004 0.049 0.259 0.006 0.006 0.005 0.006 0.006 
 10 QAc-G-0070    (0)    2 :  0.034 0.023 0.030 0.026 0.024 0.020 0.488 0.021 0.010 0.087 0.007 0.005 0.021 0.022 0.022 0.020 0.020 0.121 
 11 QAc-G-0071   (13)    2 :  0.008 0.006 0.006 0.005 0.006 0.003 0.875 0.007 0.009 0.006 0.004 0.005 0.005 0.006 0.005 0.005 0.006 0.032 
 12 QAc-G-0072    (0)    2 :  0.005 0.005 0.006 0.005 0.005 0.004 0.917 0.005 0.005 0.006 0.004 0.004 0.005 0.005 0.005 0.005 0.005 0.004 
 13 QAc-G-0073    (0)    2 :  0.025 0.018 0.032 0.042 0.033 0.004 0.005 0.068 0.558 0.017 0.015 0.004 0.022 0.029 0.019 0.057 0.049 0.004 
 14 QAc-G-0074    (0)    2 :  0.019 0.030 0.028 0.036 0.026 0.006 0.163 0.028 0.422 0.020 0.020 0.006 0.024 0.036 0.030 0.025 0.037 0.045 
 15 QAc-G-0075    (0)    2 :  0.016 0.026 0.024 0.029 0.025 0.010 0.011 0.025 0.640 0.010 0.034 0.008 0.020 0.026 0.028 0.027 0.027 0.013 
 16 QAc-G-0076    (0)    2 :  0.039 0.044 0.091 0.080 0.084 0.033 0.009 0.106 0.055 0.012 0.098 0.005 0.042 0.064 0.043 0.108 0.081 0.005 
 17 QAc-G-0080    (0)    2 :  0.367 0.045 0.026 0.046 0.030 0.025 0.010 0.191 0.014 0.007 0.005 0.007 0.031 0.049 0.048 0.044 0.036 0.019 
 18 QAc-G-0081    (0)    2 :  0.025 0.089 0.074 0.086 0.080 0.007 0.005 0.062 0.004 0.060 0.011 0.008 0.059 0.090 0.075 0.116 0.135 0.012 
 19 QAc-G-0083    (0)    2 :  0.019 0.016 0.021 0.023 0.022 0.011 0.028 0.020 0.023 0.011 0.089 0.005 0.011 0.015 0.015 0.019 0.018 0.633 
 20 QAc-G-0285    (0)    3 :  0.009 0.007 0.007 0.007 0.007 0.004 0.077 0.008 0.005 0.006 0.005 0.011 0.008 0.006 0.007 0.007 0.007 0.811 
 21 QAc-G-0287    (0)    3 :  0.004 0.003 0.003 0.003 0.003 0.003 0.943 0.003 0.004 0.004 0.003 0.003 0.003 0.003 0.003 0.003 0.003 0.004 
 22 QAc-G-0288    (6)    3 :  0.012 0.007 0.008 0.007 0.007 0.005 0.874 0.011 0.006 0.010 0.007 0.006 0.007 0.007 0.007 0.006 0.007 0.005 
 23 QAc-G-0292    (0)    3 :  0.008 0.012 0.010 0.010 0.010 0.007 0.159 0.010 0.006 0.011 0.005 0.008 0.011 0.010 0.010 0.015 0.014 0.685 
 24 QAc-G-0294    (0)    3 :  0.042 0.050 0.086 0.071 0.080 0.018 0.005 0.105 0.038 0.020 0.048 0.009 0.063 0.059 0.050 0.158 0.092 0.004 
 25 QAc-G-0295    (0)    3 :  0.036 0.023 0.078 0.049 0.082 0.018 0.015 0.066 0.357 0.010 0.040 0.007 0.028 0.019 0.028 0.062 0.061 0.021 
 26 QAc-G-0296    (0)    3 :  0.021 0.023 0.037 0.046 0.028 0.047 0.007 0.054 0.468 0.011 0.062 0.006 0.027 0.031 0.027 0.050 0.040 0.014 
 27 QAc-G-0297    (0)    3 :  0.018 0.096 0.055 0.081 0.048 0.003 0.003 0.045 0.218 0.009 0.038 0.020 0.032 0.092 0.097 0.066 0.075 0.004 
 28 QAc-G-0298    (6)    3 :  0.020 0.015 0.018 0.019 0.029 0.008 0.004 0.023 0.732 0.006 0.011 0.006 0.014 0.017 0.015 0.021 0.024 0.018 
 29 QAc-G-0299    (0)    3 :  0.010 0.010 0.013 0.020 0.011 0.005 0.011 0.015 0.699 0.005 0.122 0.009 0.011 0.016 0.012 0.013 0.013 0.005 
 30 QAc-G-0300    (0)    3 :  0.025 0.030 0.055 0.036 0.045 0.040 0.005 0.056 0.353 0.025 0.098 0.011 0.038 0.037 0.026 0.062 0.054 0.004 
 31 QAc-G-0301    (0)    3 :  0.009 0.011 0.009 0.011 0.013 0.038 0.011 0.010 0.796 0.006 0.017 0.005 0.008 0.011 0.011 0.010 0.011 0.011 
 32 QAc-G-0302    (0)    3 :  0.006 0.020 0.018 0.018 0.023 0.004 0.005 0.014 0.010 0.005 0.023 0.751 0.020 0.019 0.018 0.016 0.022 0.006 
 33 QAc-G-0303    (0)    3 :  0.012 0.021 0.020 0.017 0.019 0.009 0.005 0.012 0.004 0.024 0.004 0.739 0.029 0.020 0.017 0.017 0.017 0.014 
 34 QAc-G-0305    (0)    3 :  0.022 0.019 0.020 0.017 0.024 0.006 0.630 0.019 0.006 0.014 0.004 0.026 0.029 0.021 0.021 0.019 0.021 0.081 
 35 QAc-G-0307    (0)    3 :  0.568 0.011 0.011 0.012 0.009 0.006 0.004 0.281 0.008 0.017 0.006 0.007 0.008 0.010 0.012 0.010 0.011 0.010 
 36 QAc-G-0313    (0)    3 :  0.019 0.118 0.061 0.100 0.064 0.017 0.010 0.035 0.007 0.017 0.007 0.005 0.032 0.112 0.120 0.110 0.113 0.052 
 37 QAc-G-0314    (0)    3 :  0.022 0.094 0.081 0.098 0.082 0.009 0.004 0.049 0.039 0.018 0.025 0.011 0.044 0.094 0.107 0.087 0.134 0.003 
 38 QAc-G-0316    (0)    3 :  0.031 0.086 0.070 0.099 0.113 0.014 0.010 0.060 0.008 0.027 0.013 0.006 0.036 0.082 0.095 0.086 0.157 0.007 
 39 QAc-G-0033    (0)    4 :  0.008 0.009 0.014 0.012 0.022 0.012 0.005 0.019 0.651 0.008 0.181 0.006 0.007 0.009 0.008 0.014 0.011 0.004 
 40 QAc-G-0034    (0)    4 :  0.021 0.011 0.011 0.011 0.011 0.008 0.005 0.020 0.814 0.013 0.011 0.009 0.007 0.011 0.011 0.010 0.011 0.004 
 41 QAc-G-0035    (0)    4 :  0.026 0.039 0.044 0.041 0.044 0.025 0.015 0.068 0.024 0.021 0.342 0.009 0.045 0.040 0.038 0.104 0.063 0.013 
 42 QAc-G-0036    (0)    4 :  0.007 0.010 0.009 0.012 0.011 0.015 0.013 0.009 0.836 0.008 0.008 0.004 0.009 0.010 0.010 0.011 0.010 0.008 
 43 QAc-G-0039    (0)    4 :  0.048 0.043 0.080 0.068 0.090 0.009 0.010 0.109 0.020 0.034 0.020 0.010 0.075 0.062 0.053 0.169 0.094 0.004 
 44 QAc-G-0040    (0)    4 :  0.039 0.062 0.087 0.087 0.064 0.009 0.018 0.075 0.052 0.067 0.041 0.012 0.037 0.071 0.062 0.102 0.068 0.046 
 45 QAc-G-0045    (0)    4 :  0.019 0.007 0.009 0.031 0.010 0.007 0.010 0.032 0.762 0.007 0.020 0.005 0.008 0.025 0.007 0.013 0.023 0.004 
 46 QAc-G-0050    (0)    4 :  0.076 0.118 0.056 0.088 0.051 0.006 0.011 0.053 0.004 0.011 0.004 0.066 0.070 0.103 0.112 0.088 0.065 0.015 
 47 QAc-G-0052    (0)    4 :  0.566 0.012 0.010 0.013 0.010 0.018 0.004 0.275 0.006 0.008 0.005 0.005 0.014 0.012 0.012 0.012 0.013 0.004 
 48 QAc-G-0056    (0)    4 :  0.045 0.154 0.047 0.115 0.036 0.010 0.007 0.037 0.008 0.025 0.006 0.018 0.034 0.150 0.149 0.090 0.063 0.007 
 49 QAc-G-0276    (0)    5 :  0.012 0.012 0.012 0.015 0.011 0.003 0.338 0.012 0.017 0.007 0.021 0.005 0.012 0.012 0.014 0.013 0.014 0.471 
 50 QAc-G-0280    (6)    5 :  0.010 0.016 0.013 0.017 0.014 0.006 0.767 0.011 0.012 0.008 0.031 0.007 0.015 0.014 0.015 0.013 0.014 0.016 
 51 QAc-G-0018    (0)    6 :  0.012 0.012 0.010 0.012 0.012 0.006 0.007 0.011 0.827 0.007 0.007 0.016 0.015 0.012 0.012 0.011 0.010 0.004 
 52 QAc-G-0017    (0)    6 :  0.019 0.051 0.045 0.049 0.044 0.260 0.009 0.034 0.015 0.017 0.004 0.193 0.029 0.051 0.045 0.045 0.061 0.030 
 53 QAc-G-0250    (0)    7 :  0.027 0.055 0.057 0.062 0.058 0.010 0.142 0.028 0.005 0.012 0.007 0.017 0.086 0.047 0.062 0.052 0.040 0.231 
 54 QAc-G-0003    (6)    8 :  0.008 0.007 0.008 0.006 0.008 0.005 0.857 0.007 0.009 0.010 0.008 0.005 0.009 0.007 0.006 0.007 0.007 0.029 
 55 QAc-G-0283    (0)    9 :  0.016 0.086 0.093 0.077 0.096 0.006 0.005 0.053 0.008 0.069 0.006 0.010 0.041 0.089 0.088 0.086 0.121 0.050 
 56 QAc-G-0255    (0)   10 :  0.014 0.030 0.049 0.042 0.049 0.009 0.005 0.044 0.009 0.012 0.028 0.503 0.048 0.040 0.036 0.039 0.039 0.006 
 57 QAc-G-0256    (0)   10 :  0.007 0.008 0.007 0.008 0.007 0.017 0.017 0.007 0.008 0.005 0.009 0.851 0.007 0.008 0.008 0.007 0.008 0.013 
 58 QAc-G-0257    (0)   10 :  0.013 0.022 0.018 0.021 0.018 0.069 0.004 0.016 0.005 0.016 0.003 0.683 0.018 0.023 0.024 0.019 0.020 0.006 
 59 QAc-G-0259    (0)   10 :  0.012 0.206 0.048 0.126 0.024 0.003 0.003 0.030 0.003 0.008 0.008 0.015 0.011 0.160 0.166 0.094 0.079 0.003 
 60 QAc-G-0260    (0)   10 :  0.018 0.133 0.052 0.087 0.031 0.151 0.042 0.027 0.008 0.026 0.011 0.047 0.026 0.094 0.086 0.085 0.060 0.015 
 61 QAc-G-0261    (0)   10 :  0.011 0.043 0.031 0.044 0.039 0.542 0.004 0.030 0.010 0.007 0.005 0.014 0.023 0.051 0.050 0.044 0.047 0.006 
 62 QAc-G-0109    (0)   11 :  0.025 0.072 0.042 0.050 0.045 0.047 0.006 0.028 0.017 0.021 0.005 0.355 0.023 0.063 0.076 0.063 0.052 0.010 
 63 QAc-G-0113    (0)   11 :  0.020 0.026 0.030 0.025 0.029 0.022 0.011 0.018 0.013 0.007 0.005 0.596 0.057 0.023 0.026 0.019 0.019 0.053 
 64 QAc-G-0114    (0)   11 :  0.009 0.036 0.030 0.032 0.023 0.005 0.011 0.018 0.020 0.006 0.098 0.546 0.027 0.039 0.039 0.026 0.026 0.008 
 65 QAc-G-0117    (0)   11 :  0.030 0.057 0.053 0.061 0.063 0.080 0.007 0.048 0.058 0.011 0.036 0.110 0.069 0.068 0.059 0.071 0.070 0.049 
 66 QAc-G-0120    (0)   11 :  0.021 0.103 0.052 0.075 0.039 0.008 0.004 0.029 0.012 0.013 0.012 0.215 0.033 0.113 0.109 0.087 0.065 0.010 
 67 QAc-G-0125    (0)   11 :  0.027 0.029 0.020 0.025 0.018 0.618 0.016 0.024 0.004 0.021 0.005 0.017 0.013 0.029 0.026 0.023 0.025 0.059 
 68 QAc-G-0141    (0)   11 :  0.048 0.068 0.058 0.085 0.081 0.025 0.018 0.066 0.040 0.023 0.014 0.058 0.062 0.085 0.074 0.089 0.091 0.016 
 69 QAc-G-0143    (0)   11 :  0.027 0.077 0.094 0.091 0.103 0.003 0.006 0.093 0.008 0.004 0.004 0.005 0.077 0.100 0.088 0.076 0.139 0.004 
 70 QAc-G-0147    (0)   11 :  0.015 0.050 0.042 0.049 0.033 0.355 0.006 0.022 0.025 0.065 0.008 0.072 0.030 0.049 0.056 0.045 0.040 0.037 
 71 QAc-G-0174    (0)   11 :  0.006 0.005 0.005 0.005 0.004 0.004 0.067 0.005 0.008 0.004 0.005 0.004 0.005 0.005 0.005 0.005 0.005 0.854 
 72 QAc-G-0182    (0)   11 :  0.004 0.007 0.006 0.007 0.006 0.011 0.280 0.005 0.005 0.005 0.004 0.006 0.006 0.007 0.007 0.006 0.005 0.623 
 73 QAc-G-0188    (0)   11 :  0.018 0.060 0.048 0.057 0.048 0.007 0.197 0.038 0.007 0.007 0.016 0.208 0.057 0.060 0.053 0.055 0.052 0.011 
 74 QAc-G-0229    (0)   11 :  0.010 0.010 0.011 0.012 0.014 0.004 0.005 0.010 0.836 0.012 0.006 0.008 0.008 0.011 0.010 0.010 0.011 0.008 
 75 QAc-G-0233    (0)   11 :  0.033 0.080 0.045 0.057 0.039 0.010 0.006 0.046 0.015 0.076 0.279 0.006 0.021 0.083 0.076 0.072 0.052 0.004 
 76 QAc-G-0237    (0)   11 :  0.026 0.025 0.046 0.028 0.038 0.047 0.009 0.037 0.519 0.013 0.037 0.021 0.018 0.030 0.026 0.036 0.035 0.008 
 77 QAc-G-0243    (0)   11 :  0.037 0.058 0.079 0.072 0.086 0.044 0.003 0.070 0.017 0.038 0.102 0.007 0.043 0.062 0.064 0.113 0.097 0.008 
 78 QAc-G-0249    (0)   12 :  0.018 0.057 0.139 0.046 0.057 0.003 0.023 0.034 0.013 0.369 0.018 0.009 0.023 0.052 0.053 0.036 0.042 0.007 
 79 QAc-W-0001    (0)   13 :  0.006 0.009 0.007 0.009 0.010 0.015 0.003 0.008 0.044 0.005 0.826 0.012 0.007 0.008 0.009 0.009 0.009 0.004 
 80 QAc-W-0002    (0)   13 :  0.014 0.022 0.025 0.036 0.022 0.004 0.036 0.031 0.608 0.014 0.018 0.027 0.021 0.034 0.022 0.026 0.033 0.007 
 81 QAc-W-0003    (0)   13 :  0.017 0.014 0.011 0.014 0.016 0.012 0.007 0.017 0.018 0.006 0.755 0.015 0.013 0.015 0.015 0.013 0.014 0.026 
 82 QAc-W-0004    (0)   13 :  0.006 0.005 0.006 0.005 0.006 0.004 0.008 0.008 0.018 0.005 0.894 0.004 0.005 0.005 0.005 0.006 0.007 0.004 
 83 QAc-W-0005    (0)   13 :  0.006 0.006 0.007 0.008 0.007 0.004 0.005 0.006 0.007 0.008 0.889 0.005 0.005 0.007 0.007 0.007 0.008 0.006 
 84 QAc-W-0007   (13)   13 :  0.006 0.008 0.007 0.007 0.009 0.006 0.005 0.008 0.016 0.007 0.873 0.005 0.007 0.007 0.007 0.008 0.008 0.005 
 85 QAc-W-0008    (6)   13 :  0.012 0.032 0.024 0.033 0.025 0.004 0.006 0.017 0.014 0.019 0.663 0.007 0.022 0.031 0.030 0.030 0.026 0.007 
 86 QAc-W-0009    (0)   13 :  0.025 0.067 0.072 0.083 0.066 0.011 0.018 0.050 0.097 0.024 0.018 0.175 0.040 0.058 0.061 0.071 0.057 0.007 
 87 QAc-W-0010    (0)   13 :  0.017 0.020 0.022 0.020 0.021 0.030 0.007 0.019 0.010 0.027 0.672 0.017 0.018 0.021 0.017 0.023 0.024 0.017 
 88 QAc-W-0011    (0)   13 :  0.023 0.043 0.044 0.050 0.038 0.010 0.037 0.051 0.063 0.010 0.379 0.011 0.023 0.048 0.041 0.063 0.053 0.014 
 89 QAc-W-0012    (0)   13 :  0.012 0.022 0.019 0.021 0.021 0.011 0.014 0.025 0.104 0.014 0.618 0.010 0.015 0.024 0.020 0.024 0.020 0.006 
 90 QAc-W-0013    (0)   13 :  0.128 0.038 0.060 0.073 0.036 0.010 0.019 0.125 0.175 0.010 0.015 0.047 0.031 0.059 0.035 0.072 0.061 0.007 
 91 QAc-W-0014    (0)   13 :  0.010 0.010 0.013 0.011 0.011 0.005 0.003 0.010 0.018 0.018 0.819 0.004 0.008 0.010 0.011 0.016 0.012 0.010 
 92 QAc-W-0015    (0)   13 :  0.038 0.023 0.030 0.047 0.023 0.004 0.018 0.049 0.424 0.024 0.013 0.012 0.021 0.044 0.023 0.034 0.039 0.134 
 93 QAc-W-0017    (0)   13 :  0.043 0.075 0.064 0.081 0.092 0.007 0.011 0.066 0.042 0.035 0.012 0.013 0.068 0.089 0.088 0.083 0.095 0.037 
 94 QAc-W-0018    (0)   13 :  0.044 0.044 0.043 0.058 0.050 0.015 0.005 0.045 0.021 0.016 0.370 0.024 0.045 0.050 0.050 0.057 0.058 0.004 
 95 QAc-W-0020    (0)   13 :  0.005 0.020 0.018 0.020 0.023 0.011 0.004 0.017 0.007 0.005 0.749 0.004 0.017 0.023 0.021 0.024 0.025 0.005 
 96 QAc-W-0021    (0)   13 :  0.081 0.055 0.047 0.057 0.043 0.009 0.010 0.088 0.016 0.012 0.307 0.018 0.032 0.055 0.054 0.056 0.056 0.003 
 97 QAc-W-0022    (0)   13 :  0.040 0.072 0.062 0.080 0.074 0.008 0.015 0.054 0.108 0.036 0.019 0.007 0.047 0.083 0.071 0.090 0.110 0.024 
 98 QAc-W-0023    (6)   13 :  0.039 0.051 0.076 0.068 0.068 0.033 0.004 0.062 0.115 0.035 0.100 0.023 0.040 0.062 0.053 0.089 0.075 0.005 
 99 QAc-W-0024    (0)   13 :  0.063 0.043 0.047 0.056 0.063 0.006 0.051 0.060 0.022 0.016 0.314 0.011 0.037 0.043 0.050 0.054 0.058 0.006 
100 QAc-W-0025    (0)   13 :  0.018 0.027 0.029 0.031 0.037 0.004 0.008 0.034 0.317 0.012 0.336 0.011 0.019 0.025 0.030 0.034 0.024 0.004 
101 QAc-W-0026    (0)   13 :  0.071 0.038 0.031 0.042 0.028 0.025 0.049 0.048 0.050 0.024 0.409 0.014 0.022 0.041 0.037 0.028 0.028 0.014 
102 QAc-W-0027    (0)   13 :  0.009 0.017 0.014 0.017 0.016 0.004 0.005 0.010 0.734 0.010 0.079 0.012 0.012 0.013 0.015 0.014 0.015 0.004 
103 QAc-W-0028    (0)   13 :  0.012 0.021 0.026 0.029 0.032 0.004 0.009 0.031 0.122 0.009 0.552 0.006 0.023 0.024 0.023 0.031 0.038 0.008 
104 QAc-W-0029    (0)   13 :  0.030 0.024 0.062 0.054 0.062 0.020 0.004 0.074 0.171 0.009 0.237 0.013 0.036 0.041 0.023 0.082 0.054 0.004 
105 QAc-W-0032    (0)   13 :  0.007 0.010 0.011 0.011 0.017 0.026 0.003 0.014 0.022 0.011 0.805 0.004 0.007 0.009 0.010 0.017 0.012 0.003 
106 QAc-W-0033    (0)   13 :  0.026 0.092 0.068 0.093 0.057 0.030 0.005 0.044 0.018 0.022 0.133 0.012 0.058 0.091 0.099 0.079 0.064 0.009 
107 QAc-W-0035    (0)   13 :  0.030 0.041 0.048 0.047 0.050 0.008 0.020 0.041 0.361 0.022 0.117 0.006 0.025 0.042 0.041 0.046 0.039 0.013 
108 QAc-W-0037    (0)   13 :  0.015 0.012 0.012 0.012 0.012 0.017 0.008 0.014 0.797 0.007 0.023 0.006 0.010 0.014 0.012 0.010 0.010 0.006 
109 QAc-W-0038    (0)   13 :  0.022 0.061 0.055 0.059 0.098 0.011 0.008 0.055 0.074 0.015 0.126 0.011 0.057 0.065 0.060 0.090 0.100 0.033 
110 QAc-W-0040    (0)   13 :  0.014 0.024 0.035 0.023 0.020 0.020 0.009 0.015 0.016 0.110 0.597 0.008 0.012 0.023 0.024 0.019 0.022 0.010 
111 QAc-W-0041    (0)   13 :  0.067 0.030 0.032 0.056 0.029 0.005 0.033 0.071 0.396 0.012 0.037 0.029 0.031 0.047 0.031 0.038 0.049 0.005 
112 QAc-W-0042    (0)   14 :  0.025 0.016 0.017 0.022 0.025 0.300 0.035 0.026 0.019 0.008 0.006 0.375 0.041 0.021 0.016 0.020 0.019 0.010 
113 QAc-W-0044    (0)   14 :  0.057 0.028 0.045 0.060 0.049 0.156 0.040 0.066 0.086 0.038 0.009 0.064 0.035 0.043 0.030 0.059 0.055 0.080 
114 QAc-W-0045    (0)   14 :  0.010 0.014 0.016 0.015 0.019 0.029 0.012 0.011 0.014 0.006 0.007 0.741 0.044 0.014 0.017 0.015 0.011 0.006 
115 QAc-W-0048    (0)   14 :  0.014 0.029 0.017 0.025 0.015 0.081 0.005 0.015 0.013 0.006 0.011 0.657 0.014 0.028 0.026 0.021 0.017 0.005 
116 QAc-W-0050    (0)   14 :  0.010 0.024 0.079 0.020 0.130 0.019 0.009 0.020 0.009 0.011 0.004 0.238 0.318 0.026 0.026 0.025 0.028 0.006 
117 QAc-W-0051    (0)   14 :  0.014 0.015 0.076 0.016 0.148 0.087 0.006 0.015 0.006 0.005 0.007 0.133 0.372 0.016 0.015 0.016 0.014 0.040 
118 QAc-W-0052    (0)   14 :  0.004 0.005 0.005 0.005 0.005 0.910 0.006 0.004 0.005 0.004 0.010 0.006 0.004 0.005 0.005 0.005 0.005 0.006 
119 QAc-W-0053    (0)   14 :  0.008 0.011 0.012 0.014 0.013 0.018 0.005 0.010 0.009 0.007 0.009 0.813 0.012 0.013 0.013 0.013 0.013 0.007 
120 QAc-W-0054    (0)   14 :  0.024 0.071 0.057 0.061 0.078 0.079 0.100 0.036 0.010 0.021 0.008 0.042 0.114 0.060 0.062 0.063 0.058 0.057 
121 QAc-W-0056    (0)   14 :  0.017 0.072 0.079 0.065 0.116 0.007 0.007 0.030 0.061 0.012 0.040 0.026 0.214 0.065 0.076 0.050 0.050 0.011 
122 QAc-W-0057    (0)   14 :  0.026 0.039 0.075 0.031 0.122 0.011 0.007 0.025 0.016 0.012 0.007 0.126 0.283 0.035 0.040 0.033 0.029 0.082 
123 QAc-W-0060    (0)   14 :  0.005 0.008 0.006 0.008 0.006 0.031 0.009 0.005 0.017 0.007 0.003 0.005 0.005 0.008 0.008 0.007 0.007 0.855 
124 QAc-W-0061    (0)   14 :  0.015 0.023 0.027 0.025 0.023 0.005 0.012 0.020 0.028 0.040 0.010 0.016 0.018 0.027 0.025 0.022 0.024 0.640 
125 QAc-W-0062    (0)   14 :  0.005 0.005 0.005 0.004 0.004 0.009 0.007 0.004 0.004 0.005 0.003 0.004 0.005 0.004 0.004 0.004 0.004 0.919 
126 QAc-W-0063    (0)   14 :  0.016 0.014 0.013 0.013 0.013 0.023 0.020 0.016 0.006 0.009 0.016 0.006 0.011 0.012 0.015 0.014 0.014 0.768 
127 QAc-W-0064    (0)   14 :  0.008 0.009 0.007 0.008 0.009 0.005 0.021 0.007 0.005 0.009 0.010 0.005 0.008 0.008 0.008 0.008 0.008 0.856 
128 QAc-W-0065    (0)   14 :  0.013 0.018 0.018 0.017 0.023 0.007 0.010 0.014 0.013 0.016 0.008 0.009 0.021 0.017 0.017 0.017 0.019 0.745 
129 QAc-W-0066    (0)   14 :  0.004 0.003 0.003 0.003 0.003 0.003 0.944 0.004 0.004 0.003 0.003 0.003 0.003 0.003 0.003 0.003 0.003 0.005 
130 QAc-W-0072    (0)   14 :  0.015 0.015 0.028 0.016 0.018 0.005 0.006 0.013 0.005 0.078 0.015 0.006 0.023 0.014 0.016 0.015 0.018 0.696 
131 QAc-W-0073    (0)   14 :  0.015 0.013 0.012 0.014 0.014 0.007 0.006 0.012 0.008 0.010 0.006 0.015 0.012 0.012 0.013 0.013 0.013 0.805 
132 QAc-W-0077    (0)   14 :  0.005 0.007 0.006 0.006 0.007 0.005 0.209 0.006 0.007 0.005 0.006 0.008 0.007 0.006 0.007 0.007 0.006 0.691 
133 QAc-W-0078    (0)   15 :  0.374 0.038 0.029 0.038 0.020 0.014 0.035 0.237 0.019 0.016 0.013 0.005 0.017 0.038 0.039 0.032 0.029 0.007 
134 QAc-W-0079    (6)   15 :  0.547 0.006 0.007 0.006 0.006 0.004 0.011 0.353 0.008 0.006 0.005 0.007 0.006 0.006 0.006 0.006 0.006 0.004 
135 QAc-W-0081    (0)   15 :  0.603 0.007 0.006 0.007 0.006 0.010 0.004 0.294 0.004 0.005 0.009 0.004 0.007 0.006 0.006 0.007 0.007 0.008 
136 QAc-W-0082    (0)   15 :  0.303 0.007 0.054 0.007 0.102 0.003 0.005 0.147 0.006 0.004 0.003 0.058 0.265 0.008 0.007 0.007 0.008 0.005 
137 QAc-W-0083    (0)   15 :  0.560 0.009 0.010 0.009 0.011 0.010 0.008 0.272 0.007 0.012 0.007 0.008 0.012 0.009 0.009 0.009 0.009 0.031 
138 QAc-W-0086    (0)   15 :  0.591 0.008 0.008 0.008 0.008 0.005 0.015 0.283 0.008 0.009 0.007 0.006 0.010 0.008 0.008 0.007 0.007 0.005 
139 QAc-W-0087    (0)   15 :  0.604 0.006 0.006 0.006 0.006 0.003 0.006 0.305 0.005 0.008 0.004 0.009 0.006 0.006 0.006 0.006 0.006 0.003 
140 QAc-W-0088    (0)   15 :  0.543 0.018 0.014 0.017 0.015 0.004 0.006 0.262 0.011 0.008 0.006 0.010 0.012 0.019 0.017 0.015 0.016 0.006 
141 QAc-W-0092    (0)   15 :  0.394 0.025 0.016 0.035 0.019 0.020 0.011 0.211 0.097 0.010 0.020 0.014 0.020 0.025 0.022 0.025 0.028 0.006 
142 QAc-W-0093    (0)   15 :  0.443 0.027 0.020 0.023 0.027 0.009 0.004 0.245 0.017 0.013 0.023 0.011 0.019 0.026 0.030 0.026 0.033 0.005 
143 QAc-W-0094    (0)   15 :  0.167 0.046 0.034 0.034 0.052 0.206 0.006 0.108 0.008 0.012 0.046 0.019 0.041 0.043 0.045 0.039 0.047 0.048 
144 QAc-W-0097    (0)   15 :  0.418 0.027 0.020 0.029 0.023 0.014 0.006 0.216 0.064 0.007 0.024 0.012 0.015 0.032 0.029 0.031 0.027 0.006 
145 QAc-W-0099    (0)   15 :  0.395 0.037 0.032 0.042 0.034 0.017 0.005 0.212 0.009 0.022 0.004 0.015 0.032 0.034 0.037 0.036 0.033 0.004 
146 QAc-W-0107    (0)   15 :  0.565 0.010 0.009 0.010 0.009 0.008 0.013 0.281 0.006 0.007 0.006 0.004 0.008 0.009 0.009 0.009 0.009 0.029 
147 QAc-W-0115    (0)   16 :  0.044 0.013 0.091 0.016 0.024 0.007 0.005 0.012 0.019 0.679 0.012 0.004 0.009 0.016 0.014 0.014 0.014 0.007 
148 QAc-W-0116    (0)   16 :  0.025 0.036 0.123 0.036 0.044 0.013 0.003 0.021 0.017 0.490 0.008 0.023 0.021 0.030 0.037 0.033 0.033 0.005 
149 QAc-W-0117    (0)   16 :  0.008 0.011 0.152 0.012 0.043 0.004 0.004 0.010 0.009 0.670 0.005 0.013 0.011 0.012 0.012 0.010 0.013 0.004 
150 QAc-W-0118    (0)   16 :  0.051 0.017 0.117 0.018 0.031 0.006 0.038 0.020 0.006 0.570 0.008 0.008 0.014 0.017 0.020 0.018 0.018 0.023 
151 QAc-W-0119    (0)   16 :  0.015 0.023 0.159 0.022 0.056 0.007 0.017 0.021 0.008 0.548 0.006 0.007 0.018 0.021 0.025 0.022 0.021 0.004 
152 QAc-W-0120    (0)   16 :  0.025 0.041 0.117 0.047 0.038 0.005 0.019 0.020 0.008 0.485 0.009 0.011 0.016 0.046 0.044 0.028 0.032 0.009 
153 QAc-W-0121    (0)   16 :  0.008 0.016 0.141 0.017 0.041 0.003 0.078 0.016 0.006 0.562 0.007 0.009 0.025 0.016 0.015 0.015 0.016 0.010 
154 QAc-W-0122    (0)   16 :  0.104 0.030 0.090 0.047 0.054 0.004 0.004 0.039 0.006 0.391 0.018 0.011 0.032 0.029 0.034 0.049 0.050 0.007 
155 QAc-W-0123    (6)   16 :  0.038 0.028 0.128 0.026 0.048 0.016 0.007 0.020 0.015 0.519 0.004 0.009 0.016 0.026 0.030 0.028 0.032 0.010 
156 QAc-W-0124    (0)   16 :  0.124 0.024 0.047 0.033 0.023 0.007 0.011 0.038 0.039 0.425 0.016 0.004 0.013 0.024 0.025 0.022 0.021 0.104 
157 QAc-W-0125    (0)   16 :  0.020 0.014 0.140 0.015 0.048 0.009 0.008 0.016 0.010 0.632 0.008 0.009 0.010 0.014 0.014 0.012 0.015 0.005 
158 QAc-W-0132    (6)   16 :  0.058 0.032 0.080 0.034 0.037 0.019 0.044 0.031 0.037 0.428 0.017 0.006 0.019 0.032 0.033 0.038 0.032 0.024 
159 QAc-W-0134    (0)   16 :  0.010 0.008 0.151 0.007 0.036 0.006 0.005 0.006 0.007 0.715 0.005 0.005 0.006 0.007 0.007 0.007 0.007 0.007 
160 QAc-W-0135    (0)   16 :  0.071 0.019 0.061 0.029 0.031 0.004 0.016 0.017 0.023 0.490 0.101 0.007 0.014 0.020 0.018 0.028 0.023 0.028 
161 QAc-W-0136    (0)   16 :  0.008 0.008 0.117 0.008 0.032 0.007 0.003 0.007 0.006 0.751 0.005 0.005 0.006 0.008 0.008 0.007 0.008 0.005 
162 QAc-W-0138    (0)   16 :  0.006 0.009 0.133 0.008 0.039 0.006 0.004 0.008 0.005 0.721 0.008 0.004 0.007 0.009 0.008 0.010 0.010 0.005 
163 QAc-W-0140    (0)   16 :  0.011 0.018 0.145 0.022 0.048 0.004 0.005 0.022 0.015 0.578 0.009 0.020 0.016 0.017 0.019 0.022 0.024 0.005 
164 QAc-W-0141    (6)   16 :  0.026 0.061 0.083 0.067 0.099 0.007 0.027 0.063 0.041 0.084 0.019 0.016 0.063 0.059 0.055 0.105 0.116 0.009 
165 QAc-W-0142    (0)   16 :  0.009 0.008 0.156 0.007 0.036 0.004 0.013 0.008 0.004 0.693 0.004 0.005 0.009 0.007 0.008 0.007 0.007 0.014 
166 QAc-W-0143    (0)   16 :  0.038 0.018 0.129 0.015 0.030 0.006 0.003 0.024 0.005 0.634 0.007 0.011 0.014 0.014 0.016 0.016 0.014 0.006 
167 QAc-W-0145    (0)   16 :  0.079 0.011 0.098 0.011 0.029 0.004 0.003 0.014 0.005 0.674 0.004 0.005 0.008 0.012 0.012 0.012 0.013 0.007 
168 QAc-W-0148    (0)   16 :  0.027 0.008 0.109 0.008 0.022 0.007 0.004 0.007 0.013 0.741 0.007 0.005 0.007 0.007 0.007 0.007 0.007 0.008 
169 QAc-W-0149    (0)   16 :  0.103 0.046 0.072 0.062 0.066 0.033 0.004 0.053 0.007 0.233 0.012 0.014 0.044 0.054 0.050 0.071 0.063 0.013 
170 QAc-W-0150    (0)   16 :  0.094 0.043 0.065 0.054 0.048 0.022 0.005 0.053 0.034 0.241 0.087 0.006 0.037 0.044 0.044 0.057 0.059 0.007 
171 QAc-W-0151    (0)   16 :  0.048 0.016 0.080 0.017 0.024 0.006 0.004 0.013 0.053 0.636 0.010 0.006 0.011 0.017 0.018 0.017 0.017 0.006 
172 QAc-W-0152    (0)   16 :  0.072 0.010 0.071 0.011 0.026 0.005 0.006 0.008 0.010 0.679 0.005 0.011 0.010 0.011 0.010 0.011 0.012 0.031 
173 QAc-W-0153    (0)   16 :  0.038 0.063 0.084 0.067 0.133 0.004 0.005 0.071 0.025 0.021 0.006 0.006 0.048 0.073 0.078 0.095 0.161 0.022 
174 QAc-W-0154    (0)   16 :  0.015 0.029 0.110 0.029 0.038 0.004 0.003 0.017 0.007 0.560 0.047 0.006 0.017 0.033 0.031 0.027 0.024 0.004 
175 QAc-W-0157    (0)   16 :  0.008 0.049 0.128 0.050 0.053 0.026 0.012 0.022 0.019 0.428 0.005 0.011 0.021 0.042 0.043 0.029 0.037 0.017 
176 QAc-W-0158    (0)   16 :  0.047 0.022 0.088 0.025 0.036 0.008 0.025 0.032 0.067 0.485 0.044 0.006 0.014 0.024 0.020 0.026 0.022 0.008 
177 QAc-W-0159    (0)   16 :  0.011 0.010 0.155 0.010 0.039 0.008 0.004 0.010 0.006 0.680 0.008 0.006 0.009 0.009 0.010 0.009 0.010 0.003 
178 QAc-W-0160    (0)   16 :  0.013 0.032 0.124 0.028 0.039 0.004 0.004 0.024 0.019 0.558 0.024 0.005 0.013 0.026 0.028 0.027 0.028 0.005 
179 QAc-W-0162    (0)   16 :  0.018 0.019 0.107 0.019 0.030 0.015 0.005 0.013 0.004 0.563 0.004 0.027 0.025 0.018 0.019 0.012 0.017 0.084 
180 QAc-W-0163    (0)   16 :  0.017 0.040 0.124 0.034 0.056 0.010 0.007 0.017 0.008 0.415 0.007 0.052 0.070 0.039 0.036 0.029 0.030 0.010 
181 QAc-W-0164    (0)   16 :  0.033 0.036 0.097 0.036 0.034 0.010 0.009 0.020 0.008 0.470 0.007 0.011 0.022 0.036 0.034 0.030 0.033 0.075 
182 QAc-W-0167    (0)   17 :  0.024 0.081 0.069 0.071 0.155 0.006 0.006 0.070 0.006 0.011 0.006 0.009 0.041 0.091 0.074 0.100 0.171 0.009 
183 QAc-W-0168    (0)   17 :  0.030 0.093 0.090 0.086 0.052 0.007 0.041 0.055 0.016 0.077 0.008 0.014 0.038 0.104 0.102 0.084 0.083 0.020 
184 QAc-W-0169    (0)   17 :  0.016 0.127 0.071 0.108 0.062 0.004 0.010 0.047 0.014 0.009 0.017 0.017 0.057 0.133 0.117 0.093 0.089 0.009 
185 QAc-W-0170    (0)   17 :  0.016 0.123 0.066 0.106 0.077 0.005 0.004 0.052 0.050 0.015 0.011 0.008 0.035 0.103 0.106 0.112 0.106 0.006 
186 QAc-W-0172    (0)   17 :  0.018 0.137 0.067 0.118 0.048 0.013 0.002 0.036 0.011 0.010 0.009 0.005 0.033 0.142 0.144 0.109 0.095 0.003 
187 QAc-W-0173    (0)   17 :  0.016 0.049 0.082 0.063 0.177 0.005 0.004 0.087 0.013 0.022 0.011 0.005 0.057 0.053 0.064 0.099 0.184 0.011 
188 QAc-W-0174    (0)   17 :  0.017 0.070 0.083 0.072 0.148 0.004 0.010 0.078 0.009 0.012 0.004 0.011 0.045 0.069 0.079 0.093 0.188 0.010 


Estimated Allele Frequencies in each cluster
First column gives estimated ancestral frequencies


Locus 1 : 
18 alleles
0.0% missing data
 210   (0.113) 0.142 0.113 0.130 0.110 0.109 0.030 0.007 0.141 0.067 0.173 0.017 0.257 0.098 0.111 0.113 0.112 0.112 0.022 
 212   (0.120) 0.237 0.120 0.105 0.122 0.117 0.024 0.194 0.178 0.407 0.088 0.048 0.034 0.107 0.121 0.120 0.128 0.125 0.016 
 202   (0.059) 0.104 0.059 0.040 0.053 0.040 0.314 0.004 0.080 0.033 0.010 0.062 0.017 0.033 0.057 0.058 0.051 0.052 0.007 
 226   (0.041) 0.016 0.041 0.027 0.036 0.027 0.218 0.249 0.021 0.004 0.006 0.004 0.023 0.033 0.039 0.040 0.033 0.031 0.131 
 216   (0.075) 0.134 0.075 0.078 0.070 0.061 0.167 0.005 0.091 0.009 0.129 0.018 0.048 0.048 0.073 0.074 0.065 0.063 0.056 
 200   (0.245) 0.167 0.245 0.252 0.284 0.263 0.126 0.510 0.246 0.391 0.163 0.526 0.188 0.212 0.261 0.247 0.294 0.291 0.125 
 224   (0.042) 0.021 0.042 0.034 0.044 0.035 0.010 0.004 0.031 0.022 0.008 0.008 0.010 0.034 0.043 0.042 0.044 0.040 0.264 
 218   (0.054) 0.089 0.054 0.069 0.049 0.048 0.010 0.004 0.063 0.010 0.140 0.082 0.013 0.044 0.052 0.053 0.047 0.047 0.018 
 228   (0.012) 0.002 0.012 0.006 0.009 0.005 0.002 0.001 0.004 0.001 0.002 0.001 0.002 0.005 0.011 0.011 0.009 0.008 0.129 
 214   (0.062) 0.020 0.062 0.083 0.058 0.134 0.040 0.013 0.035 0.007 0.023 0.007 0.193 0.274 0.060 0.062 0.055 0.058 0.211 
 208   (0.062) 0.031 0.062 0.055 0.062 0.074 0.017 0.004 0.053 0.034 0.011 0.211 0.073 0.051 0.060 0.064 0.067 0.078 0.007 
 220   (0.029) 0.007 0.029 0.023 0.028 0.025 0.005 0.002 0.018 0.005 0.009 0.003 0.007 0.018 0.028 0.029 0.027 0.030 0.004 
 196   (0.011) 0.003 0.011 0.007 0.009 0.006 0.002 0.001 0.005 0.001 0.002 0.001 0.003 0.005 0.011 0.011 0.009 0.008 0.001 
 238   (0.011) 0.002 0.011 0.008 0.010 0.008 0.002 0.001 0.006 0.001 0.002 0.001 0.002 0.006 0.011 0.011 0.009 0.010 0.002 
 206   (0.020) 0.005 0.020 0.016 0.017 0.012 0.004 0.001 0.009 0.002 0.024 0.003 0.058 0.011 0.019 0.019 0.016 0.015 0.002 
 190   (0.009) 0.002 0.009 0.005 0.008 0.005 0.001 0.001 0.004 0.001 0.001 0.001 0.002 0.004 0.009 0.009 0.007 0.007 0.001 
 222   (0.024) 0.016 0.024 0.054 0.021 0.022 0.024 0.001 0.011 0.003 0.206 0.007 0.006 0.012 0.023 0.024 0.019 0.018 0.004 
 232   (0.012) 0.003 0.012 0.007 0.010 0.006 0.004 0.001 0.005 0.001 0.002 0.001 0.064 0.006 0.012 0.012 0.009 0.009 0.001 

Locus 2 : 
15 alleles
2.1% missing data
 171   (0.209) 0.188 0.209 0.191 0.216 0.217 0.242 0.017 0.210 0.436 0.070 0.314 0.466 0.227 0.215 0.209 0.228 0.213 0.043 
 175   (0.098) 0.192 0.098 0.097 0.094 0.119 0.206 0.027 0.165 0.051 0.027 0.042 0.035 0.187 0.097 0.097 0.090 0.085 0.028 
 185   (0.055) 0.083 0.055 0.084 0.053 0.047 0.013 0.005 0.071 0.006 0.202 0.008 0.013 0.033 0.053 0.055 0.051 0.052 0.016 
 179   (0.074) 0.065 0.074 0.093 0.076 0.075 0.247 0.035 0.048 0.010 0.278 0.008 0.018 0.048 0.072 0.075 0.070 0.080 0.498 
 181   (0.089) 0.268 0.089 0.071 0.096 0.078 0.036 0.562 0.177 0.137 0.017 0.028 0.118 0.088 0.094 0.089 0.094 0.091 0.045 
 173   (0.191) 0.083 0.191 0.214 0.199 0.205 0.174 0.331 0.144 0.210 0.192 0.187 0.172 0.204 0.191 0.190 0.209 0.192 0.142 
 177   (0.032) 0.013 0.032 0.036 0.030 0.026 0.006 0.003 0.015 0.004 0.082 0.003 0.010 0.029 0.031 0.032 0.027 0.027 0.185 
 187   (0.096) 0.028 0.096 0.083 0.093 0.108 0.019 0.009 0.067 0.116 0.027 0.104 0.044 0.084 0.094 0.098 0.093 0.114 0.025 
 183   (0.062) 0.032 0.062 0.071 0.059 0.063 0.016 0.006 0.046 0.008 0.079 0.007 0.084 0.045 0.061 0.062 0.059 0.068 0.007 
 189   (0.031) 0.010 0.031 0.022 0.029 0.021 0.005 0.002 0.016 0.016 0.016 0.291 0.007 0.019 0.030 0.030 0.029 0.026 0.004 
 191   (0.020) 0.030 0.020 0.013 0.017 0.014 0.030 0.001 0.022 0.002 0.003 0.003 0.023 0.015 0.019 0.020 0.016 0.017 0.003 
 163   (0.011) 0.002 0.011 0.007 0.010 0.006 0.002 0.001 0.004 0.001 0.002 0.001 0.003 0.004 0.011 0.011 0.009 0.008 0.001 
 165   (0.012) 0.002 0.012 0.007 0.010 0.006 0.002 0.001 0.004 0.001 0.002 0.001 0.003 0.005 0.011 0.012 0.009 0.008 0.001 
 193   (0.010) 0.003 0.010 0.007 0.009 0.008 0.002 0.001 0.006 0.001 0.001 0.001 0.002 0.007 0.010 0.010 0.008 0.010 0.001 
 167   (0.011) 0.002 0.011 0.006 0.010 0.006 0.002 0.001 0.004 0.001 0.001 0.001 0.002 0.005 0.010 0.011 0.009 0.008 0.001 

Locus 3 : 
4 alleles
1.1% missing data
 206   (0.889) 0.966 0.889 0.922 0.900 0.914 0.904 0.988 0.939 0.985 0.981 0.685 0.905 0.929 0.893 0.890 0.903 0.897 0.884 
 208   (0.055) 0.014 0.055 0.039 0.051 0.043 0.011 0.004 0.028 0.008 0.010 0.309 0.064 0.040 0.053 0.055 0.048 0.049 0.052 
 204   (0.040) 0.016 0.040 0.026 0.035 0.025 0.083 0.007 0.024 0.005 0.007 0.005 0.027 0.021 0.039 0.040 0.033 0.034 0.062 
 212   (0.015) 0.005 0.015 0.013 0.014 0.018 0.002 0.001 0.010 0.002 0.003 0.002 0.003 0.009 0.015 0.016 0.016 0.020 0.002 

Locus 4 : 
15 alleles
1.1% missing data
 165   (0.077) 0.333 0.077 0.072 0.077 0.088 0.043 0.005 0.244 0.026 0.017 0.013 0.022 0.078 0.077 0.077 0.099 0.090 0.314 
 163   (0.204) 0.093 0.204 0.239 0.210 0.236 0.076 0.015 0.158 0.059 0.277 0.083 0.278 0.199 0.209 0.208 0.231 0.242 0.078 
 167   (0.144) 0.089 0.144 0.147 0.140 0.149 0.489 0.010 0.108 0.191 0.132 0.241 0.097 0.149 0.141 0.145 0.138 0.141 0.019 
 161   (0.361) 0.227 0.361 0.382 0.379 0.368 0.332 0.956 0.285 0.688 0.496 0.478 0.436 0.421 0.365 0.358 0.350 0.341 0.566 
 153   (0.015) 0.005 0.015 0.014 0.016 0.012 0.003 0.001 0.012 0.003 0.002 0.010 0.004 0.009 0.016 0.015 0.017 0.015 0.002 
 173   (0.029) 0.190 0.029 0.024 0.025 0.029 0.005 0.002 0.099 0.003 0.004 0.003 0.025 0.043 0.028 0.029 0.023 0.023 0.004 
 171   (0.037) 0.011 0.037 0.029 0.037 0.032 0.028 0.003 0.023 0.004 0.007 0.004 0.041 0.029 0.036 0.037 0.035 0.040 0.004 
 179   (0.011) 0.003 0.011 0.007 0.009 0.006 0.002 0.001 0.005 0.003 0.002 0.001 0.003 0.005 0.010 0.011 0.009 0.009 0.001 
 157   (0.020) 0.005 0.020 0.013 0.018 0.012 0.004 0.001 0.009 0.012 0.003 0.152 0.014 0.010 0.019 0.020 0.016 0.015 0.002 
 149   (0.011) 0.003 0.011 0.007 0.009 0.006 0.002 0.001 0.004 0.001 0.002 0.001 0.026 0.006 0.011 0.011 0.008 0.008 0.001 
 177   (0.022) 0.013 0.022 0.016 0.021 0.017 0.004 0.001 0.015 0.004 0.004 0.003 0.006 0.014 0.022 0.022 0.020 0.022 0.002 
 155   (0.018) 0.005 0.018 0.011 0.016 0.010 0.003 0.001 0.008 0.002 0.004 0.005 0.004 0.008 0.018 0.018 0.015 0.014 0.002 
 175   (0.011) 0.003 0.011 0.007 0.009 0.006 0.002 0.001 0.004 0.001 0.002 0.001 0.007 0.005 0.010 0.011 0.008 0.008 0.001 
 169   (0.021) 0.015 0.021 0.014 0.019 0.015 0.004 0.001 0.016 0.002 0.003 0.002 0.033 0.014 0.021 0.021 0.017 0.018 0.002 
 159   (0.018) 0.005 0.018 0.017 0.016 0.012 0.003 0.001 0.008 0.002 0.046 0.002 0.004 0.009 0.018 0.018 0.015 0.014 0.002 

Locus 5 : 
16 alleles
0.0% missing data
 148   (0.117) 0.204 0.117 0.096 0.111 0.100 0.028 0.359 0.202 0.195 0.051 0.103 0.090 0.076 0.115 0.117 0.113 0.116 0.047 
 160   (0.025) 0.043 0.025 0.016 0.021 0.014 0.064 0.002 0.033 0.003 0.004 0.004 0.023 0.012 0.024 0.024 0.020 0.019 0.003 
 154   (0.077) 0.047 0.077 0.099 0.076 0.075 0.050 0.010 0.052 0.009 0.205 0.018 0.021 0.060 0.075 0.077 0.073 0.080 0.172 
 150   (0.063) 0.023 0.063 0.085 0.062 0.126 0.014 0.013 0.041 0.029 0.011 0.060 0.097 0.252 0.064 0.063 0.064 0.058 0.011 
 138   (0.127) 0.144 0.127 0.143 0.124 0.115 0.297 0.009 0.119 0.047 0.242 0.024 0.087 0.081 0.123 0.126 0.119 0.123 0.186 
 166   (0.030) 0.014 0.030 0.017 0.027 0.016 0.275 0.002 0.016 0.005 0.005 0.031 0.205 0.015 0.029 0.029 0.024 0.021 0.003 
 146   (0.096) 0.134 0.096 0.072 0.090 0.079 0.075 0.335 0.105 0.024 0.022 0.031 0.091 0.057 0.094 0.097 0.087 0.094 0.229 
 164   (0.016) 0.004 0.016 0.010 0.014 0.009 0.037 0.001 0.007 0.002 0.002 0.002 0.004 0.007 0.015 0.016 0.013 0.012 0.002 
 142   (0.019) 0.005 0.019 0.034 0.016 0.050 0.003 0.012 0.009 0.002 0.014 0.002 0.017 0.120 0.018 0.018 0.014 0.013 0.002 
 144   (0.152) 0.081 0.152 0.153 0.163 0.149 0.057 0.229 0.121 0.403 0.152 0.069 0.232 0.115 0.159 0.152 0.161 0.166 0.300 
 140   (0.083) 0.044 0.083 0.102 0.084 0.087 0.017 0.007 0.066 0.246 0.211 0.191 0.020 0.058 0.083 0.083 0.082 0.090 0.010 
 158   (0.043) 0.085 0.043 0.043 0.054 0.041 0.035 0.003 0.070 0.010 0.021 0.009 0.025 0.032 0.048 0.043 0.053 0.046 0.005 
 162   (0.028) 0.098 0.028 0.020 0.025 0.025 0.005 0.002 0.058 0.005 0.004 0.003 0.008 0.021 0.027 0.028 0.025 0.029 0.003 
 152   (0.090) 0.059 0.090 0.085 0.101 0.088 0.019 0.016 0.078 0.014 0.050 0.449 0.033 0.072 0.091 0.092 0.122 0.101 0.023 
 134   (0.017) 0.005 0.017 0.013 0.016 0.013 0.003 0.001 0.010 0.002 0.003 0.002 0.042 0.012 0.016 0.017 0.014 0.014 0.002 
 156   (0.019) 0.012 0.019 0.013 0.018 0.014 0.020 0.001 0.014 0.003 0.003 0.002 0.005 0.010 0.018 0.019 0.018 0.018 0.002 

Locus 6 : 
12 alleles
0.0% missing data
 225   (0.043) 0.082 0.043 0.036 0.040 0.035 0.007 0.294 0.086 0.005 0.017 0.009 0.010 0.032 0.041 0.043 0.036 0.037 0.006 
 239   (0.104) 0.045 0.104 0.091 0.104 0.094 0.227 0.425 0.076 0.094 0.021 0.014 0.046 0.074 0.101 0.104 0.100 0.103 0.229 
 229   (0.016) 0.200 0.016 0.010 0.015 0.008 0.003 0.001 0.116 0.002 0.002 0.002 0.004 0.007 0.016 0.016 0.013 0.012 0.002 
 235   (0.299) 0.393 0.299 0.345 0.305 0.364 0.086 0.229 0.317 0.430 0.501 0.267 0.141 0.432 0.300 0.300 0.309 0.308 0.311 
 237   (0.206) 0.092 0.206 0.197 0.208 0.206 0.067 0.025 0.152 0.276 0.165 0.194 0.171 0.187 0.208 0.208 0.219 0.226 0.268 
 233   (0.102) 0.070 0.102 0.084 0.105 0.090 0.255 0.011 0.087 0.161 0.023 0.474 0.094 0.086 0.105 0.101 0.105 0.093 0.155 
 227   (0.030) 0.007 0.030 0.021 0.026 0.020 0.294 0.002 0.013 0.003 0.004 0.003 0.416 0.027 0.028 0.029 0.023 0.022 0.003 
 245   (0.071) 0.034 0.071 0.093 0.077 0.069 0.023 0.005 0.059 0.013 0.132 0.021 0.020 0.051 0.074 0.072 0.080 0.074 0.008 
 241   (0.036) 0.051 0.036 0.029 0.034 0.028 0.014 0.003 0.040 0.004 0.022 0.006 0.032 0.032 0.034 0.035 0.031 0.031 0.007 
 231   (0.052) 0.014 0.052 0.051 0.049 0.057 0.016 0.003 0.033 0.006 0.052 0.005 0.024 0.050 0.052 0.052 0.050 0.061 0.006 
 243   (0.030) 0.010 0.030 0.037 0.028 0.023 0.005 0.002 0.016 0.004 0.058 0.003 0.038 0.018 0.029 0.029 0.026 0.024 0.004 
 251   (0.011) 0.002 0.011 0.007 0.009 0.006 0.002 0.001 0.005 0.001 0.002 0.001 0.002 0.005 0.011 0.011 0.009 0.008 0.001 

Locus 7 : 
5 alleles
0.0% missing data
 118   (0.922) 0.977 0.922 0.911 0.930 0.868 0.663 0.991 0.955 0.941 0.986 0.922 0.960 0.745 0.924 0.923 0.923 0.931 0.992 
 124   (0.038) 0.010 0.037 0.026 0.034 0.025 0.330 0.002 0.023 0.055 0.008 0.073 0.008 0.020 0.037 0.037 0.041 0.032 0.004 
 116   (0.014) 0.006 0.014 0.044 0.012 0.084 0.002 0.005 0.007 0.001 0.002 0.001 0.026 0.220 0.013 0.013 0.010 0.010 0.001 
 114   (0.016) 0.005 0.016 0.012 0.015 0.016 0.004 0.001 0.010 0.002 0.003 0.003 0.004 0.009 0.016 0.016 0.016 0.018 0.002 
 122   (0.011) 0.003 0.011 0.007 0.009 0.007 0.002 0.001 0.005 0.001 0.002 0.001 0.003 0.006 0.011 0.011 0.009 0.009 0.001 

Locus 8 : 
5 alleles
0.0% missing data
 135   (0.054) 0.032 0.054 0.055 0.063 0.053 0.010 0.010 0.066 0.029 0.032 0.013 0.012 0.046 0.057 0.054 0.089 0.067 0.006 
 139   (0.759) 0.815 0.759 0.724 0.765 0.741 0.948 0.917 0.786 0.916 0.691 0.935 0.644 0.648 0.760 0.760 0.754 0.778 0.957 
 137   (0.140) 0.140 0.140 0.180 0.131 0.176 0.034 0.070 0.127 0.049 0.220 0.047 0.332 0.283 0.138 0.138 0.119 0.117 0.032 
 143   (0.033) 0.008 0.033 0.029 0.030 0.023 0.006 0.002 0.016 0.004 0.030 0.003 0.009 0.017 0.033 0.034 0.028 0.028 0.004 
 141   (0.013) 0.004 0.013 0.012 0.012 0.007 0.002 0.001 0.006 0.002 0.028 0.001 0.003 0.006 0.013 0.013 0.010 0.010 0.001 

Locus 9 : 
11 alleles
0.0% missing data
 116   (0.295) 0.375 0.295 0.320 0.313 0.305 0.108 0.368 0.403 0.266 0.307 0.516 0.118 0.261 0.301 0.295 0.346 0.319 0.175 
 112   (0.085) 0.086 0.085 0.087 0.088 0.071 0.016 0.013 0.070 0.081 0.175 0.033 0.020 0.054 0.084 0.085 0.077 0.082 0.375 
 122   (0.064) 0.019 0.064 0.051 0.057 0.063 0.291 0.433 0.032 0.008 0.014 0.009 0.269 0.104 0.062 0.062 0.053 0.051 0.301 
 114   (0.217) 0.124 0.217 0.225 0.215 0.201 0.053 0.020 0.165 0.348 0.296 0.363 0.224 0.140 0.216 0.219 0.216 0.227 0.047 
 120   (0.042) 0.011 0.042 0.030 0.037 0.025 0.212 0.003 0.018 0.150 0.018 0.005 0.010 0.019 0.040 0.042 0.033 0.032 0.022 
 130   (0.037) 0.015 0.037 0.033 0.039 0.029 0.179 0.002 0.029 0.038 0.007 0.006 0.072 0.022 0.039 0.036 0.039 0.035 0.004 
 118   (0.126) 0.331 0.126 0.113 0.128 0.117 0.115 0.019 0.208 0.082 0.142 0.037 0.049 0.089 0.129 0.128 0.120 0.129 0.018 
 124   (0.062) 0.018 0.062 0.068 0.056 0.085 0.011 0.135 0.032 0.007 0.030 0.007 0.082 0.135 0.060 0.062 0.052 0.054 0.051 
 126   (0.038) 0.012 0.038 0.047 0.034 0.070 0.009 0.003 0.021 0.018 0.006 0.008 0.148 0.150 0.036 0.037 0.032 0.031 0.004 
 108   (0.013) 0.004 0.013 0.010 0.012 0.013 0.002 0.001 0.010 0.001 0.002 0.001 0.003 0.011 0.013 0.013 0.011 0.014 0.001 
 128   (0.022) 0.006 0.022 0.016 0.020 0.020 0.004 0.002 0.013 0.002 0.004 0.014 0.005 0.013 0.021 0.022 0.021 0.025 0.002 

Locus 10 : 
4 alleles
0.0% missing data
 232   (0.897) 0.973 0.897 0.915 0.903 0.925 0.974 0.993 0.943 0.946 0.934 0.988 0.682 0.936 0.899 0.897 0.913 0.909 0.989 
 238   (0.075) 0.021 0.075 0.066 0.072 0.054 0.022 0.005 0.040 0.051 0.062 0.009 0.312 0.046 0.074 0.075 0.064 0.065 0.009 
 234   (0.016) 0.004 0.016 0.012 0.014 0.014 0.002 0.001 0.011 0.002 0.002 0.002 0.003 0.012 0.016 0.016 0.013 0.016 0.002 
 244   (0.012) 0.003 0.012 0.008 0.011 0.007 0.002 0.001 0.005 0.001 0.002 0.001 0.003 0.005 0.011 0.012 0.010 0.010 0.001 

Locus 11 : 
7 alleles
0.0% missing data
 165   (0.770) 0.889 0.770 0.793 0.785 0.743 0.931 0.764 0.848 0.775 0.919 0.925 0.886 0.658 0.772 0.770 0.789 0.780 0.798 
 167   (0.072) 0.055 0.072 0.082 0.065 0.115 0.021 0.225 0.047 0.011 0.028 0.009 0.028 0.221 0.069 0.071 0.059 0.059 0.185 
 161   (0.112) 0.040 0.112 0.093 0.112 0.115 0.040 0.008 0.083 0.209 0.020 0.061 0.075 0.100 0.114 0.113 0.117 0.125 0.013 
 155   (0.012) 0.003 0.012 0.007 0.010 0.006 0.002 0.001 0.004 0.001 0.002 0.001 0.003 0.004 0.011 0.012 0.009 0.008 0.001 
 173   (0.011) 0.002 0.011 0.007 0.009 0.008 0.002 0.001 0.006 0.001 0.001 0.001 0.002 0.007 0.011 0.011 0.009 0.010 0.001 
 163   (0.012) 0.009 0.012 0.012 0.010 0.007 0.002 0.001 0.006 0.001 0.029 0.001 0.003 0.005 0.011 0.012 0.009 0.009 0.001 
 171   (0.012) 0.002 0.012 0.007 0.010 0.006 0.002 0.001 0.005 0.001 0.002 0.001 0.003 0.005 0.012 0.012 0.009 0.009 0.001 

Locus 12 : 
8 alleles
0.0% missing data
 137   (0.527) 0.477 0.527 0.591 0.520 0.580 0.847 0.455 0.468 0.233 0.806 0.328 0.558 0.647 0.524 0.528 0.530 0.526 0.418 
 140   (0.150) 0.186 0.150 0.146 0.170 0.146 0.031 0.015 0.205 0.510 0.063 0.600 0.068 0.105 0.155 0.150 0.165 0.156 0.050 
 134   (0.249) 0.314 0.249 0.211 0.245 0.216 0.109 0.525 0.290 0.249 0.089 0.055 0.318 0.208 0.250 0.249 0.241 0.247 0.524 
 149   (0.011) 0.003 0.011 0.007 0.009 0.006 0.002 0.001 0.005 0.001 0.002 0.001 0.003 0.005 0.011 0.011 0.009 0.008 0.001 
 143   (0.015) 0.004 0.015 0.010 0.013 0.009 0.004 0.002 0.007 0.002 0.002 0.002 0.039 0.009 0.015 0.015 0.012 0.012 0.002 
 128   (0.012) 0.003 0.012 0.007 0.010 0.006 0.002 0.001 0.005 0.001 0.002 0.001 0.007 0.005 0.011 0.011 0.009 0.009 0.001 
 125   (0.018) 0.009 0.018 0.013 0.015 0.011 0.003 0.001 0.007 0.002 0.034 0.011 0.004 0.009 0.017 0.017 0.015 0.013 0.002 
 146   (0.018) 0.004 0.017 0.016 0.017 0.026 0.003 0.001 0.014 0.002 0.003 0.002 0.004 0.011 0.017 0.018 0.019 0.029 0.002 

Locus 13 : 
19 alleles
0.5% missing data
 206   (0.135) 0.314 0.135 0.122 0.126 0.114 0.213 0.047 0.231 0.174 0.146 0.259 0.066 0.114 0.131 0.134 0.119 0.121 0.029 
 210   (0.095) 0.228 0.095 0.080 0.107 0.079 0.018 0.415 0.168 0.157 0.029 0.174 0.025 0.069 0.103 0.095 0.100 0.096 0.038 
 190   (0.070) 0.022 0.070 0.081 0.068 0.070 0.028 0.005 0.047 0.008 0.108 0.083 0.016 0.053 0.070 0.071 0.075 0.077 0.012 
 202   (0.094) 0.048 0.094 0.098 0.100 0.119 0.535 0.009 0.079 0.012 0.024 0.032 0.264 0.167 0.096 0.094 0.116 0.100 0.015 
 214   (0.041) 0.011 0.041 0.028 0.036 0.029 0.008 0.252 0.021 0.019 0.007 0.060 0.010 0.025 0.039 0.041 0.037 0.036 0.147 
 212   (0.034) 0.028 0.034 0.105 0.032 0.044 0.006 0.187 0.017 0.004 0.390 0.004 0.007 0.021 0.032 0.033 0.027 0.025 0.004 
 192   (0.108) 0.073 0.108 0.105 0.124 0.113 0.062 0.008 0.106 0.280 0.041 0.090 0.028 0.089 0.114 0.109 0.122 0.127 0.013 
 204   (0.035) 0.021 0.035 0.029 0.036 0.029 0.015 0.015 0.023 0.010 0.020 0.018 0.013 0.025 0.034 0.034 0.031 0.032 0.059 
 184   (0.054) 0.100 0.054 0.047 0.053 0.039 0.009 0.004 0.061 0.021 0.099 0.017 0.012 0.032 0.053 0.054 0.050 0.045 0.006 
 216   (0.021) 0.008 0.021 0.022 0.022 0.024 0.004 0.001 0.014 0.265 0.003 0.017 0.005 0.012 0.021 0.021 0.021 0.020 0.002 
 208   (0.044) 0.015 0.044 0.044 0.044 0.039 0.010 0.015 0.033 0.019 0.048 0.200 0.010 0.030 0.044 0.043 0.053 0.043 0.005 
 198   (0.038) 0.011 0.038 0.034 0.040 0.052 0.018 0.003 0.030 0.004 0.008 0.004 0.008 0.028 0.038 0.040 0.046 0.060 0.004 
 194   (0.065) 0.034 0.065 0.071 0.057 0.105 0.019 0.006 0.041 0.007 0.014 0.019 0.211 0.201 0.062 0.064 0.055 0.056 0.597 
 186   (0.017) 0.005 0.017 0.010 0.015 0.009 0.003 0.011 0.007 0.002 0.002 0.002 0.005 0.010 0.016 0.016 0.013 0.013 0.049 
 188   (0.018) 0.005 0.018 0.013 0.016 0.012 0.003 0.001 0.009 0.004 0.003 0.004 0.030 0.011 0.018 0.018 0.015 0.015 0.002 
 200   (0.068) 0.060 0.068 0.060 0.064 0.063 0.035 0.017 0.069 0.007 0.032 0.010 0.274 0.066 0.066 0.068 0.061 0.063 0.011 
 196   (0.037) 0.012 0.037 0.034 0.036 0.041 0.006 0.002 0.026 0.004 0.021 0.004 0.009 0.028 0.037 0.039 0.037 0.047 0.005 
 220   (0.011) 0.002 0.011 0.007 0.010 0.006 0.005 0.001 0.004 0.001 0.002 0.001 0.003 0.005 0.010 0.010 0.009 0.008 0.001 
 180   (0.016) 0.004 0.016 0.011 0.014 0.014 0.002 0.001 0.012 0.001 0.002 0.002 0.003 0.013 0.015 0.016 0.013 0.017 0.002 

Locus 14 : 
8 alleles
1.1% missing data
 139   (0.071) 0.080 0.071 0.054 0.072 0.062 0.039 0.185 0.072 0.255 0.012 0.010 0.057 0.087 0.072 0.070 0.061 0.063 0.165 
 145   (0.064) 0.137 0.064 0.068 0.063 0.049 0.013 0.009 0.093 0.021 0.164 0.010 0.036 0.041 0.062 0.063 0.056 0.054 0.010 
 151   (0.306) 0.427 0.305 0.312 0.315 0.278 0.355 0.333 0.364 0.174 0.387 0.668 0.278 0.238 0.308 0.304 0.301 0.298 0.548 
 157   (0.362) 0.254 0.362 0.384 0.369 0.430 0.471 0.153 0.339 0.482 0.289 0.274 0.316 0.439 0.365 0.365 0.413 0.407 0.160 
 154   (0.097) 0.028 0.097 0.108 0.091 0.105 0.018 0.314 0.061 0.056 0.110 0.027 0.030 0.110 0.096 0.098 0.083 0.096 0.105 
 163   (0.040) 0.050 0.040 0.030 0.036 0.033 0.093 0.003 0.040 0.005 0.006 0.005 0.013 0.042 0.039 0.040 0.034 0.034 0.005 
 160   (0.031) 0.008 0.031 0.019 0.027 0.018 0.006 0.002 0.013 0.003 0.004 0.003 0.254 0.017 0.030 0.031 0.025 0.023 0.003 
 142   (0.029) 0.016 0.029 0.025 0.027 0.025 0.006 0.002 0.017 0.004 0.026 0.004 0.016 0.025 0.028 0.029 0.026 0.026 0.003 

Locus 15 : 
13 alleles
1.6% missing data
 256   (0.146) 0.143 0.146 0.142 0.135 0.134 0.124 0.072 0.126 0.152 0.125 0.171 0.161 0.170 0.141 0.144 0.123 0.123 0.124 
 262   (0.024) 0.183 0.024 0.029 0.020 0.047 0.004 0.001 0.124 0.003 0.003 0.002 0.013 0.098 0.022 0.023 0.018 0.017 0.003 
 246   (0.118) 0.152 0.118 0.123 0.126 0.142 0.025 0.008 0.156 0.121 0.039 0.093 0.101 0.121 0.119 0.119 0.142 0.138 0.013 
 258   (0.178) 0.100 0.178 0.193 0.203 0.204 0.539 0.014 0.159 0.305 0.173 0.236 0.161 0.201 0.190 0.178 0.217 0.203 0.024 
 254   (0.111) 0.039 0.111 0.092 0.104 0.088 0.180 0.157 0.064 0.026 0.068 0.163 0.073 0.092 0.108 0.111 0.101 0.104 0.341 
 250   (0.030) 0.008 0.030 0.023 0.026 0.019 0.008 0.649 0.014 0.003 0.017 0.003 0.009 0.019 0.029 0.030 0.025 0.024 0.081 
 242   (0.105) 0.178 0.105 0.113 0.101 0.118 0.022 0.074 0.130 0.012 0.179 0.012 0.060 0.088 0.103 0.107 0.102 0.124 0.147 
 252   (0.067) 0.100 0.067 0.057 0.072 0.057 0.014 0.007 0.080 0.029 0.038 0.026 0.021 0.061 0.067 0.067 0.066 0.064 0.042 
 248   (0.128) 0.068 0.128 0.148 0.128 0.115 0.070 0.012 0.085 0.329 0.294 0.038 0.367 0.097 0.130 0.127 0.119 0.118 0.215 
 260   (0.041) 0.011 0.041 0.030 0.039 0.033 0.007 0.003 0.027 0.014 0.009 0.250 0.019 0.025 0.041 0.042 0.042 0.036 0.004 
 264   (0.015) 0.004 0.015 0.012 0.015 0.016 0.002 0.001 0.010 0.002 0.003 0.001 0.003 0.009 0.015 0.016 0.015 0.021 0.001 
 244   (0.026) 0.013 0.026 0.032 0.023 0.021 0.004 0.002 0.020 0.003 0.052 0.003 0.007 0.016 0.025 0.025 0.021 0.020 0.003 
 276   (0.011) 0.002 0.011 0.007 0.009 0.005 0.002 0.001 0.004 0.001 0.002 0.001 0.003 0.004 0.011 0.011 0.008 0.008 0.001 

Values of parameters used in structure:
DATAFILE=G:\Shared drives\Emily_Schumacher\QUAC_analyses\QUAC_structure_wild_relate\QUAC_allpop_relate_red_12_15_21\project_data,	OUTFILE=G:\Shared drives\Emily_Schumacher\QUAC_analyses\QUAC_structure_wild_relate\QUAC_allpop_relate_red_12_15_21\50-100\Results\50-100_run_89,	NUMINDS=188,	NUMLOCI=15,	MISSING=-9,	LABEL=1,	POPDATA=1,	POPFLAG=0,	PHENOTYPE=0,	EXTRACOLS=0,	MAXPOPS=18,	BURNIN=50000,	NUMREPS=100000,	USEPOPINFO=0,	INFERALPHA=1,	INFERLAMBDA=0,	POPSPECIFICLAMBDA=0,	POPALPHAS=0,	COMPUTEPROB=1,	NOADMIX=0,	ADMBURNIN=2500,	UPDATEFREQ=1,	PRINTLIKES=0,	INTERMEDSAVE=0,	PRINTKLD=0,	PRINTNET=0,	PRINTLAMBDA=0,	ANCESTDIST=0,	NUMBOXES=1000,	ANCESTPINT=0.90000,	GENSBACK=2,	MIGRPRIOR=0.05000,	PRINTQHAT=0,	PRINTQSUM=0,	ALPHA=1.0000,	FREQSCORR=1,	FPRIORMEAN=0.0100,	FPRIORSD=0.0500,	ONEFST=0,	LAMBDA=1.0000,	UNIFPRIORALPHA=1,	ALPHAMAX=10.0000,	ALPHAPRIORA=1.0000,	ALPHAPRIORB=2.0000,	ALPHAPROPSD=0.0250,	STARTATPOPINFO=0,	RANDOMIZE=1,	LINKAGE=0,	METROFREQ=10,	REPORTHITRATE=0,	MARKOVPHASE=-1,	PHASED=0,	PLOIDY=2,	PHASEINFO=0	LOCPRIOR=0, 	LOCPRIORINIT=1.000000, 	LOCDATA=0, 	LOCISPOP=0, 	LOCPRIORSTEP=0.100000, 	MAXLOCPRIOR=20.000000, 	SEED=1639614359,	
[STRAT parameters]:    NUMSIMSTATS=1000,	PHENOTYPECOL=-9,	POOLFREQ=10,	LOCUSxONLY=0,	EMERROR=0.00100,	MISSINGPHENO=-9,	