

----------------------------------------------------
STRUCTURE by Pritchard, Stephens and Donnelly (2000)
     and Falush, Stephens and Pritchard (2003)
       Code by Pritchard, Falush and Hubisz
             Version 2.3.4 (Jul 2012)
----------------------------------------------------



Command line arguments:   bin\structure -m G:\Shared drives\Emily_Schumacher\QUAC_analyses\QUAC_structure_wild_relate\QUAC_allpop_relate_red_12_15_21\50-100\mainparams -e G:\Shared drives\Emily_Schumacher\QUAC_analyses\QUAC_structure_wild_relate\QUAC_allpop_relate_red_12_15_21\50-100\extraparams 
Input File:    G:\Shared drives\Emily_Schumacher\QUAC_analyses\QUAC_structure_wild_relate\QUAC_allpop_relate_red_12_15_21\project_data

Run parameters:
   188 individuals
   15 loci
   19 populations assumed
   50000 Burn-in period
   100000 Reps


--------------------------------------------
Proportion of membership of each pre-defined
 population in each of the 19 clusters

Given    Inferred Clusters                                                                                                                       Number of
 Pop       1      2      3      4      5      6      7      8      9     10     11     12     13     14     15     16     17     18     19      Individuals

  1:     0.009  0.010  0.014  0.005  0.005  0.004  0.006  0.007  0.009  0.010  0.850  0.008  0.015  0.010  0.005  0.009  0.008  0.009  0.008        2
  2:     0.024  0.035  0.100  0.180  0.017  0.006  0.014  0.070  0.025  0.033  0.037  0.028  0.263  0.025  0.038  0.028  0.024  0.025  0.026       17
  3:     0.036  0.045  0.186  0.013  0.026  0.085  0.011  0.091  0.038  0.040  0.053  0.031  0.146  0.041  0.014  0.038  0.033  0.037  0.036       19
  4:     0.050  0.054  0.306  0.011  0.060  0.014  0.017  0.011  0.052  0.051  0.104  0.041  0.009  0.042  0.020  0.044  0.037  0.037  0.038       10
  5:     0.014  0.013  0.013  0.005  0.026  0.005  0.007  0.247  0.014  0.015  0.009  0.012  0.547  0.014  0.011  0.013  0.012  0.013  0.011        2
  6:     0.030  0.029  0.412  0.137  0.006  0.094  0.013  0.014  0.032  0.023  0.008  0.023  0.008  0.034  0.019  0.032  0.029  0.028  0.029        2
  7:     0.042  0.044  0.006  0.012  0.008  0.017  0.008  0.242  0.046  0.046  0.010  0.040  0.132  0.048  0.118  0.040  0.054  0.044  0.044        1
  8:     0.007  0.007  0.008  0.005  0.008  0.005  0.009  0.029  0.007  0.007  0.007  0.008  0.845  0.006  0.011  0.007  0.007  0.007  0.007        1
  9:     0.088  0.058  0.007  0.005  0.005  0.010  0.096  0.046  0.092  0.083  0.005  0.045  0.004  0.091  0.015  0.080  0.081  0.103  0.086        1
 10:     0.070  0.035  0.007  0.136  0.010  0.348  0.016  0.008  0.057  0.038  0.006  0.032  0.012  0.042  0.011  0.037  0.055  0.042  0.038        6
 11:     0.049  0.047  0.095  0.080  0.035  0.136  0.017  0.108  0.050  0.045  0.013  0.035  0.040  0.049  0.024  0.041  0.050  0.046  0.041       16
 12:     0.049  0.032  0.013  0.003  0.019  0.008  0.480  0.006  0.041  0.043  0.014  0.047  0.018  0.055  0.010  0.036  0.045  0.035  0.045        1
 13:     0.035  0.048  0.138  0.012  0.376  0.017  0.016  0.013  0.036  0.042  0.024  0.033  0.013  0.036  0.014  0.038  0.034  0.039  0.037       33
 14:     0.019  0.023  0.016  0.083  0.009  0.145  0.014  0.341  0.020  0.022  0.009  0.017  0.070  0.018  0.118  0.020  0.018  0.019  0.019       21
 15:     0.018  0.022  0.018  0.024  0.013  0.010  0.009  0.012  0.018  0.019  0.673  0.017  0.009  0.019  0.041  0.018  0.024  0.019  0.018       14
 16:     0.026  0.027  0.015  0.008  0.015  0.010  0.460  0.017  0.026  0.027  0.012  0.141  0.011  0.030  0.013  0.048  0.026  0.028  0.060       35
 17:     0.098  0.076  0.017  0.007  0.010  0.009  0.022  0.010  0.101  0.081  0.009  0.049  0.012  0.098  0.018  0.086  0.100  0.103  0.092        7
--------------------------------------------

Allele-freq. divergence among pops (Net nucleotide distance),
computed using point estimates of P.

      1       2       3       4       5       6       7       8       9      10      11      12      13      14      15      16      17      18      19      
 1      -    0.0009  0.0350  0.0559  0.0484  0.0338  0.0266  0.0551  0.0001  0.0005  0.0445  0.0045  0.0833  0.0004  0.0425  0.0006  0.0001  0.0003  0.0006  
 2   0.0009     -    0.0307  0.0574  0.0449  0.0369  0.0297  0.0590  0.0008  0.0003  0.0467  0.0052  0.0828  0.0008  0.0427  0.0008  0.0011  0.0007  0.0013  
 3   0.0350  0.0307     -    0.1045  0.0639  0.0732  0.0782  0.0982  0.0352  0.0330  0.0865  0.0386  0.1069  0.0345  0.0895  0.0335  0.0357  0.0336  0.0344  
 4   0.0559  0.0574  0.1045     -    0.1072  0.0736  0.0849  0.1067  0.0563  0.0567  0.1081  0.0603  0.1468  0.0569  0.0889  0.0574  0.0565  0.0574  0.0570  
 5   0.0484  0.0449  0.0639  0.1072     -    0.0983  0.0879  0.1125  0.0484  0.0459  0.0957  0.0543  0.1366  0.0480  0.1145  0.0484  0.0490  0.0475  0.0493  
 6   0.0338  0.0369  0.0732  0.0736  0.0983     -    0.0597  0.0842  0.0346  0.0358  0.0915  0.0422  0.1206  0.0362  0.0657  0.0371  0.0343  0.0357  0.0363  
 7   0.0266  0.0297  0.0782  0.0849  0.0879  0.0597     -    0.0817  0.0271  0.0281  0.0784  0.0158  0.1193  0.0277  0.0686  0.0250  0.0263  0.0281  0.0231  
 8   0.0551  0.0590  0.0982  0.1067  0.1125  0.0842  0.0817     -    0.0565  0.0582  0.0952  0.0558  0.0942  0.0586  0.0908  0.0562  0.0560  0.0576  0.0548  
 9   0.0001  0.0008  0.0352  0.0563  0.0484  0.0346  0.0271  0.0565     -    0.0003  0.0454  0.0046  0.0845  0.0003  0.0430  0.0005  0.0001  0.0001  0.0006  
10   0.0005  0.0003  0.0330  0.0567  0.0459  0.0358  0.0281  0.0582  0.0003     -    0.0462  0.0045  0.0835  0.0005  0.0447  0.0005  0.0005  0.0003  0.0007  
11   0.0445  0.0467  0.0865  0.1081  0.0957  0.0915  0.0784  0.0952  0.0454  0.0462     -    0.0501  0.1158  0.0459  0.0939  0.0465  0.0438  0.0461  0.0463  
12   0.0045  0.0052  0.0386  0.0603  0.0543  0.0422  0.0158  0.0558  0.0046  0.0045  0.0501     -    0.0889  0.0049  0.0493  0.0028  0.0043  0.0048  0.0021  
13   0.0833  0.0828  0.1069  0.1468  0.1366  0.1206  0.1193  0.0942  0.0845  0.0835  0.1158  0.0889     -    0.0861  0.1281  0.0853  0.0842  0.0855  0.0849  
14   0.0004  0.0008  0.0345  0.0569  0.0480  0.0362  0.0277  0.0586  0.0003  0.0005  0.0459  0.0049  0.0861     -    0.0450  0.0004  0.0005  0.0001  0.0009  
15   0.0425  0.0427  0.0895  0.0889  0.1145  0.0657  0.0686  0.0908  0.0430  0.0447  0.0939  0.0493  0.1281  0.0450     -    0.0442  0.0423  0.0449  0.0448  
16   0.0006  0.0008  0.0335  0.0574  0.0484  0.0371  0.0250  0.0562  0.0005  0.0005  0.0465  0.0028  0.0853  0.0004  0.0442     -    0.0006  0.0004  0.0002  
17   0.0001  0.0011  0.0357  0.0565  0.0490  0.0343  0.0263  0.0560  0.0001  0.0005  0.0438  0.0043  0.0842  0.0005  0.0423  0.0006     -    0.0003  0.0005  
18   0.0003  0.0007  0.0336  0.0574  0.0475  0.0357  0.0281  0.0576  0.0001  0.0003  0.0461  0.0048  0.0855  0.0001  0.0449  0.0004  0.0003     -    0.0006  
19   0.0006  0.0013  0.0344  0.0570  0.0493  0.0363  0.0231  0.0548  0.0006  0.0007  0.0463  0.0021  0.0849  0.0009  0.0448  0.0002  0.0005  0.0006     -    

Average distances (expected heterozygosity) between individuals in same cluster:
cluster  1  : 0.6399 
cluster  2  : 0.6232 
cluster  3  : 0.5134 
cluster  4  : 0.5189 
cluster  5  : 0.5086 
cluster  6  : 0.5964 
cluster  7  : 0.5481 
cluster  8  : 0.5060 
cluster  9  : 0.6363 
cluster 10  : 0.6256 
cluster 11  : 0.5295 
cluster 12  : 0.5980 
cluster 13  : 0.4252 
cluster 14  : 0.6272 
cluster 15  : 0.6141 
cluster 16  : 0.6210 
cluster 17  : 0.6379 
cluster 18  : 0.6288 
cluster 19  : 0.6236 

--------------------------------------------
Estimated Ln Prob of Data   = -8766.3
Mean value of ln likelihood = -6940.1
Variance of ln likelihood   = 3652.5
Mean value of alpha         = 0.0397

Mean value of Fst_1         = 0.0170
Mean value of Fst_2         = 0.1178
Mean value of Fst_3         = 0.2212
Mean value of Fst_4         = 0.2689
Mean value of Fst_5         = 0.2393
Mean value of Fst_6         = 0.1668
Mean value of Fst_7         = 0.1595
Mean value of Fst_8         = 0.2629
Mean value of Fst_9         = 0.0450
Mean value of Fst_10         = 0.0845
Mean value of Fst_11         = 0.2144
Mean value of Fst_12         = 0.1240
Mean value of Fst_13         = 0.4111
Mean value of Fst_14         = 0.0877
Mean value of Fst_15         = 0.2453
Mean value of Fst_16         = 0.1090
Mean value of Fst_17         = 0.0509
Mean value of Fst_18         = 0.0800
Mean value of Fst_19         = 0.0748


Inferred ancestry of individuals:
        Label (%Miss) Pop:  Inferred clusters
  1 QAc-G-0029    (0)    1 :  0.013 0.015 0.024 0.006 0.006 0.004 0.005 0.006 0.013 0.015 0.787 0.011 0.027 0.014 0.006 0.014 0.011 0.013 0.010 
  2 QAc-G-0030    (0)    1 :  0.005 0.005 0.003 0.004 0.004 0.003 0.006 0.007 0.005 0.005 0.913 0.005 0.004 0.005 0.003 0.005 0.005 0.005 0.005 
  3 QAc-G-0062    (0)    2 :  0.022 0.021 0.006 0.369 0.004 0.008 0.034 0.241 0.027 0.025 0.006 0.021 0.038 0.024 0.053 0.024 0.028 0.024 0.024 
  4 QAc-G-0063    (0)    2 :  0.028 0.025 0.024 0.009 0.016 0.009 0.012 0.047 0.025 0.029 0.006 0.032 0.585 0.025 0.021 0.028 0.026 0.024 0.029 
  5 QAc-G-0064    (0)    2 :  0.006 0.007 0.007 0.868 0.004 0.007 0.006 0.025 0.006 0.006 0.005 0.007 0.007 0.009 0.005 0.007 0.006 0.007 0.006 
  6 QAc-G-0065    (0)    2 :  0.005 0.005 0.004 0.914 0.004 0.010 0.003 0.003 0.005 0.005 0.007 0.004 0.003 0.005 0.004 0.004 0.005 0.005 0.004 
  7 QAc-G-0066    (0)    2 :  0.004 0.004 0.004 0.003 0.004 0.003 0.004 0.005 0.004 0.004 0.005 0.004 0.930 0.004 0.004 0.004 0.004 0.004 0.004 
  8 QAc-G-0067    (0)    2 :  0.015 0.016 0.013 0.782 0.009 0.011 0.006 0.005 0.014 0.014 0.017 0.012 0.005 0.015 0.007 0.015 0.015 0.015 0.016 
  9 QAc-G-0068    (0)    2 :  0.005 0.027 0.003 0.006 0.004 0.005 0.009 0.005 0.005 0.005 0.005 0.005 0.439 0.004 0.441 0.016 0.009 0.004 0.004 
 10 QAc-G-0070    (0)    2 :  0.024 0.024 0.009 0.019 0.006 0.005 0.048 0.114 0.019 0.023 0.011 0.073 0.460 0.022 0.021 0.042 0.023 0.020 0.038 
 11 QAc-G-0071   (13)    2 :  0.006 0.006 0.009 0.004 0.004 0.005 0.005 0.035 0.006 0.006 0.008 0.007 0.865 0.006 0.006 0.006 0.006 0.005 0.006 
 12 QAc-G-0072    (0)    2 :  0.005 0.005 0.005 0.004 0.004 0.004 0.006 0.004 0.005 0.005 0.005 0.006 0.911 0.005 0.005 0.005 0.005 0.005 0.005 
 13 QAc-G-0073    (0)    2 :  0.024 0.073 0.519 0.004 0.012 0.004 0.009 0.004 0.035 0.063 0.010 0.059 0.004 0.038 0.009 0.043 0.025 0.031 0.035 
 14 QAc-G-0074    (0)    2 :  0.036 0.043 0.388 0.005 0.021 0.006 0.016 0.038 0.029 0.044 0.004 0.026 0.167 0.036 0.010 0.029 0.029 0.038 0.036 
 15 QAc-G-0075    (0)    2 :  0.028 0.028 0.629 0.011 0.031 0.008 0.008 0.012 0.026 0.025 0.017 0.020 0.011 0.027 0.009 0.024 0.027 0.035 0.025 
 16 QAc-G-0076    (0)    2 :  0.058 0.175 0.040 0.027 0.077 0.005 0.008 0.005 0.064 0.135 0.009 0.080 0.009 0.047 0.011 0.074 0.041 0.054 0.080 
 17 QAc-G-0080    (0)    2 :  0.045 0.045 0.014 0.027 0.004 0.006 0.006 0.020 0.040 0.045 0.496 0.026 0.009 0.032 0.011 0.040 0.053 0.042 0.036 
 18 QAc-G-0081    (0)    2 :  0.084 0.064 0.004 0.006 0.010 0.008 0.044 0.012 0.097 0.104 0.007 0.074 0.005 0.108 0.021 0.097 0.084 0.093 0.078 
 19 QAc-G-0083    (0)    2 :  0.019 0.027 0.018 0.010 0.080 0.005 0.010 0.622 0.019 0.019 0.014 0.020 0.029 0.025 0.005 0.022 0.018 0.022 0.015 
 20 QAc-G-0285    (0)    3 :  0.007 0.006 0.005 0.004 0.005 0.010 0.008 0.808 0.006 0.007 0.010 0.006 0.075 0.007 0.007 0.007 0.007 0.007 0.006 
 21 QAc-G-0287    (0)    3 :  0.003 0.003 0.004 0.003 0.003 0.003 0.003 0.005 0.003 0.003 0.003 0.003 0.941 0.003 0.003 0.003 0.003 0.003 0.003 
 22 QAc-G-0288    (6)    3 :  0.008 0.007 0.006 0.005 0.008 0.006 0.010 0.005 0.007 0.008 0.016 0.007 0.866 0.007 0.008 0.006 0.007 0.007 0.007 
 23 QAc-G-0292    (0)    3 :  0.011 0.011 0.005 0.005 0.005 0.009 0.010 0.653 0.017 0.012 0.005 0.010 0.172 0.012 0.017 0.010 0.014 0.011 0.012 
 24 QAc-G-0294    (0)    3 :  0.059 0.132 0.033 0.017 0.043 0.009 0.006 0.004 0.091 0.128 0.016 0.097 0.005 0.073 0.029 0.089 0.047 0.061 0.062 
 25 QAc-G-0295    (0)    3 :  0.046 0.124 0.288 0.016 0.028 0.006 0.006 0.019 0.035 0.045 0.016 0.029 0.013 0.100 0.009 0.089 0.023 0.078 0.030 
 26 QAc-G-0296    (0)    3 :  0.034 0.085 0.416 0.047 0.048 0.006 0.009 0.013 0.040 0.057 0.005 0.056 0.008 0.024 0.006 0.050 0.021 0.032 0.044 
 27 QAc-G-0297    (0)    3 :  0.089 0.064 0.203 0.003 0.033 0.016 0.008 0.004 0.074 0.070 0.006 0.037 0.003 0.063 0.009 0.059 0.100 0.081 0.077 
 28 QAc-G-0298    (6)    3 :  0.019 0.029 0.724 0.008 0.011 0.005 0.005 0.016 0.016 0.018 0.016 0.012 0.004 0.031 0.006 0.023 0.016 0.025 0.017 
 29 QAc-G-0299    (0)    3 :  0.012 0.028 0.672 0.005 0.122 0.010 0.004 0.005 0.013 0.019 0.005 0.011 0.012 0.014 0.009 0.017 0.013 0.014 0.014 
 30 QAc-G-0300    (0)    3 :  0.041 0.094 0.297 0.036 0.092 0.009 0.021 0.004 0.052 0.067 0.005 0.060 0.005 0.042 0.013 0.050 0.027 0.031 0.055 
 31 QAc-G-0301    (0)    3 :  0.011 0.012 0.792 0.039 0.017 0.005 0.005 0.010 0.010 0.010 0.008 0.010 0.012 0.011 0.005 0.010 0.011 0.011 0.011 
 32 QAc-G-0302    (0)    3 :  0.019 0.014 0.011 0.004 0.024 0.743 0.006 0.006 0.018 0.017 0.005 0.011 0.005 0.022 0.018 0.018 0.017 0.020 0.019 
 33 QAc-G-0303    (0)    3 :  0.019 0.017 0.004 0.008 0.004 0.729 0.020 0.013 0.019 0.014 0.006 0.019 0.005 0.017 0.038 0.019 0.016 0.015 0.019 
 34 QAc-G-0305    (0)    3 :  0.021 0.019 0.006 0.006 0.005 0.023 0.010 0.083 0.019 0.020 0.020 0.017 0.617 0.019 0.034 0.020 0.019 0.020 0.018 
 35 QAc-G-0307    (0)    3 :  0.010 0.009 0.007 0.005 0.006 0.007 0.016 0.010 0.012 0.010 0.831 0.013 0.004 0.011 0.006 0.010 0.011 0.011 0.011 
 36 QAc-G-0313    (0)    3 :  0.098 0.057 0.007 0.019 0.008 0.005 0.022 0.058 0.119 0.073 0.011 0.058 0.010 0.104 0.020 0.070 0.096 0.083 0.082 
 37 QAc-G-0314    (0)    3 :  0.093 0.073 0.037 0.009 0.024 0.011 0.015 0.003 0.096 0.083 0.010 0.069 0.003 0.098 0.016 0.084 0.091 0.095 0.088 
 38 QAc-G-0316    (0)    3 :  0.077 0.068 0.007 0.015 0.013 0.006 0.018 0.007 0.079 0.096 0.022 0.061 0.009 0.122 0.014 0.098 0.087 0.097 0.105 
 39 QAc-G-0033    (0)    4 :  0.009 0.031 0.635 0.013 0.154 0.006 0.007 0.004 0.011 0.022 0.008 0.011 0.005 0.012 0.005 0.020 0.012 0.024 0.011 
 40 QAc-G-0034    (0)    4 :  0.012 0.017 0.799 0.008 0.010 0.010 0.010 0.005 0.011 0.011 0.024 0.015 0.004 0.011 0.005 0.013 0.010 0.011 0.013 
 41 QAc-G-0035    (0)    4 :  0.035 0.072 0.019 0.021 0.338 0.008 0.007 0.013 0.060 0.066 0.012 0.066 0.015 0.063 0.017 0.062 0.037 0.047 0.043 
 42 QAc-G-0036    (0)    4 :  0.011 0.013 0.829 0.013 0.008 0.004 0.008 0.008 0.011 0.011 0.006 0.009 0.012 0.010 0.006 0.010 0.009 0.011 0.012 
 43 QAc-G-0039    (0)    4 :  0.056 0.106 0.019 0.007 0.020 0.010 0.011 0.005 0.101 0.116 0.035 0.100 0.009 0.105 0.023 0.107 0.041 0.071 0.059 
 44 QAc-G-0040    (0)    4 :  0.070 0.118 0.037 0.008 0.033 0.012 0.076 0.053 0.070 0.092 0.011 0.084 0.014 0.052 0.013 0.076 0.051 0.058 0.073 
 45 QAc-G-0045    (0)    4 :  0.011 0.052 0.708 0.007 0.020 0.005 0.005 0.005 0.022 0.025 0.012 0.027 0.009 0.010 0.005 0.012 0.010 0.024 0.032 
 46 QAc-G-0050    (0)    4 :  0.116 0.060 0.004 0.006 0.004 0.063 0.020 0.013 0.098 0.065 0.083 0.038 0.011 0.066 0.103 0.055 0.085 0.053 0.057 
 47 QAc-G-0052    (0)    4 :  0.012 0.011 0.006 0.019 0.005 0.005 0.008 0.004 0.013 0.014 0.809 0.014 0.004 0.016 0.008 0.010 0.017 0.013 0.013 
 48 QAc-G-0056    (0)    4 :  0.164 0.057 0.008 0.009 0.007 0.017 0.024 0.006 0.123 0.087 0.041 0.049 0.007 0.073 0.020 0.075 0.100 0.064 0.068 
 49 QAc-G-0276    (0)    5 :  0.012 0.014 0.014 0.003 0.021 0.004 0.005 0.481 0.014 0.014 0.009 0.012 0.326 0.012 0.010 0.014 0.012 0.012 0.011 
 50 QAc-G-0280    (6)    5 :  0.015 0.013 0.011 0.006 0.031 0.006 0.009 0.013 0.014 0.015 0.008 0.012 0.768 0.015 0.012 0.013 0.012 0.013 0.011 
 51 QAc-G-0018    (0)    6 :  0.010 0.020 0.810 0.006 0.007 0.014 0.006 0.004 0.011 0.011 0.011 0.010 0.006 0.012 0.018 0.010 0.010 0.013 0.010 
 52 QAc-G-0017    (0)    6 :  0.050 0.038 0.013 0.267 0.004 0.174 0.021 0.024 0.053 0.036 0.004 0.037 0.010 0.056 0.020 0.053 0.047 0.043 0.049 
 53 QAc-G-0250    (0)    7 :  0.042 0.044 0.006 0.012 0.008 0.017 0.008 0.242 0.046 0.046 0.010 0.040 0.132 0.048 0.118 0.040 0.054 0.044 0.044 
 54 QAc-G-0003    (6)    8 :  0.007 0.007 0.008 0.005 0.008 0.005 0.009 0.029 0.007 0.007 0.007 0.008 0.845 0.006 0.011 0.007 0.007 0.007 0.007 
 55 QAc-G-0283    (0)    9 :  0.088 0.058 0.007 0.005 0.005 0.010 0.096 0.046 0.092 0.083 0.005 0.045 0.004 0.091 0.015 0.080 0.081 0.103 0.086 
 56 QAc-G-0255    (0)   10 :  0.035 0.030 0.008 0.009 0.026 0.477 0.009 0.006 0.049 0.057 0.004 0.030 0.005 0.055 0.022 0.033 0.056 0.060 0.030 
 57 QAc-G-0256    (0)   10 :  0.007 0.008 0.008 0.015 0.009 0.848 0.004 0.012 0.008 0.009 0.006 0.007 0.017 0.007 0.007 0.007 0.007 0.007 0.007 
 58 QAc-G-0257    (0)   10 :  0.022 0.017 0.006 0.068 0.003 0.694 0.016 0.006 0.020 0.015 0.009 0.017 0.003 0.024 0.011 0.016 0.021 0.016 0.016 
 59 QAc-G-0259    (0)   10 :  0.199 0.065 0.003 0.003 0.008 0.014 0.010 0.003 0.146 0.056 0.002 0.068 0.003 0.074 0.004 0.084 0.128 0.055 0.076 
 60 QAc-G-0260    (0)   10 :  0.111 0.058 0.007 0.168 0.009 0.044 0.050 0.013 0.073 0.057 0.008 0.047 0.042 0.055 0.009 0.048 0.071 0.066 0.064 
 61 QAc-G-0261    (0)   10 :  0.045 0.034 0.010 0.550 0.004 0.014 0.007 0.006 0.050 0.037 0.006 0.021 0.004 0.038 0.014 0.033 0.045 0.046 0.035 
 62 QAc-G-0109    (0)   11 :  0.058 0.044 0.018 0.055 0.005 0.375 0.017 0.010 0.062 0.039 0.014 0.040 0.005 0.053 0.012 0.044 0.062 0.042 0.045 
 63 QAc-G-0113    (0)   11 :  0.027 0.019 0.012 0.021 0.005 0.563 0.009 0.050 0.023 0.022 0.018 0.013 0.010 0.026 0.094 0.020 0.026 0.020 0.021 
 64 QAc-G-0114    (0)   11 :  0.034 0.021 0.021 0.005 0.097 0.547 0.007 0.007 0.028 0.030 0.007 0.025 0.010 0.034 0.017 0.024 0.033 0.029 0.026 
 65 QAc-G-0117    (0)   11 :  0.055 0.074 0.053 0.075 0.033 0.087 0.009 0.050 0.062 0.074 0.011 0.049 0.007 0.063 0.073 0.050 0.052 0.061 0.062 
 66 QAc-G-0120    (0)   11 :  0.102 0.051 0.012 0.009 0.011 0.216 0.011 0.010 0.089 0.059 0.009 0.050 0.004 0.073 0.014 0.059 0.088 0.068 0.066 
 67 QAc-G-0125    (0)   11 :  0.027 0.022 0.004 0.610 0.005 0.020 0.020 0.057 0.025 0.018 0.032 0.022 0.014 0.026 0.010 0.021 0.025 0.021 0.020 
 68 QAc-G-0141    (0)   11 :  0.074 0.094 0.035 0.022 0.013 0.051 0.020 0.017 0.080 0.085 0.023 0.053 0.018 0.071 0.054 0.068 0.080 0.067 0.075 
 69 QAc-G-0143    (0)   11 :  0.090 0.089 0.008 0.003 0.004 0.005 0.004 0.004 0.117 0.115 0.006 0.051 0.006 0.072 0.005 0.075 0.154 0.124 0.069 
 70 QAc-G-0147    (0)   11 :  0.049 0.040 0.026 0.351 0.008 0.071 0.048 0.032 0.042 0.031 0.008 0.043 0.005 0.048 0.031 0.039 0.042 0.041 0.046 
 71 QAc-G-0174    (0)   11 :  0.005 0.006 0.007 0.003 0.005 0.005 0.004 0.848 0.005 0.005 0.006 0.005 0.068 0.004 0.006 0.004 0.005 0.005 0.005 
 72 QAc-G-0182    (0)   11 :  0.007 0.007 0.005 0.012 0.004 0.006 0.005 0.611 0.007 0.007 0.003 0.005 0.285 0.006 0.005 0.006 0.007 0.005 0.006 
 73 QAc-G-0188    (0)   11 :  0.053 0.038 0.006 0.006 0.015 0.188 0.008 0.013 0.060 0.052 0.004 0.033 0.188 0.080 0.028 0.048 0.065 0.064 0.049 
 74 QAc-G-0229    (0)   11 :  0.010 0.011 0.832 0.005 0.006 0.008 0.012 0.008 0.013 0.011 0.006 0.013 0.005 0.011 0.006 0.012 0.010 0.010 0.012 
 75 QAc-G-0233    (0)   11 :  0.083 0.059 0.010 0.010 0.235 0.005 0.057 0.004 0.067 0.056 0.025 0.060 0.005 0.075 0.008 0.056 0.073 0.054 0.058 
 76 QAc-G-0237    (0)   11 :  0.034 0.077 0.454 0.048 0.031 0.022 0.012 0.007 0.022 0.029 0.019 0.028 0.009 0.057 0.007 0.054 0.020 0.046 0.022 
 77 QAc-G-0243    (0)   11 :  0.071 0.099 0.015 0.041 0.082 0.007 0.032 0.008 0.090 0.086 0.012 0.072 0.003 0.088 0.017 0.072 0.061 0.072 0.072 
 78 QAc-G-0249    (0)   12 :  0.049 0.032 0.013 0.003 0.019 0.008 0.480 0.006 0.041 0.043 0.014 0.047 0.018 0.055 0.010 0.036 0.045 0.035 0.045 
 79 QAc-W-0001    (0)   13 :  0.010 0.010 0.038 0.014 0.819 0.014 0.005 0.003 0.011 0.010 0.004 0.008 0.003 0.010 0.004 0.010 0.009 0.010 0.010 
 80 QAc-W-0002    (0)   13 :  0.032 0.040 0.531 0.004 0.019 0.029 0.018 0.007 0.031 0.040 0.006 0.029 0.033 0.028 0.010 0.031 0.032 0.034 0.045 
 81 QAc-W-0003    (0)   13 :  0.015 0.018 0.016 0.012 0.745 0.014 0.005 0.026 0.014 0.015 0.018 0.010 0.007 0.014 0.012 0.014 0.015 0.016 0.015 
 82 QAc-W-0004    (0)   13 :  0.006 0.008 0.016 0.004 0.886 0.004 0.004 0.004 0.006 0.007 0.007 0.007 0.008 0.006 0.004 0.006 0.006 0.006 0.006 
 83 QAc-W-0005    (0)   13 :  0.007 0.009 0.007 0.004 0.880 0.005 0.006 0.006 0.007 0.007 0.004 0.009 0.005 0.007 0.004 0.008 0.008 0.008 0.008 
 84 QAc-W-0007   (13)   13 :  0.008 0.009 0.013 0.006 0.871 0.005 0.007 0.005 0.007 0.007 0.005 0.008 0.004 0.008 0.005 0.008 0.007 0.008 0.008 
 85 QAc-W-0008    (6)   13 :  0.034 0.024 0.014 0.004 0.659 0.007 0.010 0.006 0.029 0.026 0.004 0.028 0.006 0.026 0.019 0.023 0.029 0.025 0.027 
 86 QAc-W-0009    (0)   13 :  0.063 0.101 0.073 0.009 0.017 0.157 0.036 0.006 0.055 0.058 0.008 0.041 0.016 0.100 0.015 0.086 0.045 0.072 0.042 
 87 QAc-W-0010    (0)   13 :  0.016 0.026 0.010 0.030 0.656 0.015 0.026 0.016 0.023 0.024 0.005 0.026 0.007 0.023 0.012 0.025 0.020 0.020 0.020 
 88 QAc-W-0011    (0)   13 :  0.043 0.078 0.054 0.011 0.370 0.011 0.006 0.013 0.045 0.060 0.013 0.053 0.034 0.038 0.013 0.039 0.036 0.040 0.043 
 89 QAc-W-0012    (0)   13 :  0.023 0.025 0.096 0.011 0.593 0.009 0.016 0.005 0.020 0.025 0.012 0.024 0.013 0.018 0.016 0.026 0.022 0.022 0.021 
 90 QAc-W-0013    (0)   13 :  0.044 0.125 0.137 0.008 0.014 0.050 0.007 0.007 0.049 0.085 0.150 0.068 0.014 0.030 0.011 0.050 0.033 0.047 0.068 
 91 QAc-W-0014    (0)   13 :  0.012 0.016 0.018 0.005 0.788 0.004 0.016 0.010 0.013 0.013 0.006 0.018 0.004 0.013 0.006 0.020 0.013 0.013 0.015 
 92 QAc-W-0015    (0)   13 :  0.024 0.078 0.366 0.004 0.012 0.010 0.015 0.130 0.037 0.051 0.014 0.046 0.018 0.027 0.005 0.044 0.027 0.040 0.052 
 93 QAc-W-0017    (0)   13 :  0.069 0.076 0.037 0.006 0.009 0.012 0.033 0.039 0.091 0.097 0.023 0.060 0.009 0.080 0.017 0.083 0.089 0.086 0.082 
 94 QAc-W-0018    (0)   13 :  0.047 0.047 0.019 0.014 0.350 0.021 0.011 0.004 0.057 0.054 0.037 0.052 0.005 0.048 0.028 0.048 0.057 0.056 0.045 
 95 QAc-W-0020    (0)   13 :  0.022 0.018 0.007 0.012 0.741 0.004 0.005 0.005 0.023 0.019 0.004 0.014 0.004 0.022 0.009 0.022 0.021 0.025 0.023 
 96 QAc-W-0021    (0)   13 :  0.058 0.049 0.017 0.009 0.285 0.018 0.010 0.004 0.058 0.057 0.108 0.044 0.011 0.050 0.014 0.045 0.058 0.052 0.054 
 97 QAc-W-0022    (0)   13 :  0.077 0.092 0.091 0.008 0.019 0.007 0.023 0.024 0.080 0.098 0.012 0.058 0.014 0.071 0.015 0.080 0.075 0.076 0.079 
 98 QAc-W-0023    (6)   13 :  0.058 0.110 0.096 0.031 0.088 0.030 0.030 0.005 0.065 0.084 0.021 0.048 0.003 0.060 0.010 0.061 0.053 0.077 0.069 
 99 QAc-W-0024    (0)   13 :  0.038 0.036 0.018 0.006 0.318 0.010 0.010 0.005 0.042 0.045 0.091 0.032 0.051 0.061 0.008 0.053 0.060 0.058 0.059 
100 QAc-W-0025    (0)   13 :  0.031 0.043 0.301 0.004 0.293 0.010 0.009 0.005 0.029 0.034 0.017 0.026 0.007 0.044 0.009 0.039 0.032 0.040 0.027 
101 QAc-W-0026    (0)   13 :  0.044 0.039 0.049 0.025 0.376 0.015 0.022 0.015 0.032 0.038 0.079 0.036 0.042 0.030 0.014 0.032 0.041 0.035 0.037 
102 QAc-W-0027    (0)   13 :  0.015 0.012 0.693 0.004 0.089 0.012 0.010 0.004 0.014 0.015 0.005 0.017 0.005 0.022 0.006 0.024 0.014 0.022 0.015 
103 QAc-W-0028    (0)   13 :  0.025 0.031 0.117 0.004 0.548 0.005 0.010 0.007 0.026 0.030 0.004 0.018 0.009 0.032 0.006 0.032 0.026 0.036 0.034 
104 QAc-W-0029    (0)   13 :  0.043 0.120 0.163 0.018 0.217 0.011 0.005 0.003 0.037 0.081 0.007 0.053 0.003 0.037 0.027 0.049 0.031 0.047 0.047 
105 QAc-W-0032    (0)   13 :  0.011 0.015 0.021 0.029 0.771 0.004 0.010 0.003 0.013 0.017 0.006 0.017 0.003 0.017 0.006 0.018 0.013 0.014 0.012 
106 QAc-W-0033    (0)   13 :  0.094 0.069 0.018 0.030 0.131 0.010 0.029 0.009 0.081 0.065 0.014 0.051 0.004 0.062 0.076 0.055 0.066 0.068 0.067 
107 QAc-W-0035    (0)   13 :  0.048 0.061 0.330 0.007 0.094 0.005 0.018 0.014 0.040 0.044 0.015 0.041 0.019 0.064 0.021 0.060 0.039 0.046 0.034 
108 QAc-W-0037    (0)   13 :  0.013 0.017 0.774 0.020 0.023 0.006 0.008 0.006 0.012 0.014 0.014 0.013 0.008 0.012 0.008 0.014 0.011 0.014 0.012 
109 QAc-W-0038    (0)   13 :  0.056 0.068 0.063 0.011 0.108 0.012 0.013 0.029 0.077 0.068 0.006 0.044 0.009 0.082 0.011 0.087 0.077 0.099 0.081 
110 QAc-W-0040    (0)   13 :  0.023 0.019 0.019 0.017 0.588 0.008 0.096 0.010 0.021 0.019 0.013 0.040 0.009 0.024 0.006 0.020 0.023 0.023 0.024 
111 QAc-W-0041    (0)   13 :  0.036 0.084 0.325 0.006 0.036 0.028 0.010 0.006 0.043 0.070 0.053 0.052 0.033 0.026 0.030 0.033 0.033 0.042 0.055 
112 QAc-W-0042    (0)   14 :  0.017 0.032 0.015 0.290 0.006 0.366 0.006 0.010 0.018 0.037 0.015 0.019 0.031 0.015 0.048 0.017 0.018 0.018 0.021 
113 QAc-W-0044    (0)   14 :  0.037 0.093 0.066 0.141 0.007 0.076 0.023 0.069 0.043 0.095 0.004 0.062 0.045 0.034 0.018 0.049 0.036 0.037 0.064 
114 QAc-W-0045    (0)   14 :  0.016 0.015 0.015 0.024 0.007 0.719 0.005 0.006 0.015 0.017 0.008 0.010 0.011 0.015 0.062 0.013 0.015 0.016 0.013 
115 QAc-W-0048    (0)   14 :  0.025 0.018 0.012 0.072 0.011 0.673 0.006 0.006 0.022 0.020 0.015 0.014 0.005 0.019 0.010 0.016 0.018 0.021 0.019 
116 QAc-W-0050    (0)   14 :  0.020 0.040 0.009 0.020 0.004 0.164 0.012 0.005 0.023 0.022 0.005 0.012 0.007 0.020 0.551 0.028 0.019 0.022 0.018 
117 QAc-W-0051    (0)   14 :  0.013 0.036 0.006 0.094 0.007 0.045 0.005 0.030 0.011 0.014 0.015 0.010 0.006 0.011 0.638 0.026 0.012 0.011 0.011 
118 QAc-W-0052    (0)   14 :  0.005 0.005 0.005 0.906 0.009 0.007 0.004 0.006 0.005 0.005 0.003 0.005 0.005 0.005 0.004 0.005 0.005 0.005 0.005 
119 QAc-W-0053    (0)   14 :  0.013 0.014 0.008 0.018 0.008 0.803 0.009 0.008 0.013 0.013 0.005 0.011 0.005 0.012 0.013 0.013 0.012 0.012 0.011 
120 QAc-W-0054    (0)   14 :  0.052 0.048 0.010 0.068 0.008 0.036 0.018 0.057 0.060 0.055 0.008 0.038 0.100 0.058 0.158 0.053 0.061 0.062 0.050 
121 QAc-W-0056    (0)   14 :  0.057 0.046 0.066 0.008 0.045 0.016 0.009 0.009 0.054 0.046 0.010 0.033 0.007 0.047 0.360 0.040 0.051 0.052 0.045 
122 QAc-W-0057    (0)   14 :  0.031 0.040 0.016 0.010 0.006 0.070 0.012 0.070 0.028 0.025 0.027 0.017 0.008 0.025 0.493 0.035 0.027 0.030 0.030 
123 QAc-W-0060    (0)   14 :  0.007 0.008 0.019 0.031 0.003 0.006 0.007 0.846 0.007 0.007 0.004 0.006 0.009 0.007 0.005 0.007 0.007 0.007 0.007 
124 QAc-W-0061    (0)   14 :  0.029 0.021 0.027 0.005 0.012 0.015 0.048 0.610 0.026 0.024 0.011 0.024 0.012 0.020 0.018 0.024 0.025 0.024 0.025 
125 QAc-W-0062    (0)   14 :  0.004 0.004 0.004 0.009 0.003 0.004 0.005 0.916 0.004 0.004 0.005 0.005 0.006 0.004 0.004 0.005 0.004 0.004 0.005 
126 QAc-W-0063    (0)   14 :  0.014 0.013 0.006 0.020 0.016 0.007 0.010 0.766 0.012 0.013 0.019 0.012 0.018 0.015 0.006 0.014 0.014 0.013 0.012 
127 QAc-W-0064    (0)   14 :  0.009 0.008 0.005 0.005 0.011 0.005 0.007 0.848 0.008 0.007 0.007 0.008 0.022 0.009 0.008 0.009 0.008 0.008 0.008 
128 QAc-W-0065    (0)   14 :  0.017 0.013 0.014 0.006 0.008 0.008 0.012 0.740 0.016 0.015 0.010 0.016 0.009 0.019 0.025 0.017 0.016 0.018 0.018 
129 QAc-W-0066    (0)   14 :  0.003 0.003 0.004 0.003 0.003 0.003 0.003 0.005 0.003 0.003 0.004 0.003 0.941 0.003 0.003 0.003 0.003 0.003 0.003 
130 QAc-W-0072    (0)   14 :  0.014 0.015 0.005 0.005 0.013 0.006 0.072 0.672 0.022 0.015 0.009 0.032 0.006 0.015 0.033 0.016 0.016 0.015 0.020 
131 QAc-W-0073    (0)   14 :  0.012 0.015 0.008 0.007 0.006 0.013 0.007 0.797 0.013 0.014 0.008 0.014 0.006 0.012 0.011 0.015 0.014 0.015 0.014 
132 QAc-W-0077    (0)   14 :  0.006 0.007 0.007 0.005 0.005 0.007 0.005 0.685 0.007 0.006 0.004 0.007 0.212 0.006 0.008 0.006 0.006 0.006 0.006 
133 QAc-W-0078    (0)   15 :  0.034 0.027 0.019 0.015 0.012 0.006 0.020 0.007 0.032 0.030 0.590 0.022 0.027 0.037 0.008 0.026 0.034 0.026 0.028 
134 QAc-W-0079    (6)   15 :  0.006 0.006 0.007 0.003 0.005 0.007 0.007 0.004 0.006 0.006 0.886 0.007 0.011 0.006 0.005 0.007 0.006 0.007 0.006 
135 QAc-W-0081    (0)   15 :  0.007 0.009 0.005 0.009 0.009 0.005 0.005 0.008 0.007 0.008 0.877 0.008 0.004 0.007 0.005 0.006 0.009 0.006 0.007 
136 QAc-W-0082    (0)   15 :  0.006 0.029 0.006 0.003 0.003 0.007 0.004 0.005 0.007 0.007 0.398 0.006 0.005 0.006 0.455 0.021 0.020 0.006 0.006 
137 QAc-W-0083    (0)   15 :  0.010 0.011 0.007 0.009 0.007 0.007 0.010 0.033 0.009 0.010 0.797 0.011 0.007 0.010 0.013 0.010 0.017 0.011 0.010 
138 QAc-W-0086    (0)   15 :  0.008 0.014 0.007 0.004 0.006 0.005 0.009 0.005 0.008 0.009 0.830 0.008 0.013 0.008 0.011 0.013 0.024 0.007 0.008 
139 QAc-W-0087    (0)   15 :  0.006 0.006 0.005 0.003 0.004 0.009 0.007 0.003 0.006 0.006 0.897 0.007 0.005 0.006 0.005 0.006 0.007 0.006 0.006 
140 QAc-W-0088    (0)   15 :  0.016 0.015 0.011 0.004 0.007 0.009 0.007 0.006 0.017 0.015 0.775 0.013 0.006 0.018 0.009 0.017 0.025 0.016 0.014 
141 QAc-W-0092    (0)   15 :  0.025 0.036 0.089 0.019 0.021 0.016 0.008 0.006 0.027 0.032 0.546 0.030 0.012 0.019 0.007 0.020 0.030 0.030 0.027 
142 QAc-W-0093    (0)   15 :  0.026 0.028 0.015 0.009 0.024 0.009 0.016 0.005 0.025 0.024 0.646 0.019 0.003 0.028 0.012 0.026 0.031 0.029 0.024 
143 QAc-W-0094    (0)   15 :  0.040 0.050 0.008 0.219 0.047 0.021 0.008 0.048 0.036 0.046 0.203 0.030 0.006 0.048 0.016 0.034 0.045 0.051 0.044 
144 QAc-W-0097    (0)   15 :  0.025 0.030 0.053 0.016 0.025 0.012 0.006 0.006 0.025 0.024 0.601 0.023 0.006 0.023 0.010 0.026 0.031 0.031 0.028 
145 QAc-W-0099    (0)   15 :  0.037 0.032 0.008 0.015 0.004 0.015 0.012 0.004 0.037 0.046 0.551 0.039 0.005 0.039 0.015 0.029 0.039 0.032 0.039 
146 QAc-W-0107    (0)   15 :  0.008 0.009 0.005 0.007 0.006 0.004 0.006 0.029 0.009 0.008 0.826 0.008 0.012 0.010 0.009 0.009 0.015 0.010 0.009 
147 QAc-W-0115    (0)   16 :  0.014 0.017 0.017 0.006 0.011 0.005 0.386 0.007 0.013 0.014 0.009 0.288 0.005 0.016 0.006 0.064 0.014 0.014 0.095 
148 QAc-W-0116    (0)   16 :  0.031 0.032 0.017 0.012 0.007 0.021 0.515 0.005 0.032 0.033 0.007 0.092 0.003 0.037 0.010 0.034 0.032 0.033 0.047 
149 QAc-W-0117    (0)   16 :  0.013 0.011 0.009 0.004 0.005 0.011 0.780 0.004 0.012 0.012 0.003 0.056 0.004 0.013 0.006 0.015 0.013 0.014 0.015 
150 QAc-W-0118    (0)   16 :  0.019 0.017 0.006 0.005 0.007 0.008 0.426 0.019 0.020 0.018 0.022 0.210 0.032 0.018 0.010 0.053 0.020 0.018 0.074 
151 QAc-W-0119    (0)   16 :  0.021 0.019 0.007 0.007 0.006 0.006 0.676 0.004 0.020 0.024 0.007 0.050 0.014 0.039 0.012 0.019 0.025 0.020 0.025 
152 QAc-W-0120    (0)   16 :  0.058 0.038 0.008 0.005 0.009 0.011 0.444 0.008 0.050 0.041 0.010 0.083 0.016 0.036 0.007 0.038 0.050 0.043 0.047 
153 QAc-W-0121    (0)   16 :  0.015 0.018 0.006 0.003 0.007 0.007 0.698 0.010 0.016 0.013 0.004 0.041 0.061 0.015 0.028 0.016 0.017 0.013 0.013 
154 QAc-W-0122    (0)   16 :  0.038 0.049 0.006 0.004 0.017 0.011 0.226 0.007 0.042 0.047 0.006 0.206 0.004 0.045 0.009 0.093 0.039 0.053 0.098 
155 QAc-W-0123    (6)   16 :  0.030 0.030 0.014 0.016 0.004 0.009 0.445 0.008 0.032 0.024 0.010 0.157 0.007 0.032 0.007 0.040 0.030 0.032 0.075 
156 QAc-W-0124    (0)   16 :  0.020 0.028 0.037 0.007 0.013 0.004 0.184 0.100 0.018 0.021 0.049 0.250 0.009 0.023 0.005 0.072 0.030 0.026 0.103 
157 QAc-W-0125    (0)   16 :  0.014 0.011 0.011 0.008 0.008 0.009 0.653 0.005 0.014 0.015 0.020 0.109 0.008 0.022 0.007 0.021 0.014 0.015 0.037 
158 QAc-W-0132    (6)   16 :  0.030 0.037 0.028 0.018 0.014 0.006 0.241 0.023 0.029 0.033 0.029 0.220 0.037 0.031 0.011 0.067 0.031 0.030 0.085 
159 QAc-W-0134    (0)   16 :  0.009 0.009 0.008 0.007 0.005 0.006 0.785 0.007 0.007 0.008 0.006 0.073 0.005 0.009 0.004 0.013 0.009 0.007 0.022 
160 QAc-W-0135    (0)   16 :  0.020 0.023 0.021 0.004 0.103 0.006 0.264 0.027 0.021 0.021 0.009 0.225 0.014 0.021 0.006 0.075 0.021 0.021 0.098 
161 QAc-W-0136    (0)   16 :  0.009 0.009 0.006 0.007 0.005 0.005 0.646 0.006 0.010 0.009 0.005 0.157 0.003 0.011 0.006 0.029 0.010 0.008 0.059 
162 QAc-W-0138    (0)   16 :  0.010 0.010 0.006 0.006 0.007 0.004 0.679 0.005 0.011 0.011 0.003 0.142 0.005 0.013 0.006 0.018 0.010 0.010 0.045 
163 QAc-W-0140    (0)   16 :  0.018 0.023 0.014 0.004 0.008 0.016 0.684 0.006 0.017 0.019 0.006 0.052 0.005 0.026 0.009 0.028 0.020 0.026 0.020 
164 QAc-W-0141    (6)   16 :  0.063 0.073 0.038 0.006 0.016 0.013 0.094 0.008 0.075 0.079 0.007 0.062 0.026 0.102 0.018 0.098 0.069 0.093 0.060 
165 QAc-W-0142    (0)   16 :  0.008 0.008 0.004 0.004 0.004 0.005 0.784 0.016 0.008 0.008 0.005 0.066 0.012 0.010 0.011 0.017 0.008 0.008 0.013 
166 QAc-W-0143    (0)   16 :  0.025 0.021 0.005 0.006 0.008 0.013 0.588 0.007 0.023 0.023 0.035 0.104 0.004 0.023 0.014 0.023 0.021 0.017 0.041 
167 QAc-W-0145    (0)   16 :  0.010 0.019 0.005 0.004 0.004 0.005 0.368 0.005 0.013 0.009 0.003 0.316 0.003 0.010 0.005 0.076 0.011 0.013 0.120 
168 QAc-W-0148    (0)   16 :  0.008 0.008 0.014 0.007 0.007 0.005 0.526 0.008 0.008 0.008 0.004 0.241 0.004 0.008 0.006 0.039 0.008 0.008 0.084 
169 QAc-W-0149    (0)   16 :  0.055 0.070 0.006 0.028 0.011 0.014 0.114 0.013 0.056 0.082 0.011 0.166 0.004 0.063 0.015 0.093 0.051 0.064 0.085 
170 QAc-W-0150    (0)   16 :  0.037 0.051 0.030 0.018 0.066 0.006 0.166 0.007 0.053 0.065 0.024 0.133 0.005 0.067 0.010 0.073 0.042 0.068 0.079 
171 QAc-W-0151    (0)   16 :  0.017 0.015 0.045 0.006 0.010 0.007 0.366 0.007 0.020 0.020 0.010 0.252 0.004 0.016 0.008 0.060 0.018 0.016 0.104 
172 QAc-W-0152    (0)   16 :  0.010 0.013 0.008 0.005 0.005 0.011 0.326 0.030 0.010 0.010 0.005 0.318 0.006 0.009 0.011 0.087 0.010 0.009 0.117 
173 QAc-W-0153    (0)   16 :  0.073 0.073 0.026 0.004 0.006 0.005 0.023 0.023 0.074 0.079 0.026 0.051 0.005 0.127 0.012 0.130 0.057 0.115 0.093 
174 QAc-W-0154    (0)   16 :  0.030 0.022 0.007 0.003 0.051 0.006 0.543 0.004 0.032 0.027 0.006 0.099 0.003 0.030 0.007 0.030 0.031 0.026 0.043 
175 QAc-W-0157    (0)   16 :  0.034 0.029 0.018 0.024 0.005 0.011 0.524 0.021 0.036 0.033 0.004 0.055 0.012 0.041 0.009 0.033 0.039 0.030 0.041 
176 QAc-W-0158    (0)   16 :  0.023 0.043 0.050 0.008 0.039 0.006 0.315 0.008 0.023 0.033 0.025 0.179 0.025 0.026 0.009 0.056 0.025 0.029 0.077 
177 QAc-W-0159    (0)   16 :  0.010 0.009 0.007 0.007 0.008 0.006 0.808 0.003 0.009 0.009 0.007 0.053 0.004 0.010 0.009 0.011 0.010 0.009 0.012 
178 QAc-W-0160    (0)   16 :  0.042 0.029 0.018 0.004 0.028 0.005 0.498 0.006 0.036 0.034 0.009 0.105 0.004 0.032 0.008 0.036 0.039 0.027 0.040 
179 QAc-W-0162    (0)   16 :  0.022 0.015 0.004 0.015 0.004 0.023 0.523 0.091 0.019 0.019 0.007 0.102 0.006 0.018 0.034 0.025 0.020 0.018 0.036 
180 QAc-W-0163    (0)   16 :  0.036 0.028 0.008 0.011 0.006 0.037 0.493 0.010 0.027 0.021 0.005 0.055 0.006 0.032 0.103 0.039 0.024 0.026 0.034 
181 QAc-W-0164    (0)   16 :  0.046 0.036 0.008 0.009 0.007 0.011 0.323 0.083 0.041 0.037 0.011 0.151 0.008 0.032 0.018 0.053 0.036 0.029 0.063 
182 QAc-W-0167    (0)   17 :  0.086 0.088 0.006 0.006 0.006 0.009 0.006 0.009 0.090 0.084 0.016 0.034 0.006 0.128 0.014 0.103 0.082 0.123 0.105 
183 QAc-W-0168    (0)   17 :  0.094 0.071 0.017 0.007 0.009 0.017 0.099 0.022 0.091 0.080 0.013 0.053 0.050 0.067 0.014 0.063 0.088 0.073 0.073 
184 QAc-W-0169    (0)   17 :  0.121 0.067 0.014 0.004 0.022 0.013 0.008 0.010 0.113 0.084 0.004 0.044 0.011 0.076 0.051 0.062 0.127 0.090 0.080 
185 QAc-W-0170    (0)   17 :  0.107 0.077 0.048 0.005 0.010 0.008 0.012 0.005 0.108 0.085 0.007 0.062 0.003 0.092 0.014 0.067 0.114 0.088 0.087 
186 QAc-W-0172    (0)   17 :  0.132 0.077 0.011 0.018 0.008 0.004 0.009 0.002 0.119 0.070 0.011 0.065 0.002 0.086 0.010 0.078 0.134 0.077 0.084 
187 QAc-W-0173    (0)   17 :  0.063 0.080 0.013 0.005 0.012 0.004 0.012 0.012 0.097 0.073 0.007 0.039 0.003 0.125 0.008 0.115 0.078 0.148 0.106 
188 QAc-W-0174    (0)   17 :  0.082 0.071 0.008 0.004 0.005 0.010 0.010 0.010 0.091 0.093 0.006 0.048 0.010 0.111 0.017 0.114 0.078 0.121 0.112 


Estimated Allele Frequencies in each cluster
First column gives estimated ancestral frequencies


Locus 1 : 
18 alleles
0.0% missing data
 210   (0.114) 0.113 0.103 0.068 0.029 0.017 0.269 0.188 0.021 0.110 0.107 0.153 0.130 0.007 0.121 0.084 0.124 0.110 0.113 0.112 
 212   (0.112) 0.113 0.120 0.419 0.023 0.045 0.031 0.045 0.014 0.117 0.121 0.275 0.150 0.194 0.124 0.088 0.134 0.116 0.119 0.126 
 202   (0.055) 0.054 0.039 0.036 0.321 0.060 0.015 0.009 0.007 0.053 0.045 0.145 0.034 0.003 0.048 0.023 0.043 0.053 0.049 0.046 
 226   (0.040) 0.038 0.028 0.004 0.226 0.004 0.023 0.006 0.132 0.034 0.029 0.012 0.021 0.250 0.029 0.033 0.026 0.036 0.031 0.029 
 216   (0.080) 0.077 0.062 0.011 0.166 0.018 0.052 0.144 0.055 0.074 0.067 0.172 0.074 0.005 0.073 0.040 0.063 0.075 0.068 0.072 
 200   (0.248) 0.264 0.333 0.376 0.121 0.526 0.191 0.153 0.121 0.277 0.321 0.086 0.266 0.509 0.274 0.151 0.289 0.268 0.285 0.283 
 224   (0.039) 0.039 0.044 0.020 0.009 0.007 0.010 0.008 0.268 0.041 0.043 0.010 0.030 0.004 0.036 0.020 0.040 0.041 0.040 0.040 
 218   (0.063) 0.061 0.054 0.011 0.012 0.076 0.015 0.150 0.019 0.057 0.055 0.102 0.079 0.004 0.058 0.048 0.059 0.066 0.053 0.059 
 228   (0.010) 0.009 0.005 0.001 0.001 0.001 0.002 0.001 0.131 0.008 0.006 0.001 0.004 0.001 0.006 0.003 0.005 0.008 0.006 0.007 
 214   (0.060) 0.057 0.063 0.007 0.037 0.007 0.172 0.018 0.211 0.057 0.054 0.007 0.042 0.012 0.052 0.445 0.056 0.056 0.054 0.054 
 208   (0.059) 0.062 0.069 0.032 0.016 0.219 0.070 0.010 0.007 0.066 0.060 0.021 0.037 0.004 0.086 0.024 0.070 0.064 0.085 0.061 
 220   (0.026) 0.027 0.021 0.005 0.005 0.003 0.006 0.014 0.003 0.028 0.026 0.003 0.016 0.002 0.025 0.010 0.022 0.028 0.029 0.025 
 196   (0.010) 0.009 0.006 0.001 0.002 0.001 0.002 0.001 0.001 0.008 0.008 0.001 0.005 0.001 0.007 0.003 0.006 0.009 0.007 0.007 
 238   (0.011) 0.011 0.007 0.001 0.002 0.001 0.003 0.003 0.002 0.010 0.009 0.001 0.006 0.001 0.009 0.004 0.008 0.010 0.010 0.009 
 206   (0.021) 0.020 0.013 0.002 0.004 0.003 0.062 0.028 0.002 0.018 0.015 0.003 0.015 0.001 0.016 0.008 0.013 0.018 0.015 0.016 
 190   (0.011) 0.011 0.007 0.001 0.002 0.001 0.003 0.002 0.001 0.010 0.007 0.001 0.006 0.001 0.008 0.003 0.007 0.010 0.008 0.008 
 222   (0.027) 0.026 0.018 0.003 0.023 0.008 0.007 0.218 0.004 0.023 0.019 0.004 0.081 0.002 0.019 0.009 0.029 0.024 0.020 0.039 
 232   (0.012) 0.010 0.007 0.001 0.003 0.001 0.068 0.002 0.001 0.009 0.008 0.001 0.006 0.001 0.008 0.005 0.007 0.009 0.008 0.007 

Locus 2 : 
15 alleles
2.1% missing data
 171   (0.207) 0.209 0.232 0.442 0.240 0.309 0.477 0.068 0.041 0.215 0.229 0.179 0.169 0.017 0.211 0.229 0.208 0.216 0.221 0.205 
 175   (0.093) 0.092 0.094 0.054 0.209 0.040 0.026 0.034 0.026 0.086 0.087 0.265 0.061 0.023 0.078 0.271 0.078 0.091 0.081 0.078 
 185   (0.054) 0.053 0.045 0.006 0.013 0.008 0.013 0.222 0.015 0.054 0.049 0.082 0.098 0.005 0.054 0.021 0.056 0.054 0.051 0.064 
 179   (0.077) 0.075 0.069 0.010 0.248 0.009 0.018 0.185 0.505 0.075 0.073 0.009 0.209 0.035 0.072 0.031 0.113 0.074 0.073 0.124 
 181   (0.091) 0.089 0.101 0.133 0.033 0.028 0.119 0.015 0.043 0.094 0.103 0.349 0.072 0.569 0.082 0.073 0.084 0.097 0.089 0.087 
 173   (0.190) 0.197 0.232 0.197 0.172 0.179 0.168 0.230 0.141 0.195 0.199 0.038 0.179 0.327 0.223 0.210 0.208 0.185 0.200 0.179 
 177   (0.039) 0.036 0.027 0.005 0.007 0.004 0.010 0.073 0.187 0.033 0.030 0.005 0.046 0.003 0.029 0.037 0.032 0.034 0.030 0.037 
 187   (0.094) 0.095 0.081 0.121 0.018 0.105 0.044 0.033 0.024 0.099 0.094 0.011 0.060 0.008 0.105 0.071 0.094 0.099 0.110 0.096 
 183   (0.062) 0.064 0.051 0.008 0.016 0.008 0.083 0.117 0.007 0.064 0.062 0.020 0.049 0.006 0.070 0.026 0.062 0.064 0.067 0.059 
 189   (0.029) 0.028 0.021 0.015 0.005 0.303 0.007 0.013 0.003 0.026 0.024 0.003 0.023 0.002 0.024 0.011 0.023 0.027 0.025 0.024 
 191   (0.020) 0.019 0.016 0.002 0.033 0.003 0.025 0.003 0.003 0.018 0.017 0.034 0.011 0.001 0.018 0.008 0.013 0.019 0.019 0.016 
 163   (0.012) 0.011 0.007 0.001 0.002 0.001 0.003 0.002 0.001 0.010 0.008 0.001 0.006 0.001 0.008 0.003 0.007 0.010 0.008 0.008 
 165   (0.012) 0.012 0.007 0.001 0.002 0.001 0.003 0.002 0.001 0.010 0.008 0.001 0.006 0.001 0.008 0.003 0.007 0.011 0.008 0.008 
 193   (0.010) 0.009 0.008 0.001 0.002 0.001 0.002 0.001 0.001 0.010 0.009 0.001 0.005 0.001 0.008 0.003 0.008 0.010 0.010 0.008 
 167   (0.011) 0.010 0.007 0.001 0.002 0.001 0.002 0.002 0.001 0.010 0.008 0.001 0.006 0.001 0.008 0.003 0.007 0.010 0.008 0.008 

Locus 3 : 
4 alleles
1.1% missing data
 206   (0.892) 0.895 0.919 0.984 0.899 0.679 0.903 0.980 0.885 0.899 0.912 0.977 0.937 0.989 0.900 0.942 0.911 0.899 0.904 0.909 
 208   (0.057) 0.056 0.042 0.009 0.011 0.315 0.067 0.010 0.051 0.053 0.047 0.007 0.033 0.004 0.050 0.040 0.044 0.053 0.049 0.048 
 204   (0.037) 0.036 0.028 0.005 0.088 0.004 0.026 0.007 0.062 0.035 0.029 0.014 0.021 0.006 0.033 0.014 0.028 0.034 0.031 0.029 
 212   (0.013) 0.014 0.011 0.002 0.002 0.001 0.003 0.003 0.002 0.014 0.013 0.002 0.009 0.001 0.017 0.004 0.017 0.013 0.016 0.015 

Locus 4 : 
15 alleles
1.1% missing data
 165   (0.073) 0.078 0.083 0.025 0.043 0.013 0.019 0.013 0.322 0.081 0.078 0.480 0.059 0.005 0.091 0.069 0.084 0.072 0.084 0.070 
 163   (0.207) 0.213 0.216 0.057 0.074 0.082 0.284 0.296 0.074 0.226 0.222 0.029 0.231 0.016 0.227 0.175 0.227 0.218 0.227 0.231 
 167   (0.143) 0.141 0.134 0.195 0.495 0.236 0.095 0.174 0.018 0.143 0.139 0.063 0.111 0.009 0.149 0.155 0.136 0.144 0.147 0.134 
 161   (0.363) 0.362 0.399 0.685 0.326 0.483 0.434 0.445 0.563 0.352 0.377 0.119 0.458 0.956 0.355 0.467 0.388 0.356 0.358 0.390 
 153   (0.014) 0.014 0.018 0.003 0.003 0.009 0.003 0.002 0.001 0.013 0.017 0.002 0.012 0.001 0.011 0.005 0.012 0.012 0.012 0.013 
 173   (0.032) 0.030 0.029 0.004 0.005 0.003 0.024 0.005 0.004 0.028 0.026 0.264 0.017 0.002 0.024 0.060 0.026 0.041 0.026 0.023 
 171   (0.035) 0.036 0.028 0.004 0.030 0.004 0.040 0.007 0.004 0.038 0.037 0.005 0.024 0.003 0.039 0.020 0.031 0.037 0.039 0.032 
 179   (0.012) 0.011 0.008 0.003 0.002 0.001 0.003 0.002 0.001 0.010 0.009 0.001 0.006 0.001 0.009 0.004 0.008 0.011 0.010 0.009 
 157   (0.022) 0.020 0.014 0.012 0.004 0.154 0.015 0.003 0.002 0.019 0.017 0.003 0.012 0.001 0.016 0.008 0.014 0.019 0.016 0.016 
 149   (0.011) 0.010 0.006 0.001 0.002 0.001 0.027 0.002 0.001 0.009 0.007 0.001 0.005 0.001 0.007 0.006 0.007 0.009 0.007 0.008 
 177   (0.021) 0.020 0.017 0.003 0.004 0.003 0.005 0.004 0.002 0.021 0.020 0.011 0.013 0.001 0.019 0.008 0.018 0.020 0.020 0.019 
 155   (0.015) 0.015 0.011 0.002 0.002 0.005 0.003 0.003 0.001 0.015 0.012 0.002 0.009 0.001 0.012 0.005 0.010 0.015 0.012 0.011 
 175   (0.012) 0.011 0.007 0.001 0.002 0.001 0.008 0.002 0.001 0.009 0.009 0.001 0.006 0.001 0.008 0.004 0.008 0.010 0.009 0.008 
 169   (0.021) 0.019 0.015 0.002 0.004 0.002 0.034 0.003 0.002 0.019 0.018 0.016 0.011 0.001 0.016 0.008 0.015 0.021 0.019 0.016 
 159   (0.021) 0.019 0.014 0.003 0.004 0.003 0.005 0.039 0.002 0.018 0.015 0.002 0.026 0.001 0.016 0.007 0.017 0.018 0.015 0.021 

Locus 5 : 
16 alleles
0.0% missing data
 148   (0.116) 0.114 0.103 0.200 0.028 0.102 0.093 0.053 0.047 0.113 0.114 0.289 0.089 0.364 0.120 0.037 0.107 0.113 0.117 0.104 
 160   (0.024) 0.022 0.017 0.003 0.064 0.004 0.025 0.004 0.003 0.020 0.018 0.061 0.012 0.002 0.017 0.006 0.015 0.020 0.018 0.017 
 154   (0.073) 0.071 0.063 0.009 0.047 0.017 0.020 0.225 0.167 0.078 0.073 0.025 0.111 0.010 0.077 0.047 0.079 0.077 0.074 0.084 
 150   (0.058) 0.059 0.070 0.027 0.013 0.061 0.075 0.010 0.009 0.056 0.059 0.009 0.041 0.012 0.050 0.407 0.056 0.056 0.053 0.051 
 138   (0.125) 0.127 0.130 0.045 0.300 0.024 0.089 0.235 0.188 0.119 0.117 0.144 0.161 0.009 0.140 0.056 0.133 0.120 0.129 0.132 
 166   (0.031) 0.028 0.019 0.005 0.278 0.031 0.221 0.005 0.003 0.025 0.022 0.013 0.016 0.002 0.020 0.010 0.018 0.025 0.021 0.022 
 146   (0.095) 0.095 0.083 0.023 0.074 0.030 0.095 0.023 0.231 0.092 0.082 0.165 0.059 0.342 0.095 0.036 0.081 0.092 0.093 0.082 
 164   (0.017) 0.015 0.011 0.002 0.039 0.002 0.004 0.003 0.002 0.014 0.012 0.002 0.009 0.001 0.012 0.004 0.011 0.015 0.012 0.012 
 142   (0.018) 0.016 0.024 0.002 0.003 0.002 0.005 0.025 0.002 0.014 0.011 0.002 0.009 0.005 0.012 0.201 0.015 0.017 0.012 0.013 
 144   (0.161) 0.163 0.180 0.403 0.058 0.071 0.240 0.150 0.304 0.166 0.170 0.029 0.171 0.225 0.165 0.083 0.176 0.159 0.166 0.172 
 140   (0.089) 0.089 0.086 0.247 0.018 0.189 0.022 0.214 0.010 0.090 0.090 0.019 0.129 0.007 0.087 0.025 0.101 0.093 0.098 0.110 
 158   (0.042) 0.045 0.063 0.009 0.030 0.008 0.027 0.018 0.005 0.044 0.064 0.088 0.047 0.003 0.040 0.017 0.043 0.044 0.041 0.048 
 162   (0.028) 0.028 0.026 0.005 0.005 0.003 0.008 0.004 0.003 0.027 0.025 0.128 0.015 0.002 0.026 0.018 0.026 0.038 0.027 0.025 
 152   (0.086) 0.091 0.098 0.014 0.018 0.452 0.032 0.027 0.023 0.104 0.109 0.012 0.111 0.014 0.105 0.038 0.111 0.094 0.101 0.096 
 134   (0.017) 0.017 0.012 0.002 0.003 0.002 0.040 0.003 0.002 0.018 0.017 0.002 0.010 0.001 0.017 0.008 0.013 0.018 0.019 0.014 
 156   (0.020) 0.020 0.015 0.004 0.022 0.002 0.005 0.003 0.002 0.019 0.016 0.012 0.012 0.001 0.016 0.006 0.015 0.020 0.019 0.017 

Locus 6 : 
12 alleles
0.0% missing data
 225   (0.042) 0.040 0.030 0.005 0.007 0.009 0.010 0.029 0.006 0.037 0.035 0.124 0.024 0.294 0.039 0.027 0.031 0.039 0.035 0.035 
 239   (0.099) 0.103 0.117 0.089 0.227 0.013 0.044 0.020 0.228 0.102 0.098 0.026 0.067 0.433 0.122 0.055 0.107 0.098 0.109 0.086 
 229   (0.014) 0.013 0.010 0.002 0.002 0.001 0.003 0.002 0.001 0.011 0.010 0.301 0.008 0.001 0.009 0.004 0.009 0.016 0.009 0.010 
 235   (0.301) 0.301 0.314 0.433 0.083 0.268 0.131 0.429 0.311 0.306 0.311 0.372 0.427 0.221 0.303 0.525 0.339 0.309 0.304 0.343 
 237   (0.214) 0.216 0.203 0.282 0.065 0.195 0.167 0.158 0.267 0.223 0.223 0.037 0.201 0.025 0.224 0.148 0.223 0.221 0.235 0.225 
 233   (0.102) 0.102 0.121 0.158 0.263 0.473 0.092 0.019 0.159 0.098 0.105 0.057 0.085 0.010 0.094 0.077 0.094 0.098 0.101 0.094 
 227   (0.030) 0.028 0.018 0.003 0.296 0.003 0.437 0.005 0.003 0.026 0.021 0.003 0.016 0.002 0.023 0.032 0.018 0.025 0.022 0.021 
 245   (0.069) 0.072 0.083 0.013 0.021 0.021 0.020 0.180 0.008 0.073 0.085 0.009 0.068 0.005 0.067 0.033 0.068 0.072 0.069 0.069 
 241   (0.037) 0.036 0.030 0.005 0.013 0.006 0.034 0.021 0.007 0.035 0.032 0.061 0.029 0.003 0.031 0.029 0.029 0.037 0.033 0.033 
 231   (0.052) 0.052 0.043 0.006 0.016 0.005 0.022 0.056 0.006 0.053 0.049 0.006 0.044 0.003 0.055 0.053 0.050 0.051 0.052 0.052 
 243   (0.027) 0.026 0.024 0.004 0.005 0.003 0.038 0.081 0.003 0.024 0.022 0.003 0.026 0.002 0.024 0.014 0.024 0.023 0.023 0.023 
 251   (0.012) 0.012 0.007 0.001 0.002 0.001 0.003 0.002 0.001 0.011 0.008 0.001 0.006 0.001 0.008 0.003 0.007 0.011 0.008 0.008 

Locus 7 : 
5 alleles
0.0% missing data
 118   (0.921) 0.924 0.915 0.940 0.657 0.926 0.982 0.987 0.992 0.926 0.933 0.990 0.953 0.995 0.934 0.599 0.932 0.926 0.937 0.938 
 124   (0.039) 0.038 0.034 0.056 0.336 0.069 0.009 0.006 0.004 0.038 0.036 0.005 0.028 0.003 0.033 0.012 0.032 0.034 0.031 0.031 
 116   (0.012) 0.011 0.030 0.001 0.002 0.001 0.003 0.002 0.001 0.010 0.007 0.002 0.005 0.001 0.007 0.379 0.015 0.014 0.007 0.008 
 114   (0.016) 0.016 0.013 0.002 0.003 0.002 0.003 0.003 0.002 0.016 0.014 0.002 0.009 0.001 0.016 0.005 0.014 0.015 0.016 0.015 
 122   (0.012) 0.011 0.007 0.001 0.002 0.001 0.003 0.002 0.001 0.010 0.009 0.001 0.005 0.001 0.009 0.004 0.007 0.010 0.009 0.009 

Locus 8 : 
5 alleles
0.0% missing data
 135   (0.053) 0.057 0.067 0.028 0.010 0.012 0.012 0.028 0.006 0.065 0.075 0.022 0.063 0.011 0.065 0.022 0.066 0.053 0.058 0.053 
 139   (0.757) 0.760 0.765 0.921 0.949 0.937 0.653 0.609 0.957 0.760 0.764 0.820 0.784 0.926 0.768 0.557 0.780 0.759 0.780 0.786 
 137   (0.143) 0.138 0.136 0.046 0.033 0.046 0.324 0.297 0.032 0.132 0.126 0.153 0.113 0.060 0.129 0.404 0.119 0.145 0.126 0.123 
 143   (0.032) 0.032 0.023 0.004 0.006 0.003 0.008 0.046 0.004 0.031 0.025 0.004 0.021 0.002 0.027 0.013 0.023 0.031 0.026 0.026 
 141   (0.015) 0.014 0.009 0.002 0.002 0.002 0.003 0.021 0.002 0.012 0.010 0.002 0.019 0.001 0.010 0.004 0.011 0.012 0.010 0.013 

Locus 9 : 
11 alleles
0.0% missing data
 116   (0.301) 0.312 0.357 0.257 0.107 0.513 0.115 0.327 0.173 0.325 0.341 0.424 0.309 0.362 0.343 0.211 0.329 0.308 0.327 0.304 
 112   (0.088) 0.086 0.075 0.083 0.016 0.033 0.021 0.162 0.384 0.082 0.082 0.057 0.122 0.012 0.080 0.033 0.094 0.086 0.083 0.097 
 122   (0.062) 0.058 0.050 0.008 0.297 0.010 0.275 0.014 0.300 0.053 0.051 0.007 0.036 0.441 0.045 0.140 0.046 0.055 0.046 0.047 
 114   (0.218) 0.222 0.204 0.350 0.052 0.366 0.233 0.305 0.044 0.223 0.218 0.079 0.245 0.020 0.230 0.086 0.229 0.224 0.232 0.235 
 120   (0.041) 0.039 0.029 0.160 0.213 0.005 0.010 0.022 0.021 0.036 0.030 0.005 0.026 0.003 0.030 0.012 0.028 0.035 0.031 0.031 
 130   (0.036) 0.038 0.049 0.032 0.177 0.006 0.079 0.006 0.004 0.035 0.041 0.005 0.030 0.002 0.032 0.012 0.034 0.032 0.032 0.035 
 118   (0.120) 0.118 0.119 0.079 0.113 0.037 0.048 0.112 0.017 0.120 0.123 0.406 0.152 0.018 0.121 0.052 0.129 0.135 0.123 0.139 
 124   (0.061) 0.058 0.052 0.008 0.011 0.007 0.073 0.040 0.049 0.055 0.051 0.008 0.038 0.136 0.053 0.211 0.050 0.055 0.052 0.050 
 126   (0.037) 0.035 0.035 0.019 0.008 0.008 0.138 0.006 0.004 0.035 0.031 0.006 0.022 0.003 0.034 0.233 0.030 0.035 0.034 0.029 
 108   (0.014) 0.013 0.013 0.001 0.002 0.001 0.003 0.002 0.001 0.015 0.015 0.001 0.008 0.001 0.012 0.004 0.012 0.017 0.018 0.012 
 128   (0.021) 0.020 0.017 0.003 0.004 0.015 0.005 0.005 0.002 0.021 0.018 0.002 0.011 0.002 0.020 0.007 0.019 0.020 0.022 0.020 

Locus 10 : 
4 alleles
0.0% missing data
 232   (0.898) 0.900 0.917 0.950 0.974 0.988 0.670 0.911 0.989 0.900 0.909 0.988 0.934 0.993 0.910 0.961 0.921 0.900 0.904 0.916 
 238   (0.076) 0.075 0.062 0.047 0.022 0.010 0.324 0.086 0.009 0.073 0.066 0.009 0.052 0.005 0.069 0.031 0.058 0.072 0.069 0.062 
 234   (0.015) 0.014 0.013 0.002 0.002 0.001 0.003 0.002 0.001 0.017 0.016 0.002 0.008 0.001 0.013 0.004 0.013 0.018 0.018 0.013 
 244   (0.011) 0.011 0.008 0.001 0.002 0.001 0.002 0.002 0.001 0.010 0.008 0.001 0.006 0.001 0.009 0.003 0.008 0.011 0.009 0.009 

Locus 11 : 
7 alleles
0.0% missing data
 165   (0.775) 0.779 0.792 0.766 0.932 0.925 0.899 0.931 0.798 0.780 0.796 0.922 0.838 0.767 0.802 0.551 0.800 0.778 0.786 0.797 
 167   (0.071) 0.068 0.066 0.011 0.020 0.009 0.019 0.031 0.186 0.065 0.055 0.054 0.042 0.223 0.056 0.358 0.058 0.067 0.057 0.054 
 161   (0.107) 0.109 0.110 0.218 0.040 0.061 0.072 0.018 0.012 0.114 0.115 0.019 0.073 0.007 0.110 0.078 0.105 0.114 0.121 0.108 
 155   (0.011) 0.011 0.007 0.001 0.002 0.001 0.003 0.002 0.001 0.010 0.007 0.001 0.005 0.001 0.008 0.003 0.007 0.010 0.008 0.008 
 173   (0.012) 0.011 0.009 0.001 0.002 0.001 0.002 0.002 0.001 0.011 0.011 0.001 0.006 0.001 0.009 0.003 0.009 0.012 0.011 0.009 
 163   (0.012) 0.011 0.008 0.001 0.002 0.001 0.003 0.014 0.001 0.009 0.007 0.001 0.029 0.001 0.007 0.003 0.014 0.009 0.008 0.016 
 171   (0.012) 0.011 0.008 0.001 0.002 0.001 0.002 0.002 0.001 0.010 0.008 0.001 0.006 0.001 0.009 0.003 0.007 0.011 0.009 0.008 

Locus 12 : 
8 alleles
0.0% missing data
 137   (0.530) 0.523 0.510 0.232 0.850 0.326 0.551 0.815 0.414 0.531 0.530 0.399 0.622 0.449 0.526 0.716 0.548 0.540 0.526 0.556 
 140   (0.157) 0.165 0.219 0.507 0.032 0.603 0.069 0.060 0.050 0.160 0.180 0.210 0.139 0.015 0.179 0.068 0.171 0.158 0.177 0.152 
 134   (0.239) 0.240 0.222 0.252 0.105 0.055 0.322 0.100 0.529 0.242 0.232 0.382 0.177 0.531 0.229 0.190 0.218 0.237 0.233 0.221 
 149   (0.011) 0.010 0.006 0.001 0.002 0.001 0.003 0.002 0.001 0.009 0.008 0.001 0.005 0.001 0.008 0.003 0.007 0.009 0.008 0.007 
 143   (0.015) 0.014 0.009 0.002 0.004 0.002 0.040 0.003 0.002 0.013 0.011 0.002 0.008 0.002 0.014 0.006 0.010 0.013 0.012 0.011 
 128   (0.011) 0.011 0.007 0.001 0.002 0.001 0.007 0.002 0.001 0.010 0.008 0.001 0.006 0.001 0.008 0.003 0.007 0.010 0.009 0.008 
 125   (0.019) 0.018 0.011 0.003 0.003 0.012 0.005 0.016 0.002 0.016 0.013 0.002 0.033 0.001 0.013 0.007 0.018 0.016 0.013 0.022 
 146   (0.017) 0.019 0.015 0.002 0.003 0.002 0.004 0.003 0.002 0.020 0.017 0.002 0.010 0.001 0.023 0.006 0.021 0.018 0.023 0.022 

Locus 13 : 
19 alleles
0.5% missing data
 206   (0.137) 0.132 0.121 0.176 0.216 0.263 0.066 0.115 0.028 0.124 0.120 0.422 0.150 0.046 0.128 0.113 0.127 0.136 0.124 0.130 
 210   (0.097) 0.098 0.120 0.151 0.018 0.174 0.025 0.023 0.038 0.099 0.113 0.284 0.092 0.417 0.091 0.046 0.097 0.100 0.096 0.097 
 190   (0.069) 0.071 0.063 0.009 0.028 0.080 0.016 0.153 0.011 0.074 0.069 0.008 0.057 0.005 0.074 0.037 0.069 0.071 0.074 0.065 
 202   (0.089) 0.092 0.107 0.012 0.537 0.032 0.263 0.016 0.013 0.099 0.111 0.016 0.078 0.008 0.103 0.209 0.097 0.091 0.094 0.086 
 214   (0.040) 0.038 0.029 0.020 0.007 0.062 0.010 0.007 0.147 0.036 0.033 0.005 0.022 0.255 0.035 0.014 0.031 0.037 0.036 0.035 
 212   (0.034) 0.032 0.026 0.004 0.006 0.004 0.007 0.431 0.004 0.028 0.026 0.004 0.144 0.184 0.029 0.020 0.050 0.029 0.025 0.066 
 192   (0.109) 0.115 0.139 0.277 0.060 0.088 0.028 0.044 0.013 0.119 0.131 0.044 0.096 0.008 0.123 0.057 0.123 0.118 0.129 0.121 
 204   (0.038) 0.037 0.033 0.010 0.015 0.019 0.013 0.017 0.056 0.035 0.036 0.005 0.032 0.015 0.035 0.017 0.037 0.036 0.035 0.033 
 184   (0.057) 0.056 0.049 0.021 0.010 0.016 0.013 0.059 0.006 0.056 0.050 0.095 0.097 0.004 0.053 0.019 0.064 0.059 0.051 0.068 
 216   (0.021) 0.024 0.037 0.270 0.003 0.014 0.004 0.003 0.002 0.020 0.021 0.002 0.014 0.001 0.031 0.007 0.027 0.018 0.027 0.017 
 208   (0.046) 0.047 0.049 0.017 0.010 0.202 0.010 0.047 0.005 0.046 0.050 0.006 0.049 0.015 0.044 0.018 0.044 0.041 0.039 0.043 
 198   (0.039) 0.041 0.037 0.005 0.019 0.005 0.008 0.008 0.004 0.047 0.043 0.005 0.026 0.003 0.053 0.015 0.046 0.044 0.053 0.044 
 194   (0.062) 0.059 0.058 0.007 0.018 0.019 0.202 0.015 0.604 0.058 0.052 0.028 0.034 0.006 0.052 0.315 0.052 0.060 0.055 0.052 
 186   (0.017) 0.016 0.011 0.002 0.003 0.002 0.005 0.003 0.047 0.015 0.012 0.003 0.008 0.012 0.012 0.011 0.010 0.014 0.012 0.012 
 188   (0.018) 0.018 0.013 0.004 0.003 0.003 0.031 0.003 0.002 0.017 0.015 0.002 0.010 0.001 0.016 0.006 0.014 0.018 0.017 0.015 
 200   (0.063) 0.062 0.054 0.007 0.033 0.010 0.285 0.032 0.011 0.063 0.059 0.064 0.047 0.016 0.061 0.068 0.054 0.063 0.063 0.056 
 196   (0.036) 0.037 0.032 0.004 0.006 0.004 0.009 0.018 0.004 0.039 0.036 0.005 0.027 0.002 0.039 0.020 0.037 0.038 0.043 0.038 
 220   (0.012) 0.011 0.008 0.001 0.006 0.001 0.003 0.003 0.001 0.010 0.008 0.001 0.006 0.001 0.008 0.004 0.008 0.010 0.009 0.009 
 180   (0.015) 0.014 0.014 0.002 0.002 0.002 0.003 0.002 0.001 0.016 0.016 0.002 0.008 0.001 0.012 0.004 0.013 0.017 0.019 0.013 

Locus 14 : 
8 alleles
1.1% missing data
 139   (0.073) 0.070 0.069 0.262 0.038 0.010 0.057 0.012 0.163 0.066 0.068 0.089 0.046 0.191 0.054 0.110 0.055 0.070 0.060 0.061 
 145   (0.065) 0.063 0.054 0.022 0.013 0.011 0.037 0.108 0.009 0.059 0.057 0.140 0.139 0.007 0.056 0.029 0.080 0.063 0.056 0.086 
 151   (0.310) 0.307 0.311 0.169 0.350 0.675 0.285 0.433 0.555 0.303 0.320 0.470 0.318 0.335 0.294 0.191 0.300 0.307 0.299 0.311 
 157   (0.358) 0.372 0.410 0.478 0.471 0.266 0.297 0.264 0.157 0.387 0.387 0.216 0.355 0.147 0.429 0.457 0.407 0.368 0.407 0.375 
 154   (0.097) 0.096 0.084 0.057 0.017 0.027 0.027 0.157 0.105 0.096 0.092 0.014 0.068 0.314 0.089 0.126 0.082 0.098 0.097 0.087 
 163   (0.039) 0.037 0.031 0.005 0.100 0.004 0.011 0.007 0.005 0.036 0.030 0.064 0.022 0.002 0.032 0.048 0.030 0.039 0.034 0.030 
 160   (0.029) 0.028 0.019 0.003 0.005 0.003 0.271 0.005 0.003 0.027 0.022 0.004 0.015 0.002 0.022 0.013 0.019 0.027 0.022 0.021 
 142   (0.028) 0.027 0.023 0.005 0.006 0.004 0.016 0.014 0.003 0.027 0.024 0.004 0.036 0.002 0.024 0.027 0.028 0.027 0.026 0.030 

Locus 15 : 
13 alleles
1.6% missing data
 256   (0.151) 0.145 0.126 0.155 0.122 0.179 0.159 0.162 0.122 0.137 0.126 0.163 0.103 0.069 0.138 0.206 0.121 0.141 0.128 0.119 
 262   (0.020) 0.018 0.019 0.002 0.003 0.002 0.007 0.003 0.002 0.016 0.013 0.281 0.010 0.001 0.013 0.169 0.015 0.017 0.014 0.014 
 246   (0.117) 0.125 0.149 0.115 0.024 0.088 0.099 0.045 0.013 0.127 0.129 0.181 0.093 0.008 0.152 0.105 0.143 0.122 0.144 0.119 
 258   (0.183) 0.189 0.232 0.303 0.541 0.233 0.157 0.165 0.024 0.202 0.234 0.024 0.208 0.014 0.194 0.194 0.200 0.187 0.198 0.205 
 254   (0.106) 0.102 0.084 0.027 0.181 0.165 0.070 0.053 0.342 0.106 0.097 0.013 0.103 0.157 0.099 0.071 0.098 0.104 0.103 0.099 
 250   (0.032) 0.030 0.023 0.004 0.008 0.003 0.009 0.026 0.080 0.028 0.024 0.004 0.018 0.656 0.024 0.016 0.021 0.029 0.026 0.024 
 242   (0.105) 0.106 0.096 0.013 0.022 0.012 0.061 0.149 0.151 0.106 0.100 0.183 0.148 0.070 0.110 0.068 0.128 0.117 0.116 0.129 
 252   (0.064) 0.063 0.064 0.027 0.013 0.027 0.020 0.031 0.042 0.064 0.070 0.107 0.064 0.007 0.062 0.050 0.058 0.067 0.064 0.063 
 248   (0.133) 0.131 0.132 0.335 0.070 0.037 0.386 0.280 0.216 0.127 0.125 0.023 0.192 0.012 0.119 0.086 0.140 0.127 0.124 0.149 
 260   (0.038) 0.039 0.039 0.013 0.007 0.248 0.018 0.007 0.004 0.039 0.038 0.005 0.028 0.003 0.041 0.013 0.036 0.041 0.039 0.035 
 264   (0.016) 0.015 0.012 0.002 0.002 0.002 0.003 0.003 0.002 0.016 0.015 0.002 0.009 0.001 0.017 0.005 0.015 0.015 0.016 0.016 
 244   (0.026) 0.025 0.018 0.003 0.005 0.003 0.007 0.074 0.003 0.023 0.021 0.013 0.020 0.002 0.025 0.013 0.018 0.023 0.021 0.021 
 276   (0.011) 0.010 0.007 0.001 0.002 0.001 0.002 0.002 0.001 0.009 0.007 0.001 0.005 0.001 0.007 0.003 0.006 0.010 0.007 0.007 

Values of parameters used in structure:
DATAFILE=G:\Shared drives\Emily_Schumacher\QUAC_analyses\QUAC_structure_wild_relate\QUAC_allpop_relate_red_12_15_21\project_data,	OUTFILE=G:\Shared drives\Emily_Schumacher\QUAC_analyses\QUAC_structure_wild_relate\QUAC_allpop_relate_red_12_15_21\50-100\Results\50-100_run_94,	NUMINDS=188,	NUMLOCI=15,	MISSING=-9,	LABEL=1,	POPDATA=1,	POPFLAG=0,	PHENOTYPE=0,	EXTRACOLS=0,	MAXPOPS=19,	BURNIN=50000,	NUMREPS=100000,	USEPOPINFO=0,	INFERALPHA=1,	INFERLAMBDA=0,	POPSPECIFICLAMBDA=0,	POPALPHAS=0,	COMPUTEPROB=1,	NOADMIX=0,	ADMBURNIN=2500,	UPDATEFREQ=1,	PRINTLIKES=0,	INTERMEDSAVE=0,	PRINTKLD=0,	PRINTNET=0,	PRINTLAMBDA=0,	ANCESTDIST=0,	NUMBOXES=1000,	ANCESTPINT=0.90000,	GENSBACK=2,	MIGRPRIOR=0.05000,	PRINTQHAT=0,	PRINTQSUM=0,	ALPHA=1.0000,	FREQSCORR=1,	FPRIORMEAN=0.0100,	FPRIORSD=0.0500,	ONEFST=0,	LAMBDA=1.0000,	UNIFPRIORALPHA=1,	ALPHAMAX=10.0000,	ALPHAPRIORA=1.0000,	ALPHAPRIORB=2.0000,	ALPHAPROPSD=0.0250,	STARTATPOPINFO=0,	RANDOMIZE=1,	LINKAGE=0,	METROFREQ=10,	REPORTHITRATE=0,	MARKOVPHASE=-1,	PHASED=0,	PLOIDY=2,	PHASEINFO=0	LOCPRIOR=0, 	LOCPRIORINIT=1.000000, 	LOCDATA=0, 	LOCISPOP=0, 	LOCPRIORSTEP=0.100000, 	MAXLOCPRIOR=20.000000, 	SEED=1639615561,	
[STRAT parameters]:    NUMSIMSTATS=1000,	PHENOTYPECOL=-9,	POOLFREQ=10,	LOCUSxONLY=0,	EMERROR=0.00100,	MISSINGPHENO=-9,	