

----------------------------------------------------
STRUCTURE by Pritchard, Stephens and Donnelly (2000)
     and Falush, Stephens and Pritchard (2003)
       Code by Pritchard, Falush and Hubisz
             Version 2.3.4 (Jul 2012)
----------------------------------------------------



Command line arguments:   bin\structure -m G:\Shared drives\Emily_Schumacher\QUAC_analyses\QUAC_structure_wild_relate\QUAC_allpop_relate_red_12_15_21\50-100\mainparams -e G:\Shared drives\Emily_Schumacher\QUAC_analyses\QUAC_structure_wild_relate\QUAC_allpop_relate_red_12_15_21\50-100\extraparams 
Input File:    G:\Shared drives\Emily_Schumacher\QUAC_analyses\QUAC_structure_wild_relate\QUAC_allpop_relate_red_12_15_21\project_data

Run parameters:
   188 individuals
   15 loci
   14 populations assumed
   50000 Burn-in period
   100000 Reps


--------------------------------------------
Proportion of membership of each pre-defined
 population in each of the 14 clusters

Given    Inferred Clusters                                                                                    Number of
 Pop       1      2      3      4      5      6      7      8      9     10     11     12     13     14      Individuals

  1:     0.010  0.004  0.016  0.010  0.010  0.008  0.010  0.006  0.006  0.004  0.005  0.015  0.887  0.008        2
  2:     0.026  0.021  0.114  0.032  0.340  0.025  0.031  0.019  0.049  0.012  0.197  0.054  0.045  0.036       17
  3:     0.043  0.029  0.214  0.057  0.238  0.046  0.046  0.012  0.022  0.086  0.014  0.072  0.057  0.064       19
  4:     0.064  0.068  0.329  0.061  0.014  0.057  0.066  0.018  0.031  0.015  0.011  0.101  0.115  0.051       10
  5:     0.013  0.027  0.017  0.014  0.838  0.013  0.015  0.007  0.009  0.006  0.004  0.016  0.009  0.013        2
  6:     0.031  0.006  0.433  0.044  0.012  0.033  0.031  0.012  0.019  0.126  0.173  0.034  0.008  0.036        2
  7:     0.041  0.011  0.006  0.044  0.550  0.041  0.044  0.007  0.128  0.038  0.011  0.043  0.009  0.027        1
  8:     0.006  0.007  0.007  0.005  0.922  0.005  0.006  0.008  0.008  0.005  0.005  0.006  0.006  0.005        1
  9:     0.098  0.005  0.008  0.112  0.017  0.122  0.073  0.070  0.013  0.011  0.005  0.076  0.005  0.384        1
 10:     0.092  0.011  0.008  0.085  0.012  0.085  0.082  0.012  0.011  0.365  0.157  0.044  0.007  0.027        6
 11:     0.069  0.044  0.111  0.071  0.138  0.071  0.066  0.022  0.033  0.150  0.099  0.060  0.015  0.052       16
 12:     0.086  0.024  0.013  0.062  0.019  0.088  0.066  0.516  0.012  0.010  0.003  0.045  0.015  0.042        1
 13:     0.038  0.421  0.167  0.044  0.016  0.040  0.044  0.019  0.024  0.020  0.012  0.072  0.027  0.056       33
 14:     0.025  0.010  0.018  0.033  0.392  0.025  0.026  0.023  0.133  0.164  0.090  0.028  0.010  0.021       21
 15:     0.021  0.015  0.021  0.019  0.011  0.021  0.020  0.009  0.042  0.015  0.028  0.020  0.739  0.019       14
 16:     0.027  0.016  0.018  0.029  0.016  0.027  0.026  0.718  0.017  0.012  0.010  0.031  0.013  0.042       35
 17:     0.132  0.010  0.019  0.121  0.014  0.139  0.112  0.028  0.020  0.011  0.007  0.089  0.010  0.285        7
--------------------------------------------

Allele-freq. divergence among pops (Net nucleotide distance),
computed using point estimates of P.

      1       2       3       4       5       6       7       8       9      10      11      12      13      14      
 1      -    0.0430  0.0323  0.0005  0.0487  0.0000  0.0001  0.0285  0.0279  0.0239  0.0502  0.0040  0.0394  0.0041  
 2   0.0430     -    0.0545  0.0427  0.0978  0.0433  0.0416  0.0806  0.0874  0.0814  0.0949  0.0369  0.0852  0.0467  
 3   0.0323  0.0545     -    0.0312  0.0769  0.0324  0.0305  0.0706  0.0686  0.0606  0.0941  0.0265  0.0777  0.0337  
 4   0.0005  0.0427  0.0312     -    0.0508  0.0004  0.0002  0.0300  0.0291  0.0226  0.0505  0.0024  0.0421  0.0028  
 5   0.0487  0.0978  0.0769  0.0508     -    0.0490  0.0489  0.0756  0.0726  0.0724  0.0976  0.0551  0.0826  0.0572  
 6   0.0000  0.0433  0.0324  0.0004  0.0490     -    0.0001  0.0285  0.0282  0.0242  0.0505  0.0040  0.0397  0.0036  
 7   0.0001  0.0416  0.0305  0.0002  0.0489  0.0001     -    0.0293  0.0285  0.0245  0.0508  0.0028  0.0401  0.0036  
 8   0.0285  0.0806  0.0706  0.0300  0.0756  0.0285  0.0293     -    0.0581  0.0552  0.0778  0.0355  0.0726  0.0339  
 9   0.0279  0.0874  0.0686  0.0291  0.0726  0.0282  0.0285  0.0581     -    0.0405  0.0709  0.0348  0.0752  0.0364  
10   0.0239  0.0814  0.0606  0.0226  0.0724  0.0242  0.0245  0.0552  0.0405     -    0.0611  0.0310  0.0774  0.0328  
11   0.0502  0.0949  0.0941  0.0505  0.0976  0.0505  0.0508  0.0778  0.0709  0.0611     -    0.0547  0.0969  0.0581  
12   0.0040  0.0369  0.0265  0.0024  0.0551  0.0040  0.0028  0.0355  0.0348  0.0310  0.0547     -    0.0455  0.0044  
13   0.0394  0.0852  0.0777  0.0421  0.0826  0.0397  0.0401  0.0726  0.0752  0.0774  0.0969  0.0455     -    0.0459  
14   0.0041  0.0467  0.0337  0.0028  0.0572  0.0036  0.0036  0.0339  0.0364  0.0328  0.0581  0.0044  0.0459     -    

Average distances (expected heterozygosity) between individuals in same cluster:
cluster  1  : 0.6517 
cluster  2  : 0.5217 
cluster  3  : 0.5215 
cluster  4  : 0.6413 
cluster  5  : 0.5062 
cluster  6  : 0.6501 
cluster  7  : 0.6453 
cluster  8  : 0.5368 
cluster  9  : 0.6264 
cluster 10  : 0.6140 
cluster 11  : 0.5303 
cluster 12  : 0.6120 
cluster 13  : 0.5376 
cluster 14  : 0.6170 

--------------------------------------------
Estimated Ln Prob of Data   = -7988.9
Mean value of ln likelihood = -7046.3
Variance of ln likelihood   = 1885.1
Mean value of alpha         = 0.0395

Mean value of Fst_1         = 0.0003
Mean value of Fst_2         = 0.2126
Mean value of Fst_3         = 0.2023
Mean value of Fst_4         = 0.0499
Mean value of Fst_5         = 0.2540
Mean value of Fst_6         = 0.0076
Mean value of Fst_7         = 0.0271
Mean value of Fst_8         = 0.1431
Mean value of Fst_9         = 0.2038
Mean value of Fst_10         = 0.1430
Mean value of Fst_11         = 0.2452
Mean value of Fst_12         = 0.1027
Mean value of Fst_13         = 0.1946
Mean value of Fst_14         = 0.0922


Inferred ancestry of individuals:
        Label (%Miss) Pop:  Inferred clusters
  1 QAc-G-0029    (0)    1 :  0.014 0.005 0.028 0.015 0.012 0.012 0.014 0.005 0.009 0.005 0.006 0.024 0.838 0.012 
  2 QAc-G-0030    (0)    1 :  0.006 0.004 0.004 0.005 0.007 0.005 0.005 0.006 0.003 0.003 0.004 0.005 0.937 0.005 
  3 QAc-G-0062    (0)    2 :  0.027 0.005 0.006 0.028 0.153 0.033 0.027 0.048 0.096 0.016 0.504 0.022 0.007 0.030 
  4 QAc-G-0063    (0)    2 :  0.027 0.024 0.037 0.029 0.707 0.026 0.032 0.009 0.022 0.012 0.006 0.038 0.008 0.024 
  5 QAc-G-0064    (0)    2 :  0.005 0.004 0.007 0.005 0.012 0.006 0.006 0.006 0.005 0.006 0.922 0.006 0.005 0.005 
  6 QAc-G-0065    (0)    2 :  0.005 0.005 0.004 0.005 0.003 0.005 0.005 0.003 0.004 0.009 0.935 0.006 0.007 0.004 
  7 QAc-G-0066    (0)    2 :  0.004 0.004 0.005 0.004 0.943 0.004 0.004 0.005 0.004 0.003 0.003 0.005 0.007 0.004 
  8 QAc-G-0067    (0)    2 :  0.017 0.009 0.013 0.013 0.005 0.017 0.016 0.007 0.007 0.012 0.836 0.016 0.017 0.015 
  9 QAc-G-0068    (0)    2 :  0.008 0.005 0.004 0.007 0.357 0.008 0.007 0.013 0.487 0.075 0.009 0.008 0.009 0.005 
 10 QAc-G-0070    (0)    2 :  0.021 0.007 0.010 0.018 0.740 0.020 0.019 0.074 0.019 0.007 0.017 0.016 0.019 0.013 
 11 QAc-G-0071   (13)    2 :  0.004 0.003 0.008 0.004 0.939 0.004 0.005 0.004 0.005 0.004 0.003 0.005 0.006 0.005 
 12 QAc-G-0072    (0)    2 :  0.007 0.005 0.009 0.006 0.914 0.006 0.007 0.010 0.006 0.004 0.005 0.007 0.008 0.006 
 13 QAc-G-0073    (0)    2 :  0.016 0.014 0.554 0.052 0.004 0.017 0.050 0.014 0.033 0.005 0.004 0.161 0.014 0.063 
 14 QAc-G-0074    (0)    2 :  0.029 0.031 0.488 0.031 0.231 0.031 0.036 0.012 0.013 0.007 0.005 0.045 0.004 0.038 
 15 QAc-G-0075    (0)    2 :  0.028 0.053 0.694 0.025 0.013 0.029 0.029 0.007 0.017 0.009 0.010 0.034 0.015 0.036 
 16 QAc-G-0076    (0)    2 :  0.035 0.078 0.066 0.111 0.007 0.037 0.088 0.007 0.071 0.006 0.031 0.344 0.009 0.113 
 17 QAc-G-0080    (0)    2 :  0.055 0.005 0.018 0.052 0.022 0.052 0.064 0.006 0.013 0.009 0.032 0.030 0.596 0.046 
 18 QAc-G-0081    (0)    2 :  0.132 0.014 0.005 0.142 0.008 0.119 0.112 0.087 0.021 0.010 0.007 0.144 0.008 0.192 
 19 QAc-G-0083    (0)    2 :  0.018 0.094 0.019 0.015 0.718 0.017 0.019 0.012 0.007 0.006 0.014 0.025 0.023 0.015 
 20 QAc-G-0285    (0)    3 :  0.006 0.004 0.004 0.006 0.920 0.006 0.006 0.006 0.009 0.008 0.004 0.006 0.008 0.006 
 21 QAc-G-0287    (0)    3 :  0.004 0.003 0.006 0.004 0.947 0.004 0.004 0.005 0.004 0.003 0.004 0.004 0.005 0.004 
 22 QAc-G-0288    (6)    3 :  0.010 0.011 0.009 0.010 0.871 0.009 0.010 0.011 0.009 0.007 0.006 0.008 0.022 0.007 
 23 QAc-G-0292    (0)    3 :  0.013 0.005 0.005 0.014 0.829 0.015 0.016 0.026 0.028 0.010 0.008 0.012 0.004 0.015 
 24 QAc-G-0294    (0)    3 :  0.036 0.050 0.036 0.136 0.005 0.044 0.086 0.005 0.086 0.008 0.016 0.338 0.015 0.140 
 25 QAc-G-0295    (0)    3 :  0.027 0.034 0.466 0.049 0.025 0.027 0.039 0.005 0.030 0.008 0.022 0.164 0.022 0.081 
 26 QAc-G-0296    (0)    3 :  0.022 0.053 0.489 0.044 0.011 0.019 0.052 0.007 0.037 0.006 0.034 0.168 0.005 0.054 
 27 QAc-G-0297    (0)    3 :  0.130 0.041 0.213 0.111 0.003 0.153 0.127 0.006 0.011 0.020 0.004 0.067 0.006 0.108 
 28 QAc-G-0298    (6)    3 :  0.019 0.011 0.782 0.021 0.009 0.016 0.018 0.004 0.011 0.006 0.009 0.041 0.017 0.036 
 29 QAc-G-0299    (0)    3 :  0.012 0.126 0.731 0.016 0.007 0.011 0.017 0.004 0.011 0.010 0.005 0.031 0.005 0.014 
 30 QAc-G-0300    (0)    3 :  0.026 0.103 0.393 0.060 0.005 0.023 0.054 0.020 0.043 0.011 0.030 0.166 0.005 0.062 
 31 QAc-G-0301    (0)    3 :  0.011 0.022 0.835 0.009 0.012 0.012 0.010 0.005 0.005 0.005 0.044 0.011 0.008 0.010 
 32 QAc-G-0302    (0)    3 :  0.022 0.024 0.010 0.071 0.006 0.020 0.020 0.005 0.022 0.743 0.004 0.017 0.005 0.030 
 33 QAc-G-0303    (0)    3 :  0.023 0.004 0.004 0.062 0.009 0.024 0.020 0.029 0.040 0.739 0.010 0.013 0.008 0.015 
 34 QAc-G-0305    (0)    3 :  0.016 0.005 0.007 0.015 0.818 0.015 0.014 0.013 0.015 0.015 0.006 0.013 0.031 0.016 
 35 QAc-G-0307    (0)    3 :  0.011 0.005 0.007 0.010 0.006 0.013 0.011 0.019 0.008 0.007 0.006 0.009 0.877 0.011 
 36 QAc-G-0313    (0)    3 :  0.180 0.009 0.008 0.150 0.034 0.180 0.142 0.015 0.021 0.006 0.023 0.089 0.010 0.134 
 37 QAc-G-0314    (0)    3 :  0.147 0.028 0.048 0.156 0.003 0.156 0.130 0.012 0.019 0.013 0.011 0.100 0.011 0.166 
 38 QAc-G-0316    (0)    3 :  0.102 0.015 0.008 0.141 0.009 0.134 0.090 0.027 0.011 0.007 0.015 0.112 0.027 0.302 
 39 QAc-G-0033    (0)    4 :  0.008 0.183 0.690 0.010 0.005 0.008 0.011 0.007 0.013 0.006 0.010 0.029 0.007 0.014 
 40 QAc-G-0034    (0)    4 :  0.010 0.010 0.845 0.012 0.005 0.010 0.012 0.017 0.006 0.009 0.008 0.018 0.030 0.009 
 41 QAc-G-0035    (0)    4 :  0.035 0.372 0.027 0.085 0.018 0.037 0.058 0.006 0.044 0.010 0.023 0.175 0.014 0.096 
 42 QAc-G-0036    (0)    4 :  0.012 0.008 0.874 0.011 0.013 0.010 0.011 0.008 0.006 0.004 0.012 0.015 0.006 0.010 
 43 QAc-G-0039    (0)    4 :  0.045 0.032 0.031 0.149 0.007 0.046 0.077 0.014 0.071 0.012 0.008 0.296 0.042 0.171 
 44 QAc-G-0040    (0)    4 :  0.062 0.034 0.056 0.103 0.058 0.068 0.100 0.072 0.051 0.014 0.007 0.257 0.010 0.107 
 45 QAc-G-0045    (0)    4 :  0.007 0.021 0.748 0.017 0.006 0.007 0.035 0.005 0.009 0.005 0.006 0.083 0.012 0.038 
 46 QAc-G-0050    (0)    4 :  0.203 0.005 0.004 0.099 0.014 0.166 0.150 0.012 0.083 0.067 0.007 0.067 0.098 0.024 
 47 QAc-G-0052    (0)    4 :  0.011 0.005 0.006 0.011 0.004 0.010 0.011 0.008 0.008 0.006 0.020 0.010 0.883 0.009 
 48 QAc-G-0056    (0)    4 :  0.251 0.008 0.009 0.115 0.007 0.205 0.190 0.029 0.017 0.020 0.010 0.063 0.045 0.031 
 49 QAc-G-0276    (0)    5 :  0.008 0.022 0.012 0.009 0.879 0.008 0.009 0.005 0.007 0.005 0.003 0.013 0.007 0.011 
 50 QAc-G-0280    (6)    5 :  0.018 0.033 0.021 0.018 0.797 0.017 0.020 0.008 0.011 0.007 0.005 0.020 0.011 0.015 
 51 QAc-G-0018    (0)    6 :  0.011 0.008 0.849 0.010 0.005 0.011 0.011 0.006 0.019 0.017 0.006 0.022 0.012 0.011 
 52 QAc-G-0017    (0)    6 :  0.052 0.004 0.018 0.078 0.019 0.055 0.051 0.018 0.019 0.236 0.339 0.046 0.004 0.061 
 53 QAc-G-0250    (0)    7 :  0.041 0.011 0.006 0.044 0.550 0.041 0.044 0.007 0.128 0.038 0.011 0.043 0.009 0.027 
 54 QAc-G-0003    (6)    8 :  0.006 0.007 0.007 0.005 0.922 0.005 0.006 0.008 0.008 0.005 0.005 0.006 0.006 0.005 
 55 QAc-G-0283    (0)    9 :  0.098 0.005 0.008 0.112 0.017 0.122 0.073 0.070 0.013 0.011 0.005 0.076 0.005 0.384 
 56 QAc-G-0255    (0)   10 :  0.046 0.034 0.009 0.103 0.006 0.046 0.051 0.007 0.019 0.563 0.009 0.052 0.004 0.050 
 57 QAc-G-0256    (0)   10 :  0.007 0.008 0.008 0.058 0.020 0.007 0.008 0.004 0.008 0.832 0.018 0.009 0.006 0.007 
 58 QAc-G-0257    (0)   10 :  0.022 0.004 0.006 0.058 0.004 0.022 0.019 0.018 0.010 0.711 0.082 0.019 0.012 0.011 
 59 QAc-G-0259    (0)   10 :  0.258 0.007 0.003 0.146 0.003 0.235 0.229 0.006 0.005 0.011 0.003 0.077 0.003 0.014 
 60 QAc-G-0260    (0)   10 :  0.165 0.010 0.009 0.097 0.036 0.153 0.135 0.034 0.012 0.060 0.193 0.066 0.008 0.020 
 61 QAc-G-0261    (0)   10 :  0.056 0.005 0.011 0.051 0.005 0.047 0.051 0.005 0.014 0.015 0.634 0.040 0.006 0.061 
 62 QAc-G-0109    (0)   11 :  0.095 0.005 0.018 0.092 0.008 0.097 0.072 0.027 0.010 0.369 0.076 0.047 0.015 0.069 
 63 QAc-G-0113    (0)   11 :  0.036 0.005 0.012 0.061 0.031 0.032 0.036 0.007 0.107 0.589 0.029 0.018 0.022 0.015 
 64 QAc-G-0114    (0)   11 :  0.051 0.106 0.021 0.077 0.010 0.050 0.042 0.005 0.015 0.560 0.005 0.031 0.007 0.021 
 65 QAc-G-0117    (0)   11 :  0.073 0.051 0.067 0.078 0.027 0.071 0.077 0.008 0.117 0.144 0.086 0.106 0.014 0.082 
 66 QAc-G-0120    (0)   11 :  0.166 0.012 0.013 0.113 0.007 0.174 0.131 0.010 0.015 0.229 0.008 0.062 0.009 0.052 
 67 QAc-G-0125    (0)   11 :  0.028 0.006 0.004 0.021 0.046 0.025 0.026 0.024 0.008 0.019 0.711 0.018 0.043 0.020 
 68 QAc-G-0141    (0)   11 :  0.094 0.015 0.039 0.102 0.025 0.100 0.107 0.021 0.093 0.084 0.024 0.108 0.028 0.160 
 69 QAc-G-0143    (0)   11 :  0.163 0.005 0.009 0.224 0.006 0.208 0.201 0.004 0.007 0.005 0.003 0.097 0.005 0.063 
 70 QAc-G-0147    (0)   11 :  0.060 0.010 0.031 0.037 0.012 0.049 0.050 0.072 0.035 0.076 0.504 0.031 0.009 0.024 
 71 QAc-G-0174    (0)   11 :  0.004 0.004 0.006 0.004 0.941 0.004 0.004 0.005 0.007 0.005 0.004 0.004 0.004 0.004 
 72 QAc-G-0182    (0)   11 :  0.007 0.004 0.004 0.005 0.926 0.006 0.007 0.004 0.005 0.005 0.013 0.005 0.003 0.005 
 73 QAc-G-0188    (0)   11 :  0.091 0.020 0.009 0.104 0.144 0.098 0.091 0.005 0.030 0.266 0.008 0.064 0.004 0.067 
 74 QAc-G-0229    (0)   11 :  0.010 0.007 0.885 0.011 0.006 0.010 0.011 0.011 0.007 0.008 0.004 0.010 0.007 0.013 
 75 QAc-G-0233    (0)   11 :  0.128 0.329 0.014 0.077 0.005 0.102 0.094 0.103 0.011 0.007 0.009 0.053 0.041 0.027 
 76 QAc-G-0237    (0)   11 :  0.025 0.024 0.633 0.025 0.008 0.023 0.022 0.012 0.024 0.023 0.047 0.087 0.019 0.026 
 77 QAc-G-0243    (0)   11 :  0.069 0.099 0.016 0.099 0.005 0.078 0.083 0.027 0.038 0.008 0.060 0.217 0.013 0.187 
 78 QAc-G-0249    (0)   12 :  0.086 0.024 0.013 0.062 0.019 0.088 0.066 0.516 0.012 0.010 0.003 0.045 0.015 0.042 
 79 QAc-W-0001    (0)   13 :  0.008 0.870 0.038 0.008 0.003 0.008 0.008 0.005 0.005 0.012 0.012 0.008 0.004 0.009 
 80 QAc-W-0002    (0)   13 :  0.028 0.021 0.658 0.033 0.019 0.032 0.037 0.013 0.015 0.028 0.004 0.065 0.007 0.040 
 81 QAc-W-0003    (0)   13 :  0.016 0.792 0.020 0.016 0.024 0.015 0.017 0.005 0.012 0.015 0.012 0.018 0.022 0.017 
 82 QAc-W-0004    (0)   13 :  0.005 0.917 0.017 0.006 0.005 0.005 0.005 0.005 0.005 0.004 0.004 0.009 0.007 0.005 
 83 QAc-W-0005    (0)   13 :  0.006 0.920 0.007 0.007 0.006 0.007 0.007 0.006 0.005 0.005 0.005 0.008 0.004 0.008 
 84 QAc-W-0007   (13)   13 :  0.007 0.899 0.016 0.009 0.005 0.007 0.007 0.008 0.006 0.006 0.006 0.010 0.005 0.009 
 85 QAc-W-0008    (6)   13 :  0.038 0.724 0.016 0.034 0.008 0.034 0.037 0.016 0.021 0.010 0.005 0.031 0.004 0.022 
 86 QAc-W-0009    (0)   13 :  0.080 0.020 0.151 0.087 0.013 0.074 0.086 0.023 0.033 0.205 0.011 0.143 0.010 0.063 
 87 QAc-W-0010    (0)   13 :  0.019 0.713 0.011 0.027 0.012 0.021 0.022 0.031 0.022 0.020 0.037 0.039 0.006 0.021 
 88 QAc-W-0011    (0)   13 :  0.041 0.387 0.071 0.059 0.031 0.044 0.064 0.006 0.042 0.014 0.013 0.155 0.014 0.059 
 89 QAc-W-0012    (0)   13 :  0.026 0.655 0.119 0.022 0.011 0.021 0.027 0.014 0.021 0.011 0.011 0.031 0.012 0.019 
 90 QAc-W-0013    (0)   13 :  0.030 0.015 0.195 0.077 0.011 0.025 0.071 0.006 0.048 0.045 0.007 0.237 0.149 0.084 
 91 QAc-W-0014    (0)   13 :  0.011 0.858 0.017 0.013 0.007 0.010 0.012 0.018 0.009 0.004 0.005 0.017 0.005 0.013 
 92 QAc-W-0015    (0)   13 :  0.023 0.012 0.451 0.043 0.127 0.022 0.054 0.021 0.023 0.012 0.004 0.131 0.013 0.065 
 93 QAc-W-0017    (0)   13 :  0.093 0.012 0.047 0.119 0.034 0.123 0.119 0.048 0.031 0.016 0.007 0.115 0.025 0.212 
 94 QAc-W-0018    (0)   13 :  0.066 0.449 0.021 0.059 0.004 0.074 0.059 0.011 0.047 0.030 0.013 0.059 0.042 0.065 
 95 QAc-W-0020    (0)   13 :  0.018 0.825 0.008 0.020 0.005 0.019 0.021 0.004 0.010 0.004 0.010 0.014 0.004 0.038 
 96 QAc-W-0021    (0)   13 :  0.070 0.366 0.017 0.061 0.006 0.069 0.066 0.010 0.028 0.022 0.010 0.077 0.137 0.061 
 97 QAc-W-0022    (0)   13 :  0.089 0.023 0.116 0.109 0.040 0.086 0.096 0.037 0.039 0.008 0.008 0.156 0.012 0.181 
 98 QAc-W-0023    (6)   13 :  0.070 0.116 0.122 0.086 0.004 0.072 0.081 0.031 0.032 0.032 0.040 0.191 0.023 0.101 
 99 QAc-W-0024    (0)   13 :  0.046 0.414 0.024 0.056 0.018 0.051 0.050 0.010 0.012 0.010 0.006 0.057 0.113 0.132 
100 QAc-W-0025    (0)   13 :  0.030 0.374 0.365 0.026 0.005 0.031 0.030 0.011 0.018 0.012 0.004 0.042 0.020 0.030 
101 QAc-W-0026    (0)   13 :  0.047 0.491 0.056 0.035 0.049 0.048 0.040 0.031 0.019 0.015 0.021 0.035 0.094 0.019 
102 QAc-W-0027    (0)   13 :  0.015 0.078 0.781 0.013 0.004 0.015 0.016 0.012 0.009 0.012 0.004 0.022 0.005 0.015 
103 QAc-W-0028    (0)   13 :  0.023 0.609 0.141 0.031 0.009 0.024 0.026 0.009 0.010 0.007 0.004 0.041 0.004 0.062 
104 QAc-W-0029    (0)   13 :  0.023 0.249 0.169 0.072 0.003 0.025 0.057 0.004 0.059 0.012 0.016 0.215 0.007 0.089 
105 QAc-W-0032    (0)   13 :  0.009 0.860 0.020 0.012 0.003 0.009 0.009 0.008 0.007 0.004 0.020 0.018 0.006 0.016 
106 QAc-W-0033    (0)   13 :  0.145 0.163 0.021 0.098 0.007 0.144 0.126 0.022 0.075 0.019 0.030 0.092 0.015 0.043 
107 QAc-W-0035    (0)   13 :  0.050 0.128 0.446 0.044 0.020 0.046 0.050 0.027 0.038 0.009 0.008 0.078 0.021 0.036 
108 QAc-W-0037    (0)   13 :  0.011 0.025 0.836 0.011 0.007 0.011 0.012 0.007 0.010 0.006 0.018 0.024 0.013 0.009 
109 QAc-W-0038    (0)   13 :  0.070 0.209 0.098 0.082 0.021 0.079 0.063 0.010 0.016 0.015 0.012 0.081 0.007 0.236 
110 QAc-W-0040    (0)   13 :  0.022 0.656 0.017 0.023 0.009 0.024 0.024 0.135 0.006 0.009 0.028 0.019 0.014 0.014 
111 QAc-W-0041    (0)   13 :  0.031 0.039 0.410 0.050 0.014 0.031 0.061 0.010 0.047 0.032 0.005 0.146 0.069 0.055 
112 QAc-W-0042    (0)   14 :  0.016 0.007 0.017 0.049 0.024 0.015 0.025 0.006 0.073 0.416 0.271 0.044 0.017 0.022 
113 QAc-W-0044    (0)   14 :  0.023 0.009 0.078 0.075 0.133 0.024 0.062 0.029 0.052 0.082 0.168 0.184 0.005 0.077 
114 QAc-W-0045    (0)   14 :  0.018 0.007 0.016 0.061 0.009 0.015 0.015 0.005 0.056 0.739 0.028 0.014 0.008 0.009 
115 QAc-W-0048    (0)   14 :  0.035 0.011 0.013 0.065 0.005 0.034 0.025 0.005 0.016 0.668 0.074 0.021 0.016 0.011 
116 QAc-W-0050    (0)   14 :  0.026 0.004 0.009 0.031 0.008 0.025 0.021 0.012 0.554 0.244 0.021 0.017 0.006 0.022 
117 QAc-W-0051    (0)   14 :  0.016 0.007 0.006 0.014 0.015 0.013 0.016 0.004 0.648 0.126 0.094 0.014 0.015 0.010 
118 QAc-W-0052    (0)   14 :  0.005 0.009 0.005 0.005 0.006 0.004 0.005 0.004 0.004 0.006 0.932 0.005 0.003 0.005 
119 QAc-W-0053    (0)   14 :  0.013 0.008 0.008 0.063 0.007 0.012 0.013 0.007 0.016 0.803 0.018 0.015 0.005 0.011 
120 QAc-W-0054    (0)   14 :  0.083 0.009 0.012 0.081 0.145 0.088 0.083 0.021 0.198 0.062 0.103 0.068 0.009 0.036 
121 QAc-W-0056    (0)   14 :  0.090 0.048 0.076 0.059 0.010 0.095 0.076 0.011 0.383 0.044 0.008 0.045 0.011 0.045 
122 QAc-W-0057    (0)   14 :  0.038 0.007 0.016 0.034 0.035 0.034 0.037 0.017 0.546 0.146 0.011 0.026 0.028 0.027 
123 QAc-W-0060    (0)   14 :  0.012 0.004 0.027 0.010 0.831 0.011 0.011 0.012 0.007 0.007 0.046 0.010 0.005 0.008 
124 QAc-W-0061    (0)   14 :  0.052 0.013 0.033 0.041 0.545 0.050 0.054 0.075 0.023 0.022 0.006 0.035 0.013 0.039 
125 QAc-W-0062    (0)   14 :  0.006 0.004 0.005 0.006 0.912 0.006 0.005 0.011 0.006 0.005 0.015 0.005 0.007 0.006 
126 QAc-W-0063    (0)   14 :  0.017 0.013 0.005 0.014 0.790 0.014 0.015 0.012 0.008 0.008 0.062 0.013 0.017 0.011 
127 QAc-W-0064    (0)   14 :  0.010 0.014 0.006 0.009 0.883 0.011 0.009 0.010 0.009 0.007 0.005 0.008 0.008 0.011 
128 QAc-W-0065    (0)   14 :  0.021 0.009 0.022 0.021 0.765 0.020 0.020 0.021 0.021 0.010 0.007 0.013 0.012 0.039 
129 QAc-W-0066    (0)   14 :  0.004 0.004 0.006 0.004 0.947 0.004 0.004 0.003 0.003 0.003 0.003 0.005 0.007 0.004 
130 QAc-W-0072    (0)   14 :  0.026 0.019 0.006 0.027 0.453 0.032 0.027 0.196 0.142 0.017 0.006 0.023 0.009 0.017 
131 QAc-W-0073    (0)   14 :  0.018 0.009 0.011 0.021 0.766 0.021 0.020 0.012 0.026 0.024 0.011 0.023 0.013 0.027 
132 QAc-W-0077    (0)   14 :  0.004 0.005 0.005 0.005 0.939 0.004 0.004 0.005 0.006 0.006 0.005 0.005 0.003 0.004 
133 QAc-W-0078    (0)   15 :  0.046 0.016 0.022 0.036 0.016 0.045 0.036 0.020 0.010 0.006 0.018 0.031 0.678 0.020 
134 QAc-W-0079    (6)   15 :  0.006 0.005 0.008 0.006 0.007 0.006 0.006 0.007 0.005 0.006 0.004 0.006 0.922 0.005 
135 QAc-W-0081    (0)   15 :  0.006 0.008 0.005 0.006 0.005 0.007 0.007 0.004 0.006 0.005 0.009 0.008 0.919 0.005 
136 QAc-W-0082    (0)   15 :  0.006 0.003 0.006 0.006 0.004 0.007 0.006 0.004 0.443 0.066 0.003 0.005 0.433 0.007 
137 QAc-W-0083    (0)   15 :  0.009 0.008 0.007 0.009 0.023 0.009 0.008 0.010 0.014 0.008 0.009 0.009 0.867 0.009 
138 QAc-W-0086    (0)   15 :  0.009 0.007 0.009 0.008 0.009 0.008 0.009 0.009 0.011 0.007 0.005 0.009 0.892 0.009 
139 QAc-W-0087    (0)   15 :  0.006 0.004 0.005 0.006 0.004 0.006 0.006 0.007 0.005 0.008 0.003 0.005 0.929 0.006 
140 QAc-W-0088    (0)   15 :  0.020 0.006 0.012 0.018 0.006 0.021 0.019 0.007 0.009 0.011 0.004 0.016 0.836 0.014 
141 QAc-W-0092    (0)   15 :  0.029 0.026 0.102 0.022 0.008 0.025 0.031 0.011 0.010 0.015 0.020 0.039 0.640 0.023 
142 QAc-W-0093    (0)   15 :  0.026 0.029 0.019 0.026 0.004 0.027 0.029 0.014 0.014 0.011 0.010 0.023 0.729 0.039 
143 QAc-W-0094    (0)   15 :  0.044 0.055 0.009 0.043 0.027 0.043 0.049 0.008 0.016 0.029 0.263 0.038 0.321 0.056 
144 QAc-W-0097    (0)   15 :  0.034 0.027 0.075 0.031 0.007 0.031 0.031 0.006 0.012 0.013 0.017 0.041 0.640 0.035 
145 QAc-W-0099    (0)   15 :  0.046 0.004 0.011 0.041 0.005 0.045 0.042 0.018 0.021 0.018 0.021 0.042 0.660 0.026 
146 QAc-W-0107    (0)   15 :  0.010 0.006 0.006 0.009 0.029 0.010 0.008 0.007 0.009 0.005 0.007 0.008 0.875 0.011 
147 QAc-W-0115    (0)   16 :  0.014 0.012 0.021 0.011 0.007 0.012 0.011 0.861 0.006 0.005 0.006 0.012 0.010 0.011 
148 QAc-W-0116    (0)   16 :  0.036 0.008 0.019 0.032 0.003 0.035 0.036 0.711 0.015 0.022 0.014 0.028 0.007 0.033 
149 QAc-W-0117    (0)   16 :  0.010 0.005 0.008 0.013 0.004 0.012 0.012 0.866 0.006 0.010 0.004 0.020 0.003 0.028 
150 QAc-W-0118    (0)   16 :  0.015 0.007 0.006 0.013 0.042 0.015 0.015 0.812 0.010 0.009 0.005 0.013 0.020 0.017 
151 QAc-W-0119    (0)   16 :  0.027 0.006 0.008 0.022 0.011 0.028 0.026 0.787 0.019 0.008 0.007 0.022 0.008 0.022 
152 QAc-W-0120    (0)   16 :  0.040 0.010 0.009 0.030 0.017 0.040 0.043 0.729 0.010 0.012 0.005 0.026 0.011 0.018 
153 QAc-W-0121    (0)   16 :  0.021 0.007 0.006 0.019 0.039 0.019 0.019 0.774 0.036 0.012 0.004 0.027 0.004 0.014 
154 QAc-W-0122    (0)   16 :  0.030 0.021 0.007 0.044 0.006 0.034 0.035 0.657 0.011 0.011 0.004 0.052 0.006 0.083 
155 QAc-W-0123    (6)   16 :  0.027 0.004 0.016 0.026 0.009 0.027 0.025 0.747 0.006 0.010 0.021 0.022 0.011 0.049 
156 QAc-W-0124    (0)   16 :  0.025 0.019 0.046 0.020 0.089 0.024 0.024 0.612 0.008 0.004 0.007 0.024 0.081 0.015 
157 QAc-W-0125    (0)   16 :  0.012 0.008 0.010 0.013 0.006 0.014 0.012 0.855 0.007 0.009 0.007 0.012 0.017 0.016 
158 QAc-W-0132    (6)   16 :  0.036 0.018 0.047 0.027 0.053 0.034 0.031 0.611 0.011 0.008 0.024 0.032 0.039 0.029 
159 QAc-W-0134    (0)   16 :  0.006 0.005 0.007 0.006 0.006 0.006 0.006 0.925 0.004 0.005 0.007 0.007 0.006 0.005 
160 QAc-W-0135    (0)   16 :  0.024 0.093 0.025 0.025 0.038 0.022 0.024 0.674 0.008 0.007 0.004 0.022 0.010 0.023 
161 QAc-W-0136    (0)   16 :  0.008 0.005 0.006 0.007 0.004 0.008 0.008 0.916 0.005 0.005 0.007 0.009 0.005 0.008 
162 QAc-W-0138    (0)   16 :  0.007 0.008 0.005 0.008 0.004 0.008 0.008 0.905 0.006 0.004 0.007 0.012 0.004 0.012 
163 QAc-W-0140    (0)   16 :  0.019 0.010 0.020 0.028 0.005 0.017 0.019 0.746 0.011 0.026 0.004 0.046 0.007 0.042 
164 QAc-W-0141    (6)   16 :  0.073 0.020 0.051 0.123 0.017 0.089 0.076 0.120 0.025 0.020 0.008 0.128 0.009 0.241 
165 QAc-W-0142    (0)   16 :  0.007 0.004 0.004 0.007 0.014 0.007 0.007 0.911 0.011 0.006 0.004 0.007 0.005 0.006 
166 QAc-W-0143    (0)   16 :  0.015 0.007 0.005 0.013 0.004 0.016 0.015 0.843 0.013 0.011 0.006 0.013 0.029 0.011 
167 QAc-W-0145    (0)   16 :  0.011 0.004 0.005 0.011 0.005 0.011 0.010 0.899 0.005 0.006 0.004 0.012 0.004 0.013 
168 QAc-W-0148    (0)   16 :  0.007 0.007 0.012 0.007 0.005 0.006 0.006 0.914 0.006 0.006 0.007 0.008 0.004 0.007 
169 QAc-W-0149    (0)   16 :  0.059 0.015 0.007 0.082 0.010 0.057 0.065 0.406 0.031 0.020 0.038 0.117 0.010 0.082 
170 QAc-W-0150    (0)   16 :  0.042 0.095 0.040 0.069 0.007 0.050 0.052 0.432 0.032 0.008 0.018 0.075 0.030 0.049 
171 QAc-W-0151    (0)   16 :  0.016 0.011 0.054 0.016 0.005 0.017 0.015 0.803 0.008 0.006 0.006 0.014 0.011 0.016 
172 QAc-W-0152    (0)   16 :  0.011 0.005 0.009 0.010 0.020 0.009 0.010 0.871 0.013 0.012 0.006 0.009 0.004 0.010 
173 QAc-W-0153    (0)   16 :  0.077 0.006 0.031 0.117 0.015 0.092 0.070 0.017 0.011 0.006 0.004 0.104 0.022 0.430 
174 QAc-W-0154    (0)   16 :  0.035 0.047 0.008 0.029 0.004 0.034 0.030 0.738 0.009 0.007 0.004 0.026 0.006 0.023 
175 QAc-W-0157    (0)   16 :  0.061 0.005 0.021 0.044 0.018 0.060 0.047 0.623 0.010 0.013 0.029 0.036 0.004 0.029 
176 QAc-W-0158    (0)   16 :  0.022 0.043 0.072 0.025 0.019 0.021 0.029 0.633 0.013 0.007 0.008 0.050 0.030 0.028 
177 QAc-W-0159    (0)   16 :  0.010 0.008 0.007 0.009 0.003 0.010 0.010 0.889 0.010 0.006 0.008 0.011 0.008 0.010 
178 QAc-W-0160    (0)   16 :  0.032 0.024 0.020 0.025 0.005 0.026 0.021 0.772 0.010 0.005 0.004 0.030 0.009 0.018 
179 QAc-W-0162    (0)   16 :  0.020 0.004 0.004 0.017 0.035 0.018 0.014 0.739 0.052 0.034 0.023 0.013 0.008 0.019 
180 QAc-W-0163    (0)   16 :  0.042 0.007 0.008 0.026 0.009 0.042 0.041 0.593 0.121 0.054 0.011 0.025 0.005 0.017 
181 QAc-W-0164    (0)   16 :  0.031 0.007 0.008 0.027 0.026 0.036 0.033 0.737 0.021 0.012 0.011 0.019 0.012 0.021 
182 QAc-W-0167    (0)   17 :  0.074 0.006 0.006 0.113 0.009 0.098 0.057 0.008 0.014 0.011 0.007 0.076 0.020 0.500 
183 QAc-W-0168    (0)   17 :  0.150 0.011 0.020 0.112 0.047 0.139 0.140 0.141 0.016 0.016 0.009 0.080 0.015 0.103 
184 QAc-W-0169    (0)   17 :  0.201 0.019 0.016 0.151 0.012 0.179 0.168 0.006 0.051 0.020 0.004 0.091 0.005 0.076 
185 QAc-W-0170    (0)   17 :  0.161 0.011 0.057 0.122 0.004 0.177 0.147 0.012 0.015 0.009 0.005 0.097 0.008 0.174 
186 QAc-W-0172    (0)   17 :  0.233 0.009 0.010 0.132 0.002 0.213 0.166 0.007 0.020 0.006 0.014 0.087 0.010 0.090 
187 QAc-W-0173    (0)   17 :  0.043 0.012 0.015 0.110 0.007 0.079 0.046 0.015 0.008 0.005 0.005 0.100 0.006 0.548 
188 QAc-W-0174    (0)   17 :  0.065 0.005 0.008 0.109 0.014 0.090 0.064 0.009 0.015 0.011 0.004 0.095 0.006 0.505 


Estimated Allele Frequencies in each cluster
First column gives estimated ancestral frequencies


Locus 1 : 
18 alleles
0.0% missing data
 210   (0.114) 0.114 0.019 0.073 0.121 0.009 0.116 0.112 0.186 0.087 0.241 0.031 0.100 0.148 0.106 
 212   (0.120) 0.120 0.054 0.395 0.123 0.098 0.121 0.124 0.077 0.100 0.039 0.024 0.133 0.271 0.115 
 202   (0.060) 0.060 0.070 0.035 0.051 0.004 0.059 0.055 0.006 0.024 0.019 0.288 0.038 0.137 0.043 
 226   (0.035) 0.035 0.004 0.004 0.028 0.200 0.034 0.032 0.004 0.033 0.025 0.220 0.019 0.016 0.018 
 216   (0.079) 0.079 0.022 0.010 0.067 0.022 0.076 0.074 0.131 0.039 0.051 0.193 0.056 0.169 0.050 
 200   (0.236) 0.236 0.501 0.380 0.280 0.314 0.239 0.267 0.156 0.188 0.198 0.114 0.393 0.090 0.331 
 224   (0.043) 0.043 0.011 0.027 0.042 0.145 0.043 0.046 0.005 0.025 0.012 0.010 0.050 0.013 0.047 
 218   (0.056) 0.056 0.084 0.011 0.046 0.005 0.056 0.052 0.155 0.049 0.017 0.010 0.038 0.104 0.035 
 228   (0.012) 0.012 0.001 0.001 0.008 0.072 0.011 0.011 0.001 0.004 0.003 0.002 0.006 0.001 0.005 
 214   (0.062) 0.062 0.007 0.007 0.060 0.119 0.062 0.058 0.022 0.387 0.183 0.043 0.040 0.008 0.053 
 208   (0.060) 0.060 0.207 0.041 0.068 0.004 0.062 0.060 0.006 0.025 0.077 0.018 0.059 0.027 0.103 
 220   (0.031) 0.031 0.004 0.006 0.030 0.002 0.032 0.030 0.010 0.012 0.009 0.006 0.021 0.004 0.040 
 196   (0.012) 0.012 0.001 0.001 0.009 0.001 0.011 0.011 0.001 0.004 0.003 0.002 0.006 0.002 0.005 
 238   (0.011) 0.011 0.001 0.001 0.009 0.001 0.011 0.009 0.001 0.003 0.002 0.002 0.007 0.001 0.016 
 206   (0.021) 0.021 0.003 0.002 0.019 0.001 0.020 0.019 0.026 0.008 0.056 0.005 0.012 0.003 0.010 
 190   (0.010) 0.010 0.001 0.001 0.008 0.001 0.010 0.009 0.001 0.003 0.002 0.002 0.005 0.001 0.004 
 222   (0.024) 0.024 0.008 0.003 0.018 0.002 0.023 0.021 0.209 0.007 0.006 0.028 0.014 0.004 0.012 
 232   (0.013) 0.013 0.001 0.001 0.013 0.001 0.012 0.011 0.001 0.005 0.058 0.004 0.006 0.002 0.005 

Locus 2 : 
15 alleles
2.1% missing data
 171   (0.216) 0.216 0.314 0.418 0.240 0.021 0.216 0.224 0.060 0.246 0.432 0.241 0.258 0.181 0.216 
 175   (0.100) 0.100 0.048 0.055 0.086 0.024 0.099 0.099 0.024 0.226 0.045 0.198 0.085 0.255 0.067 
 185   (0.051) 0.051 0.008 0.006 0.044 0.005 0.051 0.048 0.223 0.025 0.014 0.012 0.036 0.080 0.036 
 179   (0.067) 0.067 0.008 0.009 0.062 0.329 0.068 0.062 0.276 0.032 0.018 0.246 0.053 0.008 0.092 
 181   (0.091) 0.091 0.037 0.132 0.097 0.260 0.091 0.097 0.010 0.096 0.124 0.031 0.111 0.343 0.099 
 173   (0.182) 0.182 0.185 0.225 0.190 0.234 0.180 0.189 0.189 0.206 0.173 0.181 0.246 0.041 0.172 
 177   (0.035) 0.035 0.004 0.004 0.028 0.101 0.034 0.031 0.090 0.040 0.013 0.006 0.021 0.004 0.022 
 187   (0.095) 0.095 0.110 0.118 0.097 0.015 0.100 0.095 0.022 0.071 0.048 0.019 0.074 0.012 0.153 
 183   (0.063) 0.063 0.008 0.008 0.070 0.004 0.064 0.060 0.082 0.025 0.089 0.018 0.053 0.022 0.087 
 189   (0.035) 0.035 0.270 0.019 0.029 0.002 0.033 0.034 0.017 0.014 0.009 0.006 0.026 0.004 0.022 
 191   (0.020) 0.020 0.003 0.002 0.017 0.001 0.019 0.018 0.002 0.007 0.025 0.034 0.012 0.044 0.012 
 163   (0.012) 0.012 0.001 0.001 0.009 0.001 0.011 0.010 0.001 0.003 0.003 0.002 0.006 0.001 0.005 
 165   (0.011) 0.011 0.001 0.001 0.008 0.001 0.011 0.010 0.001 0.003 0.003 0.002 0.005 0.001 0.005 
 193   (0.012) 0.012 0.001 0.001 0.012 0.001 0.012 0.013 0.001 0.003 0.003 0.002 0.007 0.001 0.006 
 167   (0.012) 0.012 0.001 0.001 0.009 0.001 0.012 0.010 0.001 0.004 0.003 0.002 0.007 0.001 0.007 

Locus 3 : 
4 alleles
1.1% missing data
 206   (0.885) 0.885 0.698 0.984 0.896 0.943 0.885 0.896 0.986 0.929 0.904 0.876 0.925 0.974 0.894 
 208   (0.060) 0.060 0.295 0.010 0.054 0.022 0.060 0.054 0.008 0.053 0.065 0.012 0.038 0.008 0.045 
 204   (0.040) 0.040 0.005 0.005 0.034 0.034 0.039 0.036 0.005 0.014 0.027 0.110 0.023 0.016 0.025 
 212   (0.016) 0.016 0.002 0.002 0.017 0.001 0.017 0.014 0.002 0.005 0.004 0.002 0.013 0.002 0.036 

Locus 4 : 
15 alleles
1.1% missing data
 165   (0.083) 0.083 0.015 0.032 0.090 0.168 0.083 0.084 0.009 0.077 0.026 0.053 0.114 0.454 0.124 
 163   (0.195) 0.195 0.093 0.063 0.226 0.032 0.204 0.200 0.282 0.183 0.259 0.089 0.232 0.030 0.310 
 167   (0.148) 0.148 0.240 0.190 0.134 0.009 0.147 0.142 0.143 0.159 0.107 0.464 0.119 0.074 0.138 
 161   (0.346) 0.346 0.473 0.675 0.343 0.777 0.342 0.357 0.499 0.457 0.432 0.327 0.374 0.135 0.276 
 153   (0.015) 0.015 0.009 0.003 0.015 0.001 0.014 0.016 0.002 0.009 0.004 0.003 0.027 0.002 0.012 
 173   (0.031) 0.031 0.003 0.003 0.028 0.002 0.030 0.031 0.003 0.044 0.026 0.006 0.017 0.255 0.015 
 171   (0.040) 0.041 0.005 0.004 0.043 0.003 0.041 0.040 0.005 0.019 0.046 0.033 0.032 0.006 0.041 
 179   (0.012) 0.012 0.002 0.003 0.010 0.001 0.012 0.010 0.001 0.004 0.003 0.002 0.007 0.001 0.008 
 157   (0.021) 0.021 0.142 0.012 0.017 0.001 0.020 0.019 0.002 0.008 0.015 0.004 0.014 0.003 0.011 
 149   (0.011) 0.011 0.001 0.001 0.010 0.001 0.011 0.010 0.001 0.005 0.025 0.002 0.005 0.001 0.005 
 177   (0.022) 0.022 0.003 0.004 0.021 0.001 0.022 0.021 0.003 0.010 0.006 0.005 0.019 0.014 0.022 
 155   (0.020) 0.020 0.007 0.002 0.015 0.001 0.019 0.018 0.003 0.006 0.005 0.003 0.011 0.003 0.009 
 175   (0.013) 0.013 0.001 0.001 0.010 0.001 0.012 0.011 0.001 0.004 0.008 0.002 0.006 0.001 0.006 
 169   (0.023) 0.023 0.003 0.003 0.022 0.001 0.023 0.023 0.002 0.008 0.033 0.004 0.013 0.019 0.012 
 159   (0.020) 0.020 0.002 0.002 0.015 0.001 0.020 0.018 0.045 0.006 0.005 0.003 0.011 0.002 0.011 

Locus 5 : 
16 alleles
0.0% missing data
 148   (0.122) 0.122 0.110 0.196 0.120 0.197 0.121 0.117 0.051 0.043 0.091 0.028 0.104 0.281 0.108 
 160   (0.026) 0.026 0.004 0.004 0.021 0.002 0.025 0.024 0.003 0.008 0.025 0.057 0.018 0.057 0.014 
 154   (0.079) 0.079 0.020 0.010 0.075 0.066 0.085 0.080 0.230 0.079 0.027 0.064 0.059 0.029 0.073 
 150   (0.064) 0.064 0.064 0.030 0.062 0.012 0.062 0.065 0.007 0.346 0.098 0.013 0.066 0.011 0.044 
 138   (0.123) 0.123 0.026 0.058 0.111 0.089 0.121 0.118 0.244 0.064 0.091 0.324 0.119 0.151 0.115 
 166   (0.031) 0.031 0.036 0.005 0.034 0.002 0.030 0.027 0.003 0.011 0.179 0.239 0.016 0.015 0.014 
 146   (0.094) 0.094 0.036 0.031 0.087 0.300 0.094 0.089 0.017 0.037 0.089 0.082 0.068 0.166 0.103 
 164   (0.017) 0.017 0.002 0.002 0.013 0.001 0.016 0.015 0.002 0.005 0.004 0.037 0.009 0.002 0.009 
 142   (0.019) 0.018 0.002 0.002 0.013 0.002 0.017 0.016 0.016 0.174 0.023 0.003 0.010 0.002 0.008 
 144   (0.144) 0.144 0.069 0.386 0.164 0.292 0.145 0.154 0.145 0.091 0.227 0.058 0.185 0.027 0.186 
 140   (0.079) 0.079 0.191 0.239 0.077 0.006 0.081 0.081 0.212 0.026 0.020 0.015 0.074 0.020 0.108 
 158   (0.043) 0.043 0.009 0.010 0.051 0.003 0.042 0.051 0.019 0.029 0.029 0.028 0.087 0.086 0.043 
 162   (0.029) 0.029 0.003 0.005 0.026 0.002 0.030 0.028 0.003 0.019 0.010 0.005 0.019 0.125 0.039 
 152   (0.092) 0.092 0.423 0.016 0.107 0.024 0.093 0.099 0.043 0.055 0.038 0.019 0.138 0.013 0.103 
 134   (0.018) 0.018 0.003 0.002 0.020 0.001 0.018 0.018 0.002 0.007 0.044 0.003 0.012 0.002 0.013 
 156   (0.021) 0.021 0.003 0.004 0.018 0.001 0.021 0.020 0.002 0.007 0.006 0.023 0.014 0.013 0.019 

Locus 6 : 
12 alleles
0.0% missing data
 225   (0.046) 0.046 0.013 0.005 0.039 0.140 0.046 0.042 0.019 0.035 0.014 0.008 0.031 0.122 0.037 
 239   (0.101) 0.101 0.014 0.111 0.098 0.332 0.100 0.104 0.016 0.057 0.054 0.255 0.106 0.030 0.085 
 229   (0.015) 0.015 0.002 0.002 0.012 0.001 0.015 0.014 0.001 0.005 0.004 0.002 0.011 0.276 0.008 
 235   (0.284) 0.284 0.273 0.415 0.284 0.278 0.285 0.286 0.497 0.473 0.165 0.092 0.294 0.372 0.327 
 237   (0.217) 0.217 0.203 0.272 0.226 0.147 0.222 0.220 0.167 0.172 0.176 0.069 0.212 0.040 0.262 
 233   (0.104) 0.104 0.451 0.161 0.098 0.086 0.100 0.107 0.015 0.086 0.094 0.247 0.129 0.066 0.078 
 227   (0.034) 0.034 0.004 0.004 0.049 0.002 0.033 0.031 0.003 0.031 0.365 0.265 0.018 0.004 0.017 
 245   (0.069) 0.069 0.024 0.014 0.074 0.005 0.069 0.076 0.141 0.042 0.024 0.022 0.100 0.009 0.070 
 241   (0.038) 0.038 0.007 0.005 0.033 0.003 0.037 0.036 0.024 0.033 0.036 0.015 0.025 0.070 0.022 
 231   (0.051) 0.051 0.005 0.006 0.053 0.003 0.054 0.048 0.051 0.047 0.028 0.018 0.042 0.006 0.072 
 243   (0.029) 0.029 0.003 0.005 0.026 0.002 0.028 0.027 0.064 0.016 0.039 0.005 0.027 0.004 0.018 
 251   (0.012) 0.012 0.001 0.001 0.009 0.001 0.011 0.011 0.001 0.003 0.003 0.002 0.006 0.001 0.005 

Locus 7 : 
5 alleles
0.0% missing data
 118   (0.917) 0.917 0.922 0.941 0.928 0.995 0.919 0.922 0.991 0.672 0.950 0.693 0.929 0.989 0.930 
 124   (0.041) 0.041 0.073 0.054 0.037 0.002 0.039 0.040 0.004 0.016 0.010 0.299 0.043 0.005 0.027 
 116   (0.014) 0.014 0.001 0.001 0.009 0.001 0.013 0.012 0.001 0.302 0.033 0.002 0.007 0.003 0.005 
 114   (0.016) 0.016 0.003 0.002 0.016 0.001 0.017 0.015 0.002 0.006 0.004 0.004 0.016 0.002 0.031 
 122   (0.012) 0.012 0.001 0.001 0.010 0.001 0.012 0.011 0.001 0.004 0.003 0.002 0.006 0.001 0.007 

Locus 8 : 
5 alleles
0.0% missing data
 135   (0.057) 0.057 0.014 0.030 0.073 0.008 0.057 0.066 0.027 0.034 0.014 0.010 0.113 0.024 0.068 
 139   (0.737) 0.737 0.925 0.909 0.741 0.947 0.743 0.739 0.679 0.606 0.650 0.947 0.748 0.817 0.813 
 137   (0.155) 0.155 0.055 0.055 0.145 0.042 0.151 0.148 0.229 0.341 0.323 0.034 0.111 0.152 0.092 
 143   (0.037) 0.037 0.004 0.004 0.030 0.002 0.036 0.034 0.035 0.015 0.010 0.006 0.021 0.004 0.021 
 141   (0.014) 0.014 0.002 0.002 0.010 0.001 0.013 0.012 0.029 0.004 0.003 0.002 0.007 0.002 0.006 

Locus 9 : 
11 alleles
0.0% missing data
 116   (0.290) 0.290 0.505 0.276 0.310 0.263 0.289 0.311 0.309 0.232 0.130 0.117 0.394 0.429 0.301 
 112   (0.084) 0.084 0.038 0.081 0.076 0.213 0.084 0.079 0.185 0.040 0.022 0.015 0.066 0.058 0.087 
 122   (0.058) 0.058 0.010 0.007 0.062 0.361 0.056 0.053 0.010 0.160 0.253 0.310 0.041 0.007 0.033 
 114   (0.225) 0.225 0.359 0.342 0.227 0.025 0.228 0.221 0.289 0.095 0.222 0.058 0.214 0.082 0.263 
 120   (0.041) 0.041 0.005 0.143 0.031 0.009 0.039 0.037 0.019 0.013 0.011 0.204 0.026 0.005 0.021 
 130   (0.039) 0.039 0.006 0.041 0.042 0.002 0.037 0.042 0.004 0.020 0.073 0.154 0.062 0.005 0.029 
 118   (0.127) 0.127 0.042 0.080 0.120 0.016 0.130 0.126 0.141 0.056 0.054 0.116 0.111 0.396 0.146 
 124   (0.058) 0.058 0.007 0.007 0.051 0.104 0.058 0.054 0.034 0.181 0.082 0.010 0.034 0.008 0.051 
 126   (0.041) 0.041 0.010 0.019 0.042 0.003 0.040 0.038 0.004 0.191 0.144 0.010 0.027 0.007 0.024 
 108   (0.015) 0.015 0.002 0.002 0.018 0.001 0.016 0.019 0.002 0.004 0.003 0.002 0.010 0.002 0.009 
 128   (0.022) 0.022 0.017 0.003 0.021 0.002 0.023 0.021 0.003 0.007 0.006 0.004 0.015 0.003 0.035 

Locus 10 : 
4 alleles
0.0% missing data
 232   (0.890) 0.890 0.987 0.943 0.885 0.993 0.892 0.893 0.928 0.957 0.716 0.971 0.923 0.986 0.933 
 238   (0.082) 0.082 0.011 0.054 0.086 0.005 0.080 0.077 0.069 0.035 0.278 0.025 0.060 0.010 0.049 
 234   (0.016) 0.016 0.002 0.002 0.018 0.001 0.016 0.019 0.002 0.004 0.004 0.002 0.010 0.002 0.009 
 244   (0.012) 0.012 0.001 0.001 0.010 0.001 0.012 0.011 0.001 0.003 0.003 0.002 0.007 0.001 0.009 

Locus 11 : 
7 alleles
0.0% missing data
 165   (0.763) 0.763 0.918 0.777 0.779 0.781 0.762 0.768 0.925 0.592 0.867 0.923 0.813 0.914 0.785 
 167   (0.074) 0.074 0.010 0.013 0.059 0.209 0.072 0.068 0.031 0.313 0.044 0.025 0.043 0.059 0.040 
 161   (0.112) 0.113 0.067 0.204 0.121 0.007 0.116 0.116 0.012 0.081 0.077 0.044 0.116 0.022 0.151 
 155   (0.012) 0.012 0.001 0.001 0.009 0.001 0.012 0.011 0.001 0.003 0.003 0.002 0.006 0.001 0.005 
 173   (0.014) 0.014 0.001 0.001 0.013 0.001 0.013 0.014 0.001 0.004 0.003 0.002 0.008 0.002 0.007 
 163   (0.013) 0.013 0.001 0.001 0.009 0.001 0.012 0.011 0.029 0.004 0.003 0.002 0.007 0.002 0.006 
 171   (0.012) 0.012 0.001 0.001 0.010 0.001 0.012 0.011 0.001 0.004 0.003 0.002 0.007 0.001 0.007 

Locus 12 : 
8 alleles
0.0% missing data
 137   (0.509) 0.509 0.351 0.251 0.516 0.430 0.510 0.504 0.817 0.676 0.553 0.833 0.479 0.416 0.508 
 140   (0.162) 0.162 0.567 0.487 0.160 0.032 0.159 0.172 0.059 0.088 0.076 0.034 0.235 0.210 0.141 
 134   (0.251) 0.251 0.061 0.253 0.255 0.533 0.253 0.254 0.088 0.211 0.309 0.120 0.238 0.364 0.262 
 149   (0.012) 0.012 0.001 0.001 0.009 0.001 0.011 0.011 0.001 0.003 0.003 0.002 0.006 0.002 0.005 
 143   (0.016) 0.016 0.002 0.002 0.015 0.001 0.015 0.014 0.002 0.006 0.041 0.004 0.009 0.002 0.008 
 128   (0.012) 0.012 0.001 0.001 0.010 0.001 0.012 0.011 0.001 0.004 0.008 0.002 0.006 0.001 0.006 
 125   (0.021) 0.021 0.014 0.003 0.015 0.001 0.020 0.018 0.031 0.007 0.005 0.003 0.011 0.003 0.010 
 146   (0.018) 0.018 0.002 0.002 0.020 0.001 0.020 0.016 0.002 0.005 0.004 0.003 0.015 0.002 0.060 

Locus 13 : 
19 alleles
0.5% missing data
 206   (0.130) 0.130 0.253 0.175 0.110 0.036 0.128 0.121 0.149 0.102 0.071 0.219 0.095 0.404 0.093 
 210   (0.096) 0.096 0.167 0.160 0.096 0.208 0.095 0.105 0.025 0.064 0.029 0.018 0.135 0.275 0.085 
 190   (0.073) 0.074 0.086 0.009 0.074 0.005 0.075 0.071 0.111 0.043 0.020 0.033 0.071 0.009 0.098 
 202   (0.085) 0.085 0.034 0.012 0.115 0.008 0.085 0.095 0.012 0.200 0.260 0.511 0.131 0.018 0.084 
 214   (0.036) 0.036 0.075 0.023 0.030 0.198 0.036 0.034 0.004 0.013 0.011 0.007 0.024 0.005 0.033 
 212   (0.034) 0.034 0.004 0.004 0.026 0.085 0.033 0.031 0.407 0.025 0.010 0.006 0.025 0.004 0.020 
 192   (0.108) 0.108 0.091 0.270 0.115 0.007 0.110 0.119 0.039 0.068 0.032 0.062 0.157 0.050 0.154 
 204   (0.035) 0.035 0.020 0.010 0.032 0.055 0.035 0.033 0.015 0.016 0.016 0.017 0.027 0.004 0.025 
 184   (0.053) 0.053 0.018 0.023 0.045 0.003 0.052 0.051 0.102 0.020 0.013 0.009 0.037 0.101 0.030 
 216   (0.021) 0.021 0.016 0.258 0.018 0.001 0.020 0.020 0.002 0.010 0.005 0.004 0.031 0.003 0.015 
 208   (0.043) 0.043 0.182 0.021 0.046 0.009 0.042 0.046 0.046 0.023 0.010 0.009 0.065 0.005 0.038 
 198   (0.038) 0.038 0.005 0.004 0.048 0.002 0.044 0.038 0.005 0.014 0.009 0.021 0.040 0.005 0.100 
 194   (0.073) 0.072 0.023 0.009 0.071 0.324 0.072 0.067 0.013 0.298 0.207 0.024 0.046 0.036 0.059 
 186   (0.019) 0.019 0.002 0.002 0.015 0.034 0.019 0.017 0.002 0.010 0.006 0.003 0.010 0.003 0.009 
 188   (0.021) 0.021 0.004 0.004 0.019 0.001 0.020 0.019 0.002 0.007 0.030 0.003 0.012 0.002 0.013 
 200   (0.066) 0.066 0.011 0.007 0.074 0.018 0.066 0.064 0.038 0.060 0.251 0.038 0.047 0.067 0.061 
 196   (0.039) 0.040 0.005 0.005 0.039 0.002 0.041 0.038 0.024 0.018 0.011 0.007 0.030 0.006 0.067 
 220   (0.012) 0.012 0.001 0.001 0.009 0.001 0.011 0.010 0.001 0.003 0.004 0.006 0.007 0.001 0.005 
 180   (0.016) 0.016 0.002 0.002 0.018 0.001 0.017 0.019 0.002 0.005 0.004 0.003 0.011 0.002 0.010 

Locus 14 : 
8 alleles
1.1% missing data
 139   (0.074) 0.074 0.011 0.236 0.065 0.175 0.072 0.072 0.008 0.127 0.065 0.042 0.066 0.088 0.049 
 145   (0.063) 0.063 0.012 0.022 0.053 0.010 0.061 0.058 0.166 0.028 0.037 0.013 0.040 0.143 0.037 
 151   (0.299) 0.299 0.640 0.185 0.297 0.441 0.297 0.304 0.404 0.216 0.281 0.346 0.327 0.450 0.278 
 157   (0.355) 0.355 0.290 0.482 0.388 0.141 0.361 0.363 0.268 0.435 0.329 0.470 0.434 0.229 0.473 
 154   (0.100) 0.101 0.033 0.062 0.094 0.227 0.102 0.101 0.119 0.108 0.035 0.018 0.068 0.014 0.094 
 163   (0.044) 0.044 0.005 0.005 0.036 0.003 0.043 0.040 0.005 0.045 0.016 0.098 0.026 0.066 0.027 
 160   (0.035) 0.035 0.004 0.004 0.040 0.002 0.034 0.032 0.004 0.013 0.221 0.006 0.018 0.005 0.016 
 142   (0.030) 0.030 0.004 0.005 0.026 0.002 0.030 0.028 0.027 0.028 0.017 0.006 0.020 0.004 0.025 

Locus 15 : 
13 alleles
1.6% missing data
 256   (0.155) 0.155 0.166 0.159 0.134 0.091 0.153 0.145 0.135 0.187 0.165 0.127 0.106 0.164 0.094 
 262   (0.024) 0.024 0.003 0.003 0.018 0.001 0.023 0.021 0.003 0.139 0.019 0.004 0.012 0.260 0.011 
 246   (0.119) 0.119 0.098 0.132 0.133 0.007 0.121 0.121 0.029 0.111 0.104 0.024 0.167 0.176 0.179 
 258   (0.177) 0.177 0.228 0.292 0.207 0.012 0.178 0.197 0.165 0.220 0.165 0.507 0.285 0.026 0.197 
 254   (0.105) 0.105 0.168 0.028 0.101 0.263 0.105 0.104 0.070 0.069 0.079 0.190 0.074 0.014 0.082 
 250   (0.034) 0.034 0.004 0.004 0.028 0.353 0.032 0.031 0.024 0.019 0.014 0.010 0.020 0.004 0.017 
 242   (0.091) 0.091 0.011 0.011 0.094 0.127 0.097 0.087 0.179 0.054 0.059 0.021 0.073 0.189 0.187 
 252   (0.064) 0.064 0.031 0.029 0.061 0.026 0.063 0.068 0.037 0.071 0.027 0.014 0.068 0.116 0.050 
 248   (0.133) 0.133 0.041 0.322 0.138 0.114 0.130 0.134 0.292 0.092 0.334 0.087 0.125 0.025 0.097 
 260   (0.042) 0.042 0.245 0.015 0.039 0.002 0.041 0.041 0.005 0.016 0.020 0.007 0.035 0.006 0.032 
 264   (0.015) 0.015 0.002 0.002 0.016 0.001 0.017 0.014 0.002 0.005 0.004 0.002 0.013 0.002 0.034 
 244   (0.027) 0.028 0.003 0.003 0.022 0.002 0.028 0.026 0.059 0.013 0.008 0.005 0.016 0.017 0.014 
 276   (0.013) 0.013 0.001 0.001 0.009 0.001 0.012 0.011 0.001 0.004 0.003 0.002 0.006 0.001 0.005 

Values of parameters used in structure:
DATAFILE=G:\Shared drives\Emily_Schumacher\QUAC_analyses\QUAC_structure_wild_relate\QUAC_allpop_relate_red_12_15_21\project_data,	OUTFILE=G:\Shared drives\Emily_Schumacher\QUAC_analyses\QUAC_structure_wild_relate\QUAC_allpop_relate_red_12_15_21\50-100\Results\50-100_run_68,	NUMINDS=188,	NUMLOCI=15,	MISSING=-9,	LABEL=1,	POPDATA=1,	POPFLAG=0,	PHENOTYPE=0,	EXTRACOLS=0,	MAXPOPS=14,	BURNIN=50000,	NUMREPS=100000,	USEPOPINFO=0,	INFERALPHA=1,	INFERLAMBDA=0,	POPSPECIFICLAMBDA=0,	POPALPHAS=0,	COMPUTEPROB=1,	NOADMIX=0,	ADMBURNIN=2500,	UPDATEFREQ=1,	PRINTLIKES=0,	INTERMEDSAVE=0,	PRINTKLD=0,	PRINTNET=0,	PRINTLAMBDA=0,	ANCESTDIST=0,	NUMBOXES=1000,	ANCESTPINT=0.90000,	GENSBACK=2,	MIGRPRIOR=0.05000,	PRINTQHAT=0,	PRINTQSUM=0,	ALPHA=1.0000,	FREQSCORR=1,	FPRIORMEAN=0.0100,	FPRIORSD=0.0500,	ONEFST=0,	LAMBDA=1.0000,	UNIFPRIORALPHA=1,	ALPHAMAX=10.0000,	ALPHAPRIORA=1.0000,	ALPHAPRIORB=2.0000,	ALPHAPROPSD=0.0250,	STARTATPOPINFO=0,	RANDOMIZE=1,	LINKAGE=0,	METROFREQ=10,	REPORTHITRATE=0,	MARKOVPHASE=-1,	PHASED=0,	PLOIDY=2,	PHASEINFO=0	LOCPRIOR=0, 	LOCPRIORINIT=1.000000, 	LOCDATA=0, 	LOCISPOP=0, 	LOCPRIORSTEP=0.100000, 	MAXLOCPRIOR=20.000000, 	SEED=1639610087,	
[STRAT parameters]:    NUMSIMSTATS=1000,	PHENOTYPECOL=-9,	POOLFREQ=10,	LOCUSxONLY=0,	EMERROR=0.00100,	MISSINGPHENO=-9,	