

----------------------------------------------------
STRUCTURE by Pritchard, Stephens and Donnelly (2000)
     and Falush, Stephens and Pritchard (2003)
       Code by Pritchard, Falush and Hubisz
             Version 2.3.4 (Jul 2012)
----------------------------------------------------



Command line arguments:   bin\structure -m G:\Shared drives\Emily_Schumacher\QUAC_analyses\QUAC_structure_wild_relate\QUAC_allpop_relate_red_12_15_21\50-100\mainparams -e G:\Shared drives\Emily_Schumacher\QUAC_analyses\QUAC_structure_wild_relate\QUAC_allpop_relate_red_12_15_21\50-100\extraparams 
Input File:    G:\Shared drives\Emily_Schumacher\QUAC_analyses\QUAC_structure_wild_relate\QUAC_allpop_relate_red_12_15_21\project_data

Run parameters:
   188 individuals
   15 loci
   17 populations assumed
   50000 Burn-in period
   100000 Reps


--------------------------------------------
Proportion of membership of each pre-defined
 population in each of the 17 clusters

Given    Inferred Clusters                                                                                                         Number of
 Pop       1      2      3      4      5      6      7      8      9     10     11     12     13     14     15     16     17      Individuals

  1:     0.006  0.004  0.864  0.009  0.016  0.007  0.014  0.007  0.009  0.008  0.005  0.011  0.010  0.008  0.008  0.004  0.010        2
  2:     0.019  0.019  0.040  0.024  0.268  0.039  0.084  0.074  0.030  0.024  0.186  0.037  0.049  0.029  0.030  0.019  0.031       17
  3:     0.011  0.060  0.055  0.037  0.147  0.027  0.149  0.094  0.043  0.037  0.013  0.044  0.121  0.043  0.046  0.027  0.047       19
  4:     0.018  0.014  0.109  0.053  0.010  0.035  0.234  0.011  0.056  0.051  0.011  0.058  0.141  0.040  0.047  0.061  0.051       10
  5:     0.007  0.007  0.009  0.014  0.550  0.012  0.014  0.260  0.014  0.014  0.004  0.016  0.011  0.013  0.014  0.026  0.014        2
  6:     0.012  0.073  0.008  0.031  0.008  0.026  0.274  0.016  0.031  0.029  0.147  0.033  0.204  0.038  0.031  0.006  0.036        2
  7:     0.008  0.062  0.010  0.053  0.127  0.099  0.025  0.259  0.061  0.051  0.011  0.052  0.025  0.058  0.044  0.007  0.047        1
  8:     0.009  0.007  0.006  0.007  0.858  0.008  0.007  0.037  0.006  0.007  0.005  0.006  0.007  0.007  0.007  0.007  0.007        1
  9:     0.070  0.011  0.006  0.092  0.004  0.042  0.040  0.053  0.121  0.084  0.006  0.101  0.038  0.109  0.108  0.005  0.110        1
 10:     0.011  0.236  0.006  0.076  0.013  0.019  0.023  0.008  0.050  0.074  0.138  0.049  0.151  0.048  0.045  0.010  0.041        6
 11:     0.021  0.103  0.013  0.051  0.041  0.034  0.085  0.112  0.056  0.052  0.086  0.050  0.107  0.048  0.053  0.040  0.049       16
 12:     0.493  0.009  0.015  0.059  0.020  0.019  0.030  0.007  0.053  0.047  0.003  0.042  0.026  0.053  0.057  0.019  0.048        1
 13:     0.017  0.016  0.024  0.035  0.013  0.029  0.121  0.014  0.043  0.037  0.012  0.043  0.077  0.040  0.043  0.393  0.042       33
 14:     0.015  0.141  0.010  0.021  0.071  0.086  0.019  0.350  0.021  0.022  0.089  0.022  0.064  0.021  0.020  0.010  0.020       21
 15:     0.009  0.024  0.703  0.021  0.009  0.034  0.020  0.012  0.019  0.019  0.024  0.018  0.016  0.019  0.020  0.013  0.019       14
 16:     0.661  0.011  0.013  0.024  0.012  0.021  0.021  0.018  0.026  0.026  0.009  0.032  0.018  0.032  0.030  0.016  0.031       35
 17:     0.022  0.012  0.010  0.109  0.012  0.051  0.043  0.010  0.100  0.095  0.007  0.102  0.038  0.131  0.120  0.010  0.128        7
--------------------------------------------

Allele-freq. divergence among pops (Net nucleotide distance),
computed using point estimates of P.

      1       2       3       4       5       6       7       8       9      10      11      12      13      14      15      16      17      
 1      -    0.0528  0.0776  0.0301  0.1189  0.0463  0.0536  0.0773  0.0316  0.0299  0.0844  0.0323  0.0434  0.0306  0.0310  0.0883  0.0315  
 2   0.0528     -    0.0752  0.0206  0.1066  0.0139  0.0416  0.0695  0.0227  0.0210  0.0623  0.0239  0.0170  0.0231  0.0234  0.0864  0.0242  
 3   0.0776  0.0752     -    0.0418  0.1129  0.0630  0.0618  0.0924  0.0434  0.0425  0.1045  0.0448  0.0582  0.0441  0.0433  0.0919  0.0445  
 4   0.0301  0.0206  0.0418     -    0.0808  0.0150  0.0153  0.0523  0.0004  0.0001  0.0536  0.0010  0.0082  0.0005  0.0005  0.0470  0.0010  
 5   0.1189  0.1066  0.1129  0.0808     -    0.0983  0.0874  0.0908  0.0818  0.0809  0.1424  0.0840  0.0872  0.0837  0.0837  0.1323  0.0856  
 6   0.0463  0.0139  0.0630  0.0150  0.0983     -    0.0340  0.0661  0.0160  0.0152  0.0637  0.0166  0.0240  0.0163  0.0163  0.0741  0.0168  
 7   0.0536  0.0416  0.0618  0.0153  0.0874  0.0340     -    0.0735  0.0134  0.0147  0.0774  0.0133  0.0074  0.0148  0.0142  0.0458  0.0148  
 8   0.0773  0.0695  0.0924  0.0523  0.0908  0.0661  0.0735     -    0.0546  0.0530  0.1027  0.0572  0.0635  0.0547  0.0554  0.1081  0.0564  
 9   0.0316  0.0227  0.0434  0.0004  0.0818  0.0160  0.0134  0.0546     -    0.0002  0.0550  0.0003  0.0078  0.0002  0.0001  0.0450  0.0004  
10   0.0299  0.0210  0.0425  0.0001  0.0809  0.0152  0.0147  0.0530  0.0002     -    0.0537  0.0007  0.0080  0.0003  0.0003  0.0463  0.0007  
11   0.0844  0.0623  0.1045  0.0536  0.1424  0.0637  0.0774  0.1027  0.0550  0.0537     -    0.0558  0.0613  0.0553  0.0547  0.1033  0.0550  
12   0.0323  0.0239  0.0448  0.0010  0.0840  0.0166  0.0133  0.0572  0.0003  0.0007  0.0558     -    0.0083  0.0004  0.0003  0.0443  0.0003  
13   0.0434  0.0170  0.0582  0.0082  0.0872  0.0240  0.0074  0.0635  0.0078  0.0080  0.0613  0.0083     -    0.0087  0.0085  0.0519  0.0091  
14   0.0306  0.0231  0.0441  0.0005  0.0837  0.0163  0.0148  0.0547  0.0002  0.0003  0.0553  0.0004  0.0087     -    0.0001  0.0470  0.0001  
15   0.0310  0.0234  0.0433  0.0005  0.0837  0.0163  0.0142  0.0554  0.0001  0.0003  0.0547  0.0003  0.0085  0.0001     -    0.0457  0.0001  
16   0.0883  0.0864  0.0919  0.0470  0.1323  0.0741  0.0458  0.1081  0.0450  0.0463  0.1033  0.0443  0.0519  0.0470  0.0457     -    0.0469  
17   0.0315  0.0242  0.0445  0.0010  0.0856  0.0168  0.0148  0.0564  0.0004  0.0007  0.0550  0.0003  0.0091  0.0001  0.0001  0.0469     -    

Average distances (expected heterozygosity) between individuals in same cluster:
cluster  1  : 0.5325 
cluster  2  : 0.6351 
cluster  3  : 0.5329 
cluster  4  : 0.6469 
cluster  5  : 0.4282 
cluster  6  : 0.6376 
cluster  7  : 0.5693 
cluster  8  : 0.5090 
cluster  9  : 0.6368 
cluster 10  : 0.6417 
cluster 11  : 0.5208 
cluster 12  : 0.6290 
cluster 13  : 0.6085 
cluster 14  : 0.6340 
cluster 15  : 0.6331 
cluster 16  : 0.5135 
cluster 17  : 0.6282 

--------------------------------------------
Estimated Ln Prob of Data   = -8096.7
Mean value of ln likelihood = -6978.4
Variance of ln likelihood   = 2236.5
Mean value of alpha         = 0.0396

Mean value of Fst_1         = 0.1542
Mean value of Fst_2         = 0.1865
Mean value of Fst_3         = 0.2062
Mean value of Fst_4         = 0.0003
Mean value of Fst_5         = 0.4073
Mean value of Fst_6         = 0.1853
Mean value of Fst_7         = 0.1595
Mean value of Fst_8         = 0.2542
Mean value of Fst_9         = 0.0492
Mean value of Fst_10         = 0.0240
Mean value of Fst_11         = 0.2620
Mean value of Fst_12         = 0.0779
Mean value of Fst_13         = 0.1504
Mean value of Fst_14         = 0.0610
Mean value of Fst_15         = 0.0544
Mean value of Fst_16         = 0.2294
Mean value of Fst_17         = 0.0752


Inferred ancestry of individuals:
        Label (%Miss) Pop:  Inferred clusters
  1 QAc-G-0029    (0)    1 :  0.005 0.006 0.805 0.012 0.028 0.011 0.023 0.006 0.013 0.011 0.006 0.016 0.015 0.012 0.012 0.005 0.014 
  2 QAc-G-0030    (0)    1 :  0.006 0.003 0.923 0.005 0.004 0.004 0.004 0.007 0.005 0.005 0.004 0.005 0.004 0.005 0.005 0.003 0.005 
  3 QAc-G-0062    (0)    2 :  0.037 0.023 0.006 0.027 0.035 0.042 0.011 0.234 0.024 0.026 0.406 0.024 0.012 0.035 0.025 0.004 0.030 
  4 QAc-G-0063    (0)    2 :  0.017 0.013 0.006 0.030 0.593 0.023 0.031 0.051 0.031 0.031 0.010 0.036 0.019 0.033 0.029 0.018 0.030 
  5 QAc-G-0064    (0)    2 :  0.007 0.005 0.005 0.006 0.007 0.005 0.006 0.025 0.006 0.006 0.890 0.006 0.006 0.005 0.006 0.005 0.006 
  6 QAc-G-0065    (0)    2 :  0.003 0.007 0.007 0.005 0.003 0.004 0.004 0.003 0.004 0.004 0.926 0.005 0.006 0.005 0.005 0.005 0.005 
  7 QAc-G-0066    (0)    2 :  0.004 0.003 0.005 0.003 0.936 0.004 0.005 0.006 0.004 0.004 0.003 0.004 0.004 0.004 0.004 0.004 0.004 
  8 QAc-G-0067    (0)    2 :  0.006 0.010 0.019 0.014 0.005 0.010 0.015 0.005 0.015 0.016 0.800 0.016 0.014 0.015 0.015 0.008 0.017 
  9 QAc-G-0068    (0)    2 :  0.008 0.194 0.005 0.005 0.450 0.286 0.004 0.006 0.005 0.005 0.007 0.004 0.004 0.005 0.004 0.004 0.004 
 10 QAc-G-0070    (0)    2 :  0.102 0.010 0.013 0.025 0.496 0.021 0.015 0.129 0.024 0.029 0.021 0.024 0.012 0.026 0.024 0.006 0.024 
 11 QAc-G-0071   (13)    2 :  0.006 0.005 0.009 0.006 0.871 0.006 0.008 0.040 0.006 0.006 0.004 0.006 0.006 0.006 0.006 0.004 0.006 
 12 QAc-G-0072    (0)    2 :  0.006 0.004 0.005 0.005 0.922 0.006 0.005 0.004 0.005 0.005 0.004 0.005 0.005 0.005 0.005 0.004 0.005 
 13 QAc-G-0073    (0)    2 :  0.012 0.005 0.012 0.017 0.004 0.040 0.390 0.004 0.052 0.023 0.004 0.081 0.208 0.032 0.048 0.016 0.050 
 14 QAc-G-0074    (0)    2 :  0.015 0.006 0.004 0.033 0.171 0.021 0.292 0.044 0.034 0.039 0.005 0.034 0.158 0.039 0.040 0.024 0.041 
 15 QAc-G-0075    (0)    2 :  0.006 0.008 0.015 0.025 0.011 0.017 0.435 0.012 0.029 0.026 0.010 0.026 0.264 0.027 0.027 0.029 0.031 
 16 QAc-G-0076    (0)    2 :  0.007 0.005 0.009 0.042 0.009 0.081 0.121 0.005 0.121 0.060 0.033 0.147 0.035 0.066 0.088 0.087 0.085 
 17 QAc-G-0080    (0)    2 :  0.006 0.008 0.532 0.054 0.009 0.021 0.024 0.020 0.055 0.048 0.024 0.045 0.017 0.045 0.047 0.004 0.040 
 18 QAc-G-0081    (0)    2 :  0.067 0.007 0.008 0.089 0.005 0.062 0.040 0.013 0.075 0.069 0.006 0.141 0.046 0.119 0.110 0.011 0.129 
 19 QAc-G-0083    (0)    2 :  0.009 0.005 0.015 0.017 0.028 0.012 0.024 0.665 0.018 0.016 0.011 0.019 0.014 0.017 0.020 0.090 0.020 
 20 QAc-G-0285    (0)    3 :  0.007 0.010 0.011 0.007 0.079 0.007 0.006 0.816 0.007 0.007 0.004 0.007 0.007 0.007 0.007 0.005 0.007 
 21 QAc-G-0287    (0)    3 :  0.004 0.003 0.004 0.003 0.946 0.003 0.004 0.005 0.003 0.003 0.003 0.003 0.003 0.003 0.003 0.003 0.003 
 22 QAc-G-0288    (6)    3 :  0.010 0.007 0.015 0.007 0.880 0.007 0.007 0.005 0.007 0.007 0.005 0.007 0.006 0.007 0.008 0.007 0.007 
 23 QAc-G-0292    (0)    3 :  0.012 0.009 0.005 0.011 0.167 0.015 0.008 0.681 0.011 0.010 0.007 0.010 0.009 0.014 0.011 0.005 0.014 
 24 QAc-G-0294    (0)    3 :  0.005 0.013 0.017 0.043 0.005 0.094 0.090 0.004 0.119 0.054 0.019 0.168 0.043 0.083 0.086 0.043 0.113 
 25 QAc-G-0295    (0)    3 :  0.006 0.006 0.020 0.027 0.016 0.032 0.293 0.023 0.076 0.027 0.017 0.077 0.182 0.049 0.053 0.030 0.068 
 26 QAc-G-0296    (0)    3 :  0.008 0.006 0.005 0.023 0.007 0.034 0.363 0.013 0.059 0.037 0.037 0.052 0.189 0.029 0.045 0.048 0.046 
 27 QAc-G-0297    (0)    3 :  0.007 0.015 0.006 0.113 0.003 0.027 0.160 0.004 0.095 0.098 0.004 0.070 0.108 0.086 0.087 0.040 0.078 
 28 QAc-G-0298    (6)    3 :  0.005 0.006 0.017 0.014 0.004 0.013 0.489 0.016 0.022 0.016 0.008 0.022 0.294 0.022 0.020 0.011 0.020 
 29 QAc-G-0299    (0)    3 :  0.004 0.010 0.005 0.011 0.011 0.014 0.456 0.006 0.017 0.016 0.005 0.017 0.265 0.014 0.015 0.123 0.013 
 30 QAc-G-0300    (0)    3 :  0.020 0.010 0.005 0.029 0.005 0.042 0.287 0.004 0.059 0.041 0.036 0.060 0.163 0.038 0.054 0.091 0.057 
 31 QAc-G-0301    (0)    3 :  0.005 0.005 0.008 0.011 0.013 0.007 0.502 0.011 0.011 0.010 0.037 0.012 0.316 0.013 0.012 0.017 0.011 
 32 QAc-G-0302    (0)    3 :  0.005 0.495 0.005 0.017 0.005 0.019 0.012 0.006 0.020 0.017 0.004 0.023 0.285 0.022 0.021 0.024 0.021 
 33 QAc-G-0303    (0)    3 :  0.029 0.486 0.007 0.024 0.005 0.034 0.009 0.015 0.018 0.020 0.012 0.015 0.268 0.019 0.018 0.004 0.018 
 34 QAc-G-0305    (0)    3 :  0.011 0.029 0.022 0.020 0.626 0.031 0.012 0.093 0.023 0.023 0.006 0.019 0.017 0.021 0.020 0.004 0.022 
 35 QAc-G-0307    (0)    3 :  0.019 0.007 0.847 0.011 0.004 0.008 0.008 0.010 0.011 0.011 0.006 0.011 0.009 0.013 0.010 0.005 0.012 
 36 QAc-G-0313    (0)    3 :  0.013 0.007 0.010 0.136 0.010 0.039 0.038 0.056 0.096 0.123 0.018 0.074 0.041 0.103 0.111 0.008 0.115 
 37 QAc-G-0314    (0)    3 :  0.011 0.010 0.009 0.106 0.004 0.049 0.060 0.003 0.076 0.101 0.010 0.100 0.065 0.124 0.126 0.026 0.120 
 38 QAc-G-0316    (0)    3 :  0.023 0.005 0.023 0.082 0.009 0.046 0.035 0.006 0.083 0.082 0.015 0.082 0.028 0.153 0.166 0.014 0.147 
 39 QAc-G-0033    (0)    4 :  0.007 0.006 0.007 0.008 0.005 0.007 0.461 0.004 0.011 0.009 0.011 0.014 0.290 0.011 0.010 0.127 0.012 
 40 QAc-G-0034    (0)    4 :  0.015 0.008 0.026 0.012 0.005 0.007 0.521 0.004 0.011 0.012 0.008 0.011 0.317 0.011 0.012 0.010 0.011 
 41 QAc-G-0035    (0)    4 :  0.006 0.009 0.013 0.033 0.015 0.044 0.049 0.013 0.072 0.041 0.022 0.099 0.027 0.056 0.053 0.369 0.080 
 42 QAc-G-0036    (0)    4 :  0.008 0.005 0.006 0.011 0.012 0.007 0.539 0.008 0.011 0.011 0.011 0.009 0.323 0.011 0.011 0.007 0.010 
 43 QAc-G-0039    (0)    4 :  0.011 0.011 0.036 0.040 0.009 0.087 0.068 0.005 0.102 0.043 0.009 0.163 0.050 0.094 0.097 0.023 0.152 
 44 QAc-G-0040    (0)    4 :  0.080 0.009 0.010 0.059 0.019 0.067 0.088 0.046 0.120 0.080 0.008 0.104 0.038 0.073 0.080 0.038 0.080 
 45 QAc-G-0045    (0)    4 :  0.005 0.004 0.012 0.007 0.010 0.017 0.539 0.004 0.022 0.017 0.006 0.020 0.273 0.009 0.018 0.023 0.012 
 46 QAc-G-0050    (0)    4 :  0.013 0.068 0.092 0.145 0.011 0.075 0.037 0.015 0.096 0.124 0.007 0.078 0.047 0.057 0.070 0.004 0.063 
 47 QAc-G-0052    (0)    4 :  0.007 0.006 0.842 0.013 0.004 0.009 0.009 0.004 0.011 0.013 0.020 0.011 0.008 0.011 0.013 0.006 0.012 
 48 QAc-G-0056    (0)    4 :  0.026 0.015 0.041 0.199 0.007 0.031 0.030 0.006 0.107 0.160 0.010 0.070 0.042 0.067 0.107 0.006 0.075 
 49 QAc-G-0276    (0)    5 :  0.005 0.006 0.009 0.011 0.320 0.010 0.015 0.506 0.014 0.014 0.003 0.017 0.012 0.014 0.012 0.021 0.012 
 50 QAc-G-0280    (6)    5 :  0.009 0.008 0.008 0.017 0.780 0.014 0.013 0.015 0.015 0.015 0.005 0.015 0.010 0.012 0.015 0.032 0.016 
 51 QAc-G-0018    (0)    6 :  0.006 0.017 0.012 0.010 0.007 0.018 0.526 0.004 0.011 0.013 0.007 0.012 0.319 0.010 0.011 0.007 0.011 
 52 QAc-G-0017    (0)    6 :  0.017 0.128 0.004 0.051 0.010 0.034 0.022 0.028 0.051 0.045 0.287 0.055 0.089 0.065 0.051 0.004 0.060 
 53 QAc-G-0250    (0)    7 :  0.008 0.062 0.010 0.053 0.127 0.099 0.025 0.259 0.061 0.051 0.011 0.052 0.025 0.058 0.044 0.007 0.047 
 54 QAc-G-0003    (6)    8 :  0.009 0.007 0.006 0.007 0.858 0.008 0.007 0.037 0.006 0.007 0.005 0.006 0.007 0.007 0.007 0.007 0.007 
 55 QAc-G-0283    (0)    9 :  0.070 0.011 0.006 0.092 0.004 0.042 0.040 0.053 0.121 0.084 0.006 0.101 0.038 0.109 0.108 0.005 0.110 
 56 QAc-G-0255    (0)   10 :  0.007 0.361 0.004 0.026 0.005 0.022 0.029 0.007 0.042 0.040 0.008 0.077 0.220 0.057 0.033 0.028 0.033 
 57 QAc-G-0256    (0)   10 :  0.004 0.549 0.006 0.007 0.017 0.008 0.009 0.012 0.008 0.010 0.019 0.008 0.310 0.008 0.008 0.008 0.007 
 58 QAc-G-0257    (0)   10 :  0.016 0.452 0.011 0.023 0.004 0.012 0.009 0.006 0.018 0.021 0.072 0.022 0.281 0.015 0.018 0.004 0.017 
 59 QAc-G-0259    (0)   10 :  0.006 0.009 0.003 0.223 0.003 0.028 0.032 0.003 0.107 0.221 0.003 0.080 0.029 0.085 0.088 0.008 0.073 
 60 QAc-G-0260    (0)   10 :  0.030 0.033 0.008 0.125 0.044 0.023 0.036 0.014 0.082 0.107 0.162 0.065 0.047 0.070 0.080 0.010 0.066 
 61 QAc-G-0261    (0)   10 :  0.005 0.011 0.006 0.053 0.005 0.022 0.021 0.006 0.045 0.044 0.566 0.042 0.019 0.053 0.045 0.004 0.053 
 62 QAc-G-0109    (0)   11 :  0.024 0.252 0.014 0.069 0.005 0.024 0.027 0.010 0.059 0.064 0.055 0.052 0.162 0.052 0.064 0.005 0.063 
 63 QAc-G-0113    (0)   11 :  0.007 0.406 0.020 0.029 0.011 0.066 0.014 0.056 0.022 0.028 0.024 0.023 0.215 0.024 0.027 0.005 0.022 
 64 QAc-G-0114    (0)   11 :  0.006 0.373 0.006 0.038 0.010 0.020 0.023 0.007 0.030 0.042 0.004 0.030 0.232 0.027 0.028 0.097 0.028 
 65 QAc-G-0117    (0)   11 :  0.007 0.093 0.011 0.060 0.007 0.083 0.077 0.055 0.066 0.062 0.089 0.066 0.082 0.071 0.067 0.033 0.071 
 66 QAc-G-0120    (0)   11 :  0.009 0.175 0.009 0.133 0.005 0.020 0.029 0.011 0.072 0.109 0.008 0.072 0.116 0.059 0.093 0.013 0.068 
 67 QAc-G-0125    (0)   11 :  0.026 0.013 0.032 0.033 0.016 0.012 0.011 0.053 0.024 0.029 0.635 0.023 0.014 0.024 0.026 0.005 0.024 
 68 QAc-G-0141    (0)   11 :  0.018 0.058 0.024 0.081 0.019 0.089 0.066 0.015 0.094 0.096 0.024 0.101 0.057 0.089 0.076 0.015 0.077 
 69 QAc-G-0143    (0)   11 :  0.004 0.005 0.006 0.081 0.006 0.052 0.055 0.004 0.197 0.082 0.003 0.093 0.018 0.144 0.141 0.004 0.105 
 70 QAc-G-0147    (0)   11 :  0.068 0.054 0.009 0.048 0.005 0.029 0.029 0.041 0.050 0.052 0.395 0.035 0.057 0.037 0.046 0.009 0.037 
 71 QAc-G-0174    (0)   11 :  0.004 0.005 0.006 0.005 0.067 0.006 0.007 0.860 0.005 0.005 0.003 0.004 0.005 0.004 0.005 0.004 0.005 
 72 QAc-G-0182    (0)   11 :  0.004 0.005 0.003 0.006 0.277 0.005 0.006 0.634 0.006 0.007 0.010 0.006 0.006 0.006 0.007 0.004 0.009 
 73 QAc-G-0188    (0)   11 :  0.005 0.178 0.004 0.053 0.200 0.029 0.030 0.012 0.053 0.074 0.007 0.074 0.105 0.056 0.050 0.016 0.054 
 74 QAc-G-0229    (0)   11 :  0.012 0.009 0.007 0.011 0.005 0.008 0.536 0.009 0.010 0.011 0.004 0.010 0.328 0.012 0.012 0.006 0.011 
 75 QAc-G-0233    (0)   11 :  0.096 0.006 0.030 0.082 0.006 0.026 0.030 0.004 0.070 0.080 0.011 0.052 0.026 0.054 0.071 0.294 0.062 
 76 QAc-G-0237    (0)   11 :  0.012 0.016 0.019 0.025 0.009 0.020 0.385 0.007 0.032 0.022 0.047 0.037 0.251 0.023 0.028 0.024 0.043 
 77 QAc-G-0243    (0)   11 :  0.029 0.007 0.012 0.068 0.004 0.056 0.042 0.008 0.104 0.075 0.051 0.118 0.033 0.078 0.106 0.105 0.104 
 78 QAc-G-0249    (0)   12 :  0.493 0.009 0.015 0.059 0.020 0.019 0.030 0.007 0.053 0.047 0.003 0.042 0.026 0.053 0.057 0.019 0.048 
 79 QAc-W-0001    (0)   13 :  0.005 0.010 0.005 0.009 0.003 0.006 0.028 0.003 0.010 0.009 0.013 0.009 0.022 0.009 0.009 0.844 0.008 
 80 QAc-W-0002    (0)   13 :  0.013 0.017 0.006 0.029 0.035 0.027 0.412 0.007 0.037 0.029 0.004 0.036 0.239 0.031 0.026 0.022 0.029 
 81 QAc-W-0003    (0)   13 :  0.005 0.014 0.021 0.015 0.007 0.014 0.017 0.027 0.014 0.015 0.012 0.016 0.017 0.014 0.016 0.761 0.014 
 82 QAc-W-0004    (0)   13 :  0.005 0.004 0.007 0.005 0.008 0.005 0.014 0.004 0.006 0.005 0.004 0.007 0.009 0.006 0.005 0.900 0.006 
 83 QAc-W-0005    (0)   13 :  0.007 0.005 0.004 0.006 0.005 0.006 0.008 0.006 0.008 0.007 0.005 0.008 0.007 0.007 0.007 0.898 0.008 
 84 QAc-W-0007   (13)   13 :  0.008 0.005 0.005 0.007 0.005 0.006 0.012 0.005 0.008 0.008 0.006 0.008 0.010 0.008 0.007 0.885 0.007 
 85 QAc-W-0008    (6)   13 :  0.013 0.011 0.004 0.033 0.006 0.023 0.021 0.007 0.035 0.032 0.005 0.026 0.016 0.033 0.029 0.681 0.024 
 86 QAc-W-0009    (0)   13 :  0.027 0.122 0.009 0.075 0.019 0.040 0.105 0.007 0.082 0.060 0.011 0.097 0.133 0.062 0.066 0.018 0.065 
 87 QAc-W-0010    (0)   13 :  0.026 0.014 0.005 0.019 0.007 0.019 0.016 0.017 0.022 0.023 0.035 0.025 0.019 0.024 0.027 0.676 0.026 
 88 QAc-W-0011    (0)   13 :  0.006 0.013 0.014 0.037 0.037 0.037 0.081 0.015 0.067 0.044 0.012 0.072 0.039 0.044 0.060 0.374 0.048 
 89 QAc-W-0012    (0)   13 :  0.014 0.011 0.011 0.024 0.013 0.019 0.073 0.006 0.026 0.022 0.010 0.027 0.051 0.024 0.021 0.624 0.022 
 90 QAc-W-0013    (0)   13 :  0.006 0.029 0.153 0.031 0.015 0.054 0.192 0.007 0.086 0.057 0.008 0.079 0.102 0.048 0.056 0.015 0.060 
 91 QAc-W-0014    (0)   13 :  0.016 0.004 0.005 0.011 0.004 0.011 0.016 0.010 0.012 0.010 0.005 0.015 0.012 0.013 0.013 0.829 0.013 
 92 QAc-W-0015    (0)   13 :  0.018 0.009 0.016 0.024 0.016 0.032 0.325 0.133 0.050 0.044 0.004 0.040 0.157 0.041 0.038 0.014 0.040 
 93 QAc-W-0017    (0)   13 :  0.036 0.015 0.023 0.084 0.010 0.058 0.064 0.040 0.088 0.105 0.007 0.073 0.042 0.117 0.114 0.011 0.113 
 94 QAc-W-0018    (0)   13 :  0.010 0.028 0.037 0.060 0.004 0.041 0.031 0.004 0.056 0.057 0.014 0.058 0.036 0.061 0.067 0.362 0.071 
 95 QAc-W-0020    (0)   13 :  0.004 0.006 0.004 0.022 0.004 0.013 0.011 0.005 0.021 0.020 0.011 0.023 0.010 0.025 0.024 0.769 0.028 
 96 QAc-W-0021    (0)   13 :  0.009 0.017 0.113 0.055 0.011 0.033 0.031 0.003 0.066 0.063 0.008 0.054 0.027 0.059 0.067 0.323 0.060 
 97 QAc-W-0022    (0)   13 :  0.027 0.009 0.011 0.071 0.014 0.063 0.113 0.025 0.084 0.083 0.008 0.100 0.068 0.108 0.094 0.021 0.103 
 98 QAc-W-0023    (6)   13 :  0.033 0.019 0.022 0.055 0.003 0.048 0.116 0.005 0.090 0.064 0.033 0.095 0.072 0.067 0.089 0.108 0.081 
 99 QAc-W-0024    (0)   13 :  0.010 0.009 0.094 0.046 0.049 0.025 0.034 0.006 0.051 0.047 0.006 0.037 0.028 0.077 0.075 0.330 0.076 
100 QAc-W-0025    (0)   13 :  0.009 0.010 0.016 0.030 0.007 0.019 0.243 0.004 0.032 0.026 0.004 0.026 0.160 0.034 0.031 0.322 0.026 
101 QAc-W-0026    (0)   13 :  0.024 0.016 0.077 0.051 0.044 0.024 0.050 0.015 0.039 0.040 0.024 0.036 0.035 0.028 0.037 0.428 0.031 
102 QAc-W-0027    (0)   13 :  0.010 0.010 0.004 0.015 0.006 0.012 0.471 0.004 0.015 0.014 0.004 0.016 0.293 0.016 0.016 0.082 0.014 
103 QAc-W-0028    (0)   13 :  0.009 0.006 0.004 0.022 0.008 0.019 0.091 0.008 0.030 0.024 0.004 0.034 0.064 0.035 0.030 0.580 0.030 
104 QAc-W-0029    (0)   13 :  0.004 0.016 0.007 0.023 0.004 0.060 0.178 0.004 0.072 0.035 0.020 0.098 0.089 0.047 0.055 0.233 0.056 
105 QAc-W-0032    (0)   13 :  0.009 0.004 0.006 0.011 0.003 0.010 0.020 0.003 0.013 0.011 0.026 0.014 0.013 0.016 0.012 0.818 0.013 
106 QAc-W-0033    (0)   13 :  0.021 0.028 0.013 0.120 0.004 0.074 0.035 0.009 0.096 0.100 0.031 0.076 0.034 0.077 0.079 0.134 0.069 
107 QAc-W-0035    (0)   13 :  0.020 0.012 0.018 0.041 0.019 0.028 0.277 0.015 0.046 0.042 0.008 0.049 0.176 0.039 0.051 0.109 0.050 
108 QAc-W-0037    (0)   13 :  0.007 0.006 0.014 0.012 0.008 0.010 0.511 0.006 0.012 0.013 0.016 0.012 0.309 0.012 0.014 0.023 0.014 
109 QAc-W-0038    (0)   13 :  0.010 0.011 0.007 0.056 0.009 0.043 0.081 0.031 0.075 0.064 0.011 0.087 0.063 0.099 0.109 0.126 0.121 
110 QAc-W-0040    (0)   13 :  0.137 0.007 0.014 0.025 0.009 0.009 0.016 0.011 0.021 0.021 0.022 0.018 0.017 0.015 0.020 0.620 0.018 
111 QAc-W-0041    (0)   13 :  0.010 0.029 0.057 0.034 0.030 0.057 0.295 0.006 0.062 0.044 0.006 0.062 0.163 0.035 0.042 0.036 0.032 
112 QAc-W-0042    (0)   14 :  0.006 0.223 0.016 0.019 0.039 0.049 0.025 0.011 0.021 0.026 0.339 0.026 0.138 0.020 0.019 0.006 0.018 
113 QAc-W-0044    (0)   14 :  0.028 0.044 0.005 0.025 0.044 0.066 0.094 0.080 0.064 0.057 0.168 0.086 0.079 0.054 0.046 0.010 0.051 
114 QAc-W-0045    (0)   14 :  0.005 0.486 0.007 0.019 0.011 0.041 0.015 0.006 0.017 0.018 0.029 0.018 0.276 0.015 0.015 0.006 0.015 
115 QAc-W-0048    (0)   14 :  0.005 0.420 0.014 0.028 0.005 0.013 0.018 0.006 0.023 0.028 0.084 0.020 0.263 0.019 0.022 0.011 0.020 
116 QAc-W-0050    (0)   14 :  0.012 0.349 0.005 0.023 0.009 0.370 0.013 0.007 0.021 0.020 0.021 0.018 0.068 0.023 0.019 0.004 0.019 
117 QAc-W-0051    (0)   14 :  0.005 0.304 0.014 0.015 0.006 0.425 0.008 0.034 0.013 0.014 0.090 0.013 0.016 0.012 0.013 0.007 0.011 
118 QAc-W-0052    (0)   14 :  0.004 0.006 0.003 0.005 0.006 0.004 0.005 0.006 0.005 0.005 0.917 0.005 0.006 0.005 0.005 0.009 0.005 
119 QAc-W-0053    (0)   14 :  0.008 0.533 0.004 0.014 0.005 0.014 0.011 0.008 0.013 0.010 0.020 0.013 0.300 0.013 0.012 0.008 0.013 
120 QAc-W-0054    (0)   14 :  0.017 0.085 0.008 0.064 0.102 0.123 0.026 0.060 0.066 0.067 0.078 0.062 0.035 0.075 0.061 0.008 0.065 
121 QAc-W-0056    (0)   14 :  0.009 0.151 0.011 0.076 0.007 0.246 0.058 0.010 0.054 0.069 0.008 0.057 0.041 0.056 0.053 0.046 0.048 
122 QAc-W-0057    (0)   14 :  0.013 0.261 0.026 0.037 0.008 0.332 0.017 0.078 0.027 0.030 0.010 0.026 0.034 0.032 0.031 0.006 0.031 
123 QAc-W-0060    (0)   14 :  0.006 0.005 0.004 0.007 0.009 0.005 0.014 0.861 0.007 0.007 0.033 0.007 0.012 0.006 0.007 0.003 0.007 
124 QAc-W-0061    (0)   14 :  0.044 0.016 0.011 0.028 0.014 0.018 0.029 0.634 0.027 0.028 0.006 0.027 0.023 0.031 0.025 0.011 0.027 
125 QAc-W-0062    (0)   14 :  0.005 0.004 0.005 0.004 0.006 0.004 0.004 0.926 0.004 0.004 0.009 0.004 0.004 0.004 0.004 0.003 0.004 
126 QAc-W-0063    (0)   14 :  0.009 0.006 0.024 0.014 0.022 0.009 0.009 0.784 0.013 0.012 0.020 0.012 0.009 0.012 0.013 0.016 0.015 
127 QAc-W-0064    (0)   14 :  0.008 0.006 0.006 0.007 0.021 0.007 0.006 0.869 0.008 0.008 0.005 0.008 0.006 0.008 0.008 0.011 0.008 
128 QAc-W-0065    (0)   14 :  0.017 0.015 0.010 0.017 0.010 0.021 0.016 0.760 0.018 0.017 0.007 0.016 0.013 0.016 0.019 0.008 0.019 
129 QAc-W-0066    (0)   14 :  0.003 0.003 0.005 0.003 0.947 0.003 0.004 0.005 0.003 0.003 0.003 0.003 0.003 0.003 0.003 0.003 0.003 
130 QAc-W-0072    (0)   14 :  0.101 0.017 0.011 0.016 0.006 0.026 0.009 0.693 0.017 0.014 0.004 0.014 0.009 0.016 0.016 0.017 0.015 
131 QAc-W-0073    (0)   14 :  0.008 0.014 0.008 0.012 0.006 0.014 0.011 0.815 0.013 0.013 0.008 0.015 0.011 0.015 0.015 0.006 0.017 
132 QAc-W-0077    (0)   14 :  0.005 0.008 0.004 0.006 0.201 0.007 0.007 0.707 0.007 0.006 0.005 0.006 0.006 0.006 0.006 0.005 0.007 
133 QAc-W-0078    (0)   15 :  0.018 0.006 0.624 0.042 0.030 0.015 0.026 0.007 0.032 0.034 0.014 0.030 0.016 0.033 0.033 0.012 0.030 
134 QAc-W-0079    (6)   15 :  0.007 0.006 0.899 0.007 0.012 0.005 0.007 0.004 0.006 0.006 0.003 0.007 0.007 0.006 0.006 0.006 0.006 
135 QAc-W-0081    (0)   15 :  0.005 0.005 0.896 0.007 0.004 0.006 0.006 0.007 0.007 0.006 0.009 0.007 0.006 0.006 0.007 0.009 0.006 
136 QAc-W-0082    (0)   15 :  0.004 0.200 0.424 0.007 0.005 0.298 0.006 0.005 0.006 0.007 0.003 0.007 0.006 0.006 0.007 0.003 0.007 
137 QAc-W-0083    (0)   15 :  0.011 0.009 0.833 0.008 0.008 0.013 0.007 0.035 0.009 0.008 0.009 0.009 0.007 0.009 0.009 0.008 0.008 
138 QAc-W-0086    (0)   15 :  0.009 0.007 0.872 0.008 0.014 0.011 0.008 0.005 0.007 0.009 0.005 0.008 0.007 0.008 0.008 0.006 0.007 
139 QAc-W-0087    (0)   15 :  0.007 0.007 0.911 0.006 0.006 0.005 0.005 0.003 0.006 0.006 0.003 0.006 0.007 0.006 0.006 0.004 0.006 
140 QAc-W-0088    (0)   15 :  0.007 0.011 0.809 0.018 0.006 0.010 0.013 0.006 0.018 0.017 0.005 0.015 0.011 0.017 0.018 0.006 0.015 
141 QAc-W-0092    (0)   15 :  0.010 0.012 0.593 0.026 0.011 0.017 0.075 0.005 0.029 0.027 0.019 0.027 0.051 0.023 0.029 0.024 0.023 
142 QAc-W-0093    (0)   15 :  0.015 0.012 0.688 0.028 0.003 0.017 0.021 0.005 0.024 0.024 0.009 0.028 0.018 0.027 0.026 0.027 0.028 
143 QAc-W-0094    (0)   15 :  0.008 0.026 0.246 0.045 0.006 0.022 0.024 0.051 0.047 0.043 0.215 0.043 0.027 0.045 0.053 0.047 0.050 
144 QAc-W-0097    (0)   15 :  0.006 0.013 0.610 0.030 0.006 0.017 0.053 0.007 0.031 0.029 0.015 0.029 0.035 0.028 0.029 0.025 0.037 
145 QAc-W-0099    (0)   15 :  0.016 0.014 0.582 0.054 0.005 0.026 0.018 0.004 0.040 0.040 0.018 0.037 0.020 0.042 0.044 0.004 0.035 
146 QAc-W-0107    (0)   15 :  0.007 0.006 0.849 0.008 0.012 0.008 0.007 0.029 0.009 0.009 0.007 0.009 0.006 0.009 0.010 0.005 0.009 
147 QAc-W-0115    (0)   16 :  0.830 0.004 0.009 0.014 0.006 0.007 0.016 0.007 0.013 0.012 0.006 0.013 0.012 0.013 0.012 0.012 0.012 
148 QAc-W-0116    (0)   16 :  0.638 0.017 0.007 0.031 0.003 0.022 0.022 0.005 0.034 0.035 0.014 0.032 0.025 0.035 0.036 0.008 0.038 
149 QAc-W-0117    (0)   16 :  0.848 0.010 0.004 0.010 0.004 0.008 0.009 0.004 0.013 0.012 0.004 0.013 0.013 0.014 0.014 0.005 0.015 
150 QAc-W-0118    (0)   16 :  0.761 0.008 0.021 0.015 0.039 0.011 0.008 0.019 0.015 0.015 0.005 0.015 0.008 0.020 0.017 0.007 0.015 
151 QAc-W-0119    (0)   16 :  0.723 0.009 0.007 0.025 0.016 0.017 0.018 0.004 0.028 0.031 0.007 0.021 0.013 0.027 0.025 0.006 0.022 
152 QAc-W-0120    (0)   16 :  0.645 0.010 0.010 0.042 0.019 0.013 0.020 0.009 0.034 0.035 0.005 0.036 0.018 0.034 0.033 0.010 0.027 
153 QAc-W-0121    (0)   16 :  0.723 0.016 0.004 0.015 0.072 0.033 0.010 0.010 0.016 0.019 0.003 0.016 0.009 0.016 0.016 0.007 0.013 
154 QAc-W-0122    (0)   16 :  0.475 0.009 0.006 0.030 0.004 0.036 0.019 0.008 0.049 0.045 0.004 0.069 0.021 0.075 0.057 0.021 0.072 
155 QAc-W-0123    (6)   16 :  0.693 0.008 0.010 0.025 0.007 0.017 0.018 0.009 0.025 0.027 0.015 0.032 0.016 0.033 0.029 0.004 0.031 
156 QAc-W-0124    (0)   16 :  0.469 0.005 0.091 0.021 0.011 0.016 0.036 0.126 0.029 0.025 0.007 0.027 0.028 0.029 0.030 0.017 0.030 
157 QAc-W-0125    (0)   16 :  0.820 0.007 0.018 0.012 0.008 0.009 0.011 0.005 0.012 0.014 0.008 0.012 0.010 0.017 0.013 0.008 0.015 
158 QAc-W-0132    (6)   16 :  0.549 0.007 0.036 0.026 0.051 0.017 0.040 0.027 0.031 0.031 0.018 0.029 0.026 0.034 0.029 0.018 0.033 
159 QAc-W-0134    (0)   16 :  0.902 0.005 0.006 0.006 0.005 0.005 0.007 0.006 0.006 0.007 0.006 0.009 0.006 0.007 0.006 0.004 0.007 
160 QAc-W-0135    (0)   16 :  0.603 0.006 0.009 0.023 0.015 0.015 0.023 0.033 0.023 0.023 0.004 0.027 0.021 0.023 0.025 0.105 0.023 
161 QAc-W-0136    (0)   16 :  0.899 0.005 0.005 0.007 0.003 0.006 0.006 0.005 0.008 0.008 0.006 0.009 0.006 0.009 0.007 0.005 0.007 
162 QAc-W-0138    (0)   16 :  0.887 0.004 0.003 0.008 0.005 0.007 0.007 0.004 0.008 0.008 0.005 0.009 0.006 0.011 0.009 0.008 0.011 
163 QAc-W-0140    (0)   16 :  0.726 0.019 0.006 0.018 0.006 0.017 0.022 0.006 0.025 0.017 0.004 0.033 0.022 0.021 0.025 0.009 0.025 
164 QAc-W-0141    (6)   16 :  0.092 0.014 0.007 0.059 0.031 0.065 0.068 0.008 0.065 0.056 0.007 0.109 0.066 0.100 0.104 0.019 0.127 
165 QAc-W-0142    (0)   16 :  0.883 0.007 0.005 0.007 0.012 0.010 0.005 0.013 0.007 0.008 0.004 0.007 0.005 0.008 0.007 0.004 0.007 
166 QAc-W-0143    (0)   16 :  0.802 0.009 0.027 0.017 0.003 0.014 0.010 0.005 0.012 0.018 0.006 0.018 0.010 0.014 0.015 0.007 0.012 
167 QAc-W-0145    (0)   16 :  0.848 0.006 0.004 0.012 0.003 0.009 0.008 0.006 0.016 0.013 0.004 0.013 0.009 0.017 0.015 0.004 0.014 
168 QAc-W-0148    (0)   16 :  0.893 0.005 0.004 0.006 0.004 0.006 0.010 0.007 0.007 0.007 0.007 0.007 0.008 0.007 0.008 0.007 0.008 
169 QAc-W-0149    (0)   16 :  0.263 0.011 0.010 0.043 0.004 0.059 0.030 0.014 0.063 0.067 0.037 0.098 0.027 0.096 0.076 0.012 0.089 
170 QAc-W-0150    (0)   16 :  0.293 0.007 0.028 0.040 0.005 0.045 0.048 0.008 0.056 0.046 0.017 0.070 0.033 0.072 0.076 0.084 0.071 
171 QAc-W-0151    (0)   16 :  0.746 0.007 0.010 0.019 0.005 0.013 0.038 0.007 0.017 0.018 0.006 0.018 0.029 0.017 0.018 0.011 0.021 
172 QAc-W-0152    (0)   16 :  0.815 0.011 0.005 0.011 0.006 0.012 0.010 0.038 0.011 0.012 0.005 0.011 0.010 0.016 0.011 0.005 0.011 
173 QAc-W-0153    (0)   16 :  0.015 0.006 0.025 0.060 0.006 0.051 0.055 0.021 0.101 0.071 0.004 0.143 0.038 0.134 0.119 0.006 0.146 
174 QAc-W-0154    (0)   16 :  0.703 0.006 0.006 0.030 0.003 0.012 0.016 0.004 0.023 0.026 0.004 0.026 0.015 0.024 0.024 0.052 0.024 
175 QAc-W-0157    (0)   16 :  0.562 0.011 0.004 0.045 0.013 0.018 0.024 0.018 0.045 0.044 0.025 0.045 0.023 0.041 0.041 0.005 0.036 
176 QAc-W-0158    (0)   16 :  0.588 0.006 0.030 0.021 0.026 0.019 0.059 0.008 0.023 0.027 0.009 0.032 0.033 0.024 0.029 0.041 0.027 
177 QAc-W-0159    (0)   16 :  0.871 0.007 0.007 0.010 0.004 0.010 0.008 0.004 0.009 0.009 0.009 0.010 0.008 0.010 0.009 0.008 0.008 
178 QAc-W-0160    (0)   16 :  0.714 0.005 0.008 0.029 0.004 0.013 0.023 0.005 0.022 0.023 0.004 0.036 0.015 0.022 0.025 0.026 0.025 
179 QAc-W-0162    (0)   16 :  0.694 0.029 0.007 0.016 0.005 0.026 0.007 0.094 0.014 0.015 0.016 0.014 0.014 0.015 0.014 0.004 0.015 
180 QAc-W-0163    (0)   16 :  0.558 0.070 0.005 0.043 0.007 0.084 0.015 0.009 0.029 0.034 0.009 0.023 0.023 0.031 0.029 0.007 0.025 
181 QAc-W-0164    (0)   16 :  0.586 0.013 0.011 0.037 0.009 0.017 0.018 0.086 0.034 0.037 0.009 0.029 0.012 0.035 0.034 0.008 0.027 
182 QAc-W-0167    (0)   17 :  0.007 0.009 0.020 0.081 0.006 0.062 0.029 0.009 0.102 0.079 0.006 0.112 0.031 0.151 0.143 0.006 0.148 
183 QAc-W-0168    (0)   17 :  0.104 0.015 0.013 0.118 0.049 0.037 0.043 0.022 0.086 0.098 0.008 0.073 0.036 0.094 0.097 0.010 0.096 
184 QAc-W-0169    (0)   17 :  0.005 0.027 0.004 0.160 0.011 0.058 0.053 0.011 0.113 0.120 0.004 0.094 0.042 0.104 0.091 0.019 0.083 
185 QAc-W-0170    (0)   17 :  0.011 0.009 0.007 0.117 0.004 0.042 0.071 0.005 0.105 0.110 0.005 0.102 0.049 0.127 0.112 0.012 0.112 
186 QAc-W-0172    (0)   17 :  0.007 0.006 0.010 0.187 0.002 0.041 0.032 0.002 0.096 0.138 0.015 0.101 0.035 0.097 0.105 0.009 0.115 
187 QAc-W-0173    (0)   17 :  0.013 0.005 0.007 0.038 0.004 0.057 0.039 0.011 0.098 0.059 0.005 0.118 0.036 0.167 0.156 0.012 0.176 
188 QAc-W-0174    (0)   17 :  0.009 0.010 0.006 0.060 0.010 0.057 0.035 0.011 0.104 0.063 0.004 0.117 0.039 0.173 0.132 0.005 0.165 


Estimated Allele Frequencies in each cluster
First column gives estimated ancestral frequencies


Locus 1 : 
18 alleles
0.0% missing data
 210   (0.115) 0.182 0.199 0.149 0.115 0.007 0.095 0.081 0.022 0.109 0.113 0.030 0.116 0.154 0.116 0.113 0.017 0.121 
 212   (0.122) 0.070 0.056 0.275 0.122 0.195 0.107 0.294 0.016 0.125 0.118 0.024 0.126 0.200 0.123 0.133 0.049 0.130 
 202   (0.060) 0.006 0.019 0.141 0.060 0.004 0.031 0.038 0.007 0.051 0.057 0.309 0.049 0.036 0.053 0.052 0.062 0.053 
 226   (0.041) 0.004 0.026 0.014 0.041 0.245 0.029 0.013 0.131 0.034 0.038 0.219 0.029 0.019 0.031 0.033 0.005 0.030 
 216   (0.075) 0.138 0.044 0.170 0.075 0.005 0.043 0.028 0.057 0.067 0.072 0.172 0.061 0.039 0.063 0.066 0.019 0.063 
 200   (0.240) 0.144 0.170 0.087 0.240 0.512 0.228 0.376 0.128 0.285 0.266 0.125 0.313 0.284 0.284 0.284 0.518 0.291 
 224   (0.042) 0.005 0.014 0.011 0.042 0.004 0.031 0.032 0.262 0.046 0.045 0.009 0.042 0.023 0.044 0.043 0.008 0.044 
 218   (0.053) 0.157 0.023 0.106 0.053 0.004 0.041 0.023 0.018 0.045 0.049 0.010 0.044 0.020 0.047 0.046 0.084 0.045 
 228   (0.012) 0.001 0.003 0.001 0.012 0.001 0.004 0.003 0.128 0.008 0.010 0.002 0.007 0.004 0.007 0.008 0.001 0.007 
 214   (0.065) 0.020 0.280 0.008 0.065 0.013 0.297 0.025 0.210 0.058 0.061 0.041 0.053 0.077 0.060 0.055 0.007 0.055 
 208   (0.061) 0.006 0.060 0.024 0.061 0.004 0.039 0.046 0.007 0.070 0.062 0.016 0.072 0.060 0.073 0.073 0.212 0.073 
 220   (0.028) 0.008 0.008 0.003 0.028 0.002 0.016 0.013 0.003 0.031 0.028 0.005 0.027 0.012 0.031 0.027 0.003 0.028 
 196   (0.010) 0.001 0.003 0.001 0.010 0.001 0.005 0.003 0.001 0.008 0.010 0.002 0.007 0.004 0.008 0.008 0.001 0.007 
 238   (0.012) 0.002 0.003 0.001 0.012 0.001 0.005 0.004 0.001 0.011 0.011 0.002 0.009 0.004 0.010 0.010 0.001 0.010 
 206   (0.021) 0.026 0.041 0.003 0.021 0.001 0.009 0.007 0.002 0.016 0.019 0.004 0.015 0.028 0.015 0.016 0.003 0.014 
 190   (0.010) 0.001 0.002 0.001 0.010 0.001 0.004 0.003 0.001 0.008 0.010 0.001 0.007 0.003 0.007 0.007 0.001 0.006 
 222   (0.022) 0.226 0.006 0.003 0.022 0.001 0.009 0.006 0.003 0.018 0.019 0.023 0.015 0.007 0.017 0.017 0.007 0.015 
 232   (0.013) 0.001 0.042 0.001 0.013 0.001 0.006 0.004 0.001 0.009 0.011 0.004 0.008 0.027 0.008 0.009 0.001 0.008 

Locus 2 : 
15 alleles
2.1% missing data
 171   (0.207) 0.056 0.382 0.178 0.207 0.017 0.235 0.360 0.043 0.217 0.214 0.244 0.228 0.388 0.213 0.220 0.309 0.224 
 175   (0.100) 0.024 0.116 0.258 0.100 0.027 0.198 0.064 0.028 0.093 0.096 0.205 0.086 0.052 0.089 0.088 0.044 0.085 
 185   (0.050) 0.226 0.015 0.082 0.050 0.004 0.029 0.019 0.015 0.046 0.050 0.012 0.047 0.020 0.051 0.047 0.008 0.047 
 179   (0.073) 0.277 0.022 0.009 0.073 0.037 0.048 0.028 0.494 0.069 0.075 0.246 0.071 0.029 0.084 0.078 0.008 0.083 
 181   (0.095) 0.010 0.100 0.347 0.095 0.561 0.090 0.128 0.047 0.098 0.100 0.036 0.095 0.115 0.095 0.094 0.031 0.092 
 173   (0.188) 0.195 0.183 0.040 0.188 0.329 0.209 0.216 0.147 0.204 0.186 0.172 0.205 0.196 0.182 0.192 0.186 0.193 
 177   (0.034) 0.087 0.019 0.004 0.034 0.003 0.030 0.011 0.183 0.027 0.031 0.006 0.026 0.012 0.027 0.028 0.004 0.026 
 187   (0.096) 0.022 0.055 0.012 0.096 0.009 0.078 0.105 0.026 0.102 0.094 0.018 0.097 0.088 0.113 0.108 0.107 0.108 
 183   (0.062) 0.084 0.069 0.021 0.062 0.006 0.039 0.027 0.007 0.061 0.064 0.017 0.071 0.055 0.069 0.065 0.008 0.069 
 189   (0.031) 0.014 0.009 0.004 0.031 0.003 0.016 0.020 0.004 0.028 0.029 0.005 0.027 0.016 0.027 0.027 0.289 0.025 
 191   (0.019) 0.002 0.019 0.039 0.019 0.001 0.010 0.007 0.003 0.016 0.018 0.031 0.015 0.015 0.015 0.017 0.003 0.015 
 163   (0.010) 0.001 0.002 0.001 0.010 0.001 0.004 0.003 0.001 0.008 0.010 0.002 0.007 0.003 0.008 0.007 0.001 0.007 
 165   (0.012) 0.001 0.003 0.001 0.012 0.001 0.005 0.003 0.001 0.010 0.012 0.002 0.007 0.004 0.009 0.009 0.001 0.008 
 193   (0.012) 0.001 0.003 0.001 0.012 0.001 0.005 0.004 0.001 0.012 0.011 0.002 0.009 0.004 0.011 0.012 0.001 0.009 
 167   (0.012) 0.001 0.003 0.001 0.012 0.001 0.005 0.004 0.001 0.009 0.011 0.002 0.009 0.004 0.009 0.009 0.001 0.009 

Locus 3 : 
4 alleles
1.1% missing data
 206   (0.892) 0.988 0.920 0.976 0.892 0.989 0.934 0.959 0.884 0.903 0.898 0.900 0.910 0.932 0.899 0.900 0.688 0.900 
 208   (0.056) 0.006 0.055 0.007 0.056 0.004 0.040 0.021 0.052 0.049 0.054 0.011 0.042 0.041 0.050 0.051 0.306 0.048 
 204   (0.038) 0.005 0.022 0.015 0.038 0.007 0.018 0.013 0.062 0.033 0.036 0.087 0.029 0.021 0.033 0.033 0.004 0.034 
 212   (0.014) 0.001 0.003 0.002 0.014 0.001 0.008 0.007 0.002 0.015 0.013 0.002 0.018 0.006 0.018 0.017 0.002 0.018 

Locus 4 : 
15 alleles
1.1% missing data
 165   (0.077) 0.008 0.038 0.468 0.077 0.005 0.078 0.052 0.309 0.088 0.075 0.044 0.098 0.040 0.085 0.087 0.014 0.093 
 163   (0.195) 0.286 0.240 0.028 0.196 0.015 0.198 0.117 0.075 0.214 0.203 0.077 0.226 0.182 0.236 0.231 0.084 0.253 
 167   (0.152) 0.140 0.121 0.068 0.152 0.010 0.151 0.166 0.020 0.147 0.151 0.486 0.142 0.148 0.148 0.150 0.238 0.148 
 161   (0.356) 0.496 0.441 0.125 0.355 0.956 0.427 0.574 0.573 0.355 0.360 0.332 0.350 0.503 0.340 0.338 0.479 0.326 
 153   (0.016) 0.002 0.005 0.002 0.016 0.001 0.011 0.010 0.002 0.017 0.016 0.003 0.018 0.006 0.013 0.017 0.010 0.014 
 173   (0.032) 0.003 0.036 0.263 0.032 0.002 0.044 0.010 0.004 0.030 0.030 0.005 0.023 0.016 0.025 0.028 0.003 0.023 
 171   (0.037) 0.004 0.036 0.005 0.037 0.003 0.024 0.016 0.004 0.034 0.037 0.029 0.042 0.028 0.041 0.036 0.004 0.038 
 179   (0.013) 0.001 0.004 0.002 0.013 0.001 0.005 0.006 0.001 0.011 0.012 0.002 0.009 0.005 0.010 0.010 0.002 0.010 
 157   (0.022) 0.002 0.013 0.003 0.022 0.001 0.010 0.013 0.002 0.018 0.020 0.004 0.016 0.015 0.017 0.018 0.150 0.015 
 149   (0.011) 0.001 0.019 0.001 0.011 0.001 0.006 0.003 0.001 0.008 0.010 0.002 0.007 0.012 0.008 0.008 0.001 0.007 
 177   (0.020) 0.002 0.006 0.011 0.020 0.001 0.013 0.009 0.002 0.018 0.020 0.004 0.019 0.009 0.021 0.021 0.002 0.021 
 155   (0.017) 0.003 0.004 0.002 0.017 0.001 0.008 0.006 0.002 0.015 0.017 0.003 0.012 0.006 0.014 0.014 0.006 0.012 
 175   (0.011) 0.001 0.007 0.001 0.011 0.001 0.005 0.004 0.001 0.009 0.011 0.002 0.008 0.006 0.008 0.009 0.001 0.008 
 169   (0.022) 0.002 0.026 0.017 0.022 0.001 0.011 0.007 0.002 0.021 0.020 0.004 0.017 0.017 0.019 0.020 0.003 0.016 
 159   (0.019) 0.047 0.005 0.002 0.019 0.001 0.009 0.006 0.002 0.015 0.018 0.003 0.014 0.007 0.015 0.015 0.002 0.015 

Locus 5 : 
16 alleles
0.0% missing data
 148   (0.117) 0.048 0.072 0.282 0.117 0.363 0.064 0.161 0.048 0.108 0.114 0.027 0.109 0.144 0.116 0.116 0.102 0.116 
 160   (0.025) 0.003 0.018 0.059 0.025 0.002 0.011 0.009 0.003 0.020 0.023 0.062 0.018 0.016 0.018 0.020 0.004 0.018 
 154   (0.076) 0.226 0.030 0.026 0.076 0.011 0.058 0.029 0.166 0.070 0.077 0.051 0.066 0.030 0.084 0.079 0.018 0.082 
 150   (0.061) 0.007 0.202 0.010 0.061 0.013 0.272 0.041 0.011 0.062 0.059 0.014 0.060 0.051 0.056 0.055 0.060 0.053 
 138   (0.122) 0.252 0.075 0.150 0.122 0.009 0.074 0.076 0.188 0.124 0.117 0.302 0.119 0.086 0.112 0.118 0.024 0.111 
 166   (0.033) 0.003 0.133 0.014 0.033 0.002 0.014 0.012 0.003 0.025 0.029 0.271 0.021 0.082 0.023 0.024 0.034 0.022 
 146   (0.100) 0.017 0.070 0.164 0.100 0.335 0.054 0.047 0.230 0.093 0.097 0.076 0.085 0.069 0.094 0.094 0.032 0.096 
 164   (0.016) 0.002 0.004 0.002 0.016 0.001 0.007 0.005 0.002 0.013 0.015 0.037 0.012 0.005 0.012 0.013 0.002 0.013 
 142   (0.018) 0.016 0.085 0.002 0.018 0.007 0.130 0.006 0.002 0.013 0.016 0.003 0.012 0.005 0.013 0.013 0.002 0.011 
 144   (0.154) 0.148 0.183 0.027 0.154 0.228 0.119 0.321 0.301 0.166 0.160 0.058 0.171 0.273 0.161 0.164 0.071 0.166 
 140   (0.082) 0.223 0.021 0.020 0.082 0.007 0.047 0.185 0.010 0.086 0.083 0.016 0.080 0.121 0.091 0.091 0.190 0.089 
 158   (0.044) 0.017 0.021 0.087 0.044 0.004 0.041 0.032 0.005 0.054 0.051 0.036 0.058 0.026 0.046 0.048 0.009 0.047 
 162   (0.028) 0.003 0.012 0.130 0.028 0.002 0.021 0.011 0.003 0.028 0.027 0.005 0.025 0.011 0.028 0.027 0.003 0.026 
 152   (0.092) 0.032 0.036 0.012 0.092 0.015 0.073 0.049 0.025 0.106 0.098 0.019 0.128 0.052 0.110 0.108 0.443 0.118 
 134   (0.015) 0.002 0.032 0.002 0.015 0.001 0.008 0.007 0.002 0.014 0.016 0.003 0.018 0.021 0.016 0.012 0.002 0.012 
 156   (0.020) 0.002 0.005 0.012 0.020 0.001 0.010 0.008 0.002 0.018 0.018 0.020 0.017 0.007 0.019 0.018 0.002 0.019 

Locus 6 : 
12 alleles
0.0% missing data
 225   (0.045) 0.017 0.018 0.120 0.045 0.290 0.032 0.016 0.007 0.039 0.042 0.008 0.034 0.016 0.042 0.041 0.010 0.040 
 239   (0.102) 0.015 0.049 0.027 0.102 0.429 0.068 0.103 0.228 0.107 0.098 0.232 0.104 0.081 0.098 0.098 0.014 0.099 
 229   (0.014) 0.001 0.004 0.293 0.014 0.001 0.006 0.006 0.001 0.012 0.013 0.002 0.010 0.005 0.010 0.011 0.001 0.010 
 235   (0.294) 0.498 0.278 0.376 0.294 0.228 0.439 0.376 0.313 0.299 0.301 0.086 0.314 0.287 0.306 0.304 0.270 0.312 
 237   (0.209) 0.160 0.162 0.037 0.209 0.025 0.175 0.251 0.265 0.216 0.213 0.067 0.219 0.226 0.231 0.227 0.197 0.232 
 233   (0.106) 0.015 0.090 0.061 0.106 0.011 0.092 0.150 0.157 0.109 0.104 0.252 0.101 0.122 0.092 0.102 0.466 0.093 
 227   (0.030) 0.003 0.278 0.003 0.030 0.002 0.026 0.010 0.003 0.023 0.028 0.292 0.023 0.157 0.022 0.023 0.003 0.021 
 245   (0.070) 0.145 0.023 0.009 0.070 0.005 0.058 0.040 0.008 0.077 0.075 0.023 0.084 0.032 0.074 0.073 0.023 0.071 
 241   (0.040) 0.022 0.032 0.063 0.039 0.003 0.029 0.014 0.008 0.035 0.038 0.015 0.031 0.023 0.034 0.035 0.007 0.033 
 231   (0.049) 0.053 0.034 0.006 0.050 0.003 0.051 0.019 0.005 0.047 0.049 0.016 0.048 0.025 0.058 0.055 0.005 0.060 
 243   (0.029) 0.069 0.029 0.003 0.029 0.002 0.019 0.012 0.003 0.026 0.027 0.005 0.024 0.022 0.023 0.024 0.003 0.021 
 251   (0.012) 0.001 0.003 0.001 0.013 0.001 0.005 0.004 0.001 0.010 0.012 0.002 0.008 0.004 0.009 0.009 0.001 0.008 

Locus 7 : 
5 alleles
0.0% missing data
 118   (0.921) 0.992 0.833 0.990 0.921 0.994 0.729 0.937 0.992 0.927 0.927 0.671 0.931 0.953 0.934 0.931 0.923 0.933 
 124   (0.039) 0.004 0.009 0.005 0.039 0.002 0.020 0.049 0.004 0.037 0.036 0.321 0.037 0.033 0.032 0.033 0.071 0.034 
 116   (0.013) 0.001 0.150 0.002 0.012 0.002 0.236 0.004 0.001 0.009 0.011 0.002 0.007 0.004 0.008 0.009 0.001 0.008 
 114   (0.016) 0.002 0.004 0.002 0.016 0.001 0.009 0.006 0.002 0.017 0.016 0.004 0.016 0.006 0.017 0.018 0.003 0.017 
 122   (0.012) 0.001 0.003 0.001 0.012 0.001 0.005 0.004 0.001 0.010 0.011 0.002 0.008 0.004 0.009 0.009 0.001 0.008 

Locus 8 : 
5 alleles
0.0% missing data
 135   (0.053) 0.026 0.014 0.023 0.053 0.011 0.046 0.050 0.006 0.065 0.054 0.010 0.090 0.034 0.061 0.065 0.014 0.075 
 139   (0.752) 0.668 0.615 0.818 0.752 0.919 0.643 0.856 0.956 0.764 0.755 0.947 0.749 0.781 0.776 0.776 0.932 0.778 
 137   (0.147) 0.242 0.358 0.154 0.147 0.067 0.289 0.078 0.033 0.131 0.145 0.035 0.126 0.169 0.124 0.122 0.049 0.112 
 143   (0.033) 0.034 0.010 0.004 0.033 0.002 0.017 0.011 0.004 0.030 0.034 0.006 0.025 0.012 0.029 0.027 0.004 0.027 
 141   (0.014) 0.030 0.003 0.002 0.014 0.001 0.005 0.005 0.001 0.010 0.012 0.002 0.009 0.005 0.010 0.010 0.002 0.009 

Locus 9 : 
11 alleles
0.0% missing data
 116   (0.291) 0.311 0.147 0.425 0.292 0.370 0.261 0.309 0.178 0.317 0.292 0.107 0.344 0.234 0.303 0.313 0.510 0.321 
 112   (0.086) 0.171 0.024 0.058 0.085 0.012 0.052 0.079 0.379 0.081 0.086 0.016 0.081 0.059 0.087 0.084 0.035 0.086 
 122   (0.064) 0.010 0.222 0.007 0.063 0.432 0.106 0.023 0.294 0.052 0.061 0.302 0.048 0.111 0.051 0.051 0.010 0.050 
 114   (0.219) 0.302 0.178 0.079 0.219 0.021 0.132 0.287 0.046 0.226 0.219 0.053 0.228 0.274 0.234 0.223 0.365 0.226 
 120   (0.042) 0.019 0.011 0.005 0.042 0.003 0.017 0.102 0.022 0.035 0.040 0.208 0.030 0.068 0.032 0.033 0.005 0.030 
 130   (0.037) 0.004 0.048 0.005 0.037 0.003 0.025 0.045 0.004 0.041 0.039 0.176 0.038 0.053 0.031 0.036 0.006 0.034 
 118   (0.123) 0.142 0.052 0.403 0.123 0.019 0.083 0.096 0.018 0.119 0.128 0.112 0.112 0.080 0.132 0.133 0.038 0.133 
 124   (0.064) 0.033 0.129 0.008 0.064 0.135 0.151 0.022 0.051 0.057 0.061 0.011 0.050 0.043 0.056 0.055 0.007 0.053 
 126   (0.041) 0.004 0.180 0.006 0.041 0.004 0.153 0.023 0.005 0.034 0.041 0.010 0.036 0.066 0.034 0.034 0.008 0.032 
 108   (0.013) 0.001 0.003 0.001 0.013 0.001 0.007 0.005 0.001 0.018 0.013 0.002 0.013 0.004 0.015 0.016 0.001 0.012 
 128   (0.021) 0.003 0.005 0.002 0.021 0.002 0.012 0.008 0.002 0.020 0.020 0.004 0.020 0.008 0.024 0.022 0.015 0.024 

Locus 10 : 
4 alleles
0.0% missing data
 232   (0.894) 0.931 0.783 0.987 0.894 0.993 0.945 0.933 0.988 0.899 0.897 0.973 0.908 0.838 0.904 0.906 0.987 0.916 
 238   (0.080) 0.067 0.211 0.010 0.080 0.006 0.042 0.057 0.009 0.072 0.078 0.023 0.069 0.153 0.069 0.067 0.010 0.061 
 234   (0.014) 0.001 0.003 0.002 0.014 0.001 0.008 0.006 0.001 0.018 0.013 0.002 0.014 0.004 0.016 0.017 0.001 0.013 
 244   (0.012) 0.001 0.003 0.001 0.012 0.001 0.005 0.004 0.001 0.010 0.011 0.002 0.009 0.005 0.011 0.010 0.001 0.010 

Locus 11 : 
7 alleles
0.0% missing data
 165   (0.763) 0.929 0.765 0.917 0.763 0.770 0.646 0.785 0.800 0.774 0.770 0.930 0.791 0.824 0.772 0.776 0.922 0.781 
 167   (0.076) 0.027 0.148 0.057 0.076 0.219 0.236 0.028 0.183 0.064 0.072 0.022 0.056 0.028 0.062 0.062 0.009 0.058 
 161   (0.111) 0.012 0.076 0.020 0.111 0.008 0.098 0.172 0.012 0.120 0.113 0.040 0.119 0.133 0.127 0.121 0.064 0.125 
 155   (0.012) 0.001 0.003 0.001 0.012 0.001 0.005 0.003 0.001 0.010 0.012 0.002 0.008 0.004 0.008 0.009 0.001 0.008 
 173   (0.012) 0.001 0.003 0.001 0.012 0.001 0.005 0.004 0.001 0.012 0.011 0.002 0.009 0.004 0.011 0.011 0.001 0.009 
 163   (0.013) 0.029 0.003 0.001 0.013 0.001 0.005 0.004 0.001 0.010 0.011 0.002 0.008 0.004 0.010 0.010 0.001 0.009 
 171   (0.013) 0.001 0.003 0.001 0.013 0.001 0.005 0.004 0.001 0.010 0.012 0.002 0.009 0.004 0.010 0.010 0.001 0.010 

Locus 12 : 
8 alleles
0.0% missing data
 137   (0.517) 0.826 0.608 0.406 0.517 0.455 0.642 0.332 0.419 0.508 0.523 0.846 0.511 0.430 0.530 0.531 0.330 0.538 
 140   (0.157) 0.057 0.070 0.212 0.157 0.015 0.113 0.394 0.053 0.175 0.158 0.032 0.181 0.257 0.151 0.163 0.593 0.154 
 134   (0.249) 0.081 0.271 0.373 0.249 0.525 0.208 0.247 0.520 0.249 0.245 0.109 0.243 0.270 0.248 0.236 0.058 0.240 
 149   (0.011) 0.001 0.003 0.002 0.011 0.001 0.004 0.003 0.001 0.009 0.011 0.002 0.007 0.004 0.008 0.009 0.001 0.008 
 143   (0.015) 0.002 0.031 0.002 0.015 0.001 0.007 0.005 0.002 0.012 0.015 0.003 0.012 0.020 0.011 0.011 0.002 0.010 
 128   (0.013) 0.001 0.007 0.002 0.013 0.001 0.005 0.004 0.001 0.010 0.012 0.002 0.009 0.006 0.009 0.010 0.001 0.009 
 125   (0.019) 0.030 0.006 0.002 0.019 0.001 0.009 0.007 0.002 0.016 0.018 0.003 0.013 0.006 0.015 0.015 0.013 0.014 
 146   (0.018) 0.002 0.004 0.002 0.018 0.001 0.012 0.008 0.002 0.021 0.018 0.003 0.023 0.008 0.027 0.025 0.002 0.027 

Locus 13 : 
19 alleles
0.5% missing data
 206   (0.138) 0.149 0.087 0.415 0.138 0.050 0.108 0.154 0.030 0.121 0.130 0.212 0.113 0.121 0.120 0.127 0.256 0.119 
 210   (0.100) 0.021 0.033 0.283 0.100 0.410 0.077 0.144 0.041 0.107 0.103 0.019 0.104 0.093 0.095 0.104 0.172 0.094 
 190   (0.072) 0.116 0.023 0.009 0.072 0.005 0.052 0.031 0.012 0.074 0.072 0.029 0.078 0.031 0.076 0.074 0.086 0.078 
 202   (0.087) 0.011 0.241 0.016 0.087 0.008 0.175 0.048 0.014 0.097 0.094 0.539 0.117 0.128 0.099 0.092 0.032 0.104 
 214   (0.041) 0.005 0.012 0.005 0.041 0.252 0.020 0.025 0.145 0.036 0.038 0.007 0.032 0.021 0.036 0.036 0.063 0.037 
 212   (0.030) 0.432 0.011 0.003 0.030 0.188 0.019 0.011 0.004 0.026 0.029 0.005 0.023 0.009 0.025 0.025 0.004 0.022 
 192   (0.110) 0.033 0.039 0.047 0.110 0.008 0.093 0.230 0.013 0.129 0.117 0.060 0.133 0.144 0.126 0.124 0.092 0.127 
 204   (0.037) 0.014 0.014 0.005 0.037 0.017 0.024 0.019 0.060 0.035 0.038 0.016 0.034 0.018 0.038 0.036 0.019 0.038 
 184   (0.056) 0.098 0.014 0.099 0.056 0.004 0.029 0.031 0.006 0.051 0.056 0.010 0.047 0.027 0.050 0.050 0.018 0.045 
 216   (0.020) 0.002 0.005 0.002 0.020 0.001 0.011 0.175 0.002 0.021 0.019 0.003 0.021 0.110 0.017 0.019 0.013 0.019 
 208   (0.043) 0.047 0.012 0.005 0.043 0.016 0.031 0.032 0.005 0.047 0.043 0.009 0.048 0.022 0.040 0.044 0.197 0.046 
 198   (0.036) 0.005 0.009 0.004 0.036 0.002 0.027 0.017 0.004 0.040 0.038 0.017 0.047 0.019 0.057 0.053 0.004 0.061 
 194   (0.061) 0.010 0.247 0.030 0.061 0.006 0.211 0.021 0.596 0.054 0.058 0.019 0.049 0.085 0.053 0.055 0.019 0.054 
 186   (0.017) 0.002 0.006 0.002 0.017 0.012 0.010 0.005 0.048 0.013 0.016 0.003 0.012 0.006 0.012 0.013 0.002 0.013 
 188   (0.021) 0.002 0.024 0.002 0.021 0.001 0.009 0.008 0.002 0.018 0.020 0.003 0.017 0.018 0.018 0.017 0.004 0.015 
 200   (0.067) 0.031 0.204 0.064 0.067 0.017 0.064 0.025 0.012 0.064 0.067 0.035 0.064 0.122 0.066 0.063 0.011 0.063 
 196   (0.039) 0.021 0.013 0.005 0.039 0.003 0.027 0.016 0.005 0.038 0.038 0.007 0.039 0.017 0.046 0.043 0.005 0.044 
 220   (0.012) 0.001 0.003 0.001 0.012 0.001 0.005 0.004 0.001 0.010 0.011 0.005 0.008 0.004 0.009 0.009 0.001 0.008 
 180   (0.014) 0.001 0.003 0.002 0.014 0.001 0.008 0.005 0.001 0.018 0.013 0.002 0.014 0.004 0.016 0.016 0.001 0.013 

Locus 14 : 
8 alleles
1.1% missing data
 139   (0.074) 0.008 0.075 0.090 0.073 0.187 0.094 0.179 0.161 0.066 0.072 0.043 0.061 0.127 0.062 0.064 0.010 0.059 
 145   (0.063) 0.166 0.032 0.142 0.063 0.009 0.037 0.031 0.010 0.057 0.062 0.013 0.053 0.036 0.060 0.055 0.011 0.055 
 151   (0.308) 0.402 0.244 0.461 0.307 0.335 0.243 0.235 0.546 0.304 0.313 0.353 0.306 0.250 0.301 0.306 0.661 0.295 
 157   (0.354) 0.272 0.366 0.222 0.354 0.153 0.434 0.452 0.160 0.382 0.359 0.468 0.407 0.404 0.389 0.394 0.277 0.414 
 154   (0.099) 0.122 0.065 0.014 0.100 0.309 0.108 0.068 0.111 0.099 0.095 0.018 0.089 0.054 0.101 0.094 0.029 0.090 
 163   (0.042) 0.004 0.027 0.063 0.042 0.003 0.042 0.014 0.005 0.037 0.040 0.094 0.034 0.015 0.035 0.035 0.005 0.037 
 160   (0.033) 0.003 0.168 0.005 0.033 0.002 0.016 0.010 0.003 0.028 0.032 0.006 0.023 0.100 0.025 0.026 0.004 0.023 
 142   (0.029) 0.023 0.022 0.004 0.029 0.002 0.026 0.011 0.003 0.027 0.028 0.006 0.026 0.014 0.029 0.027 0.004 0.027 

Locus 15 : 
13 alleles
1.6% missing data
 256   (0.154) 0.135 0.172 0.164 0.154 0.074 0.169 0.141 0.122 0.135 0.147 0.126 0.122 0.153 0.130 0.131 0.172 0.122 
 262   (0.022) 0.002 0.069 0.270 0.022 0.001 0.107 0.007 0.002 0.017 0.020 0.004 0.015 0.007 0.016 0.016 0.002 0.014 
 246   (0.116) 0.029 0.105 0.179 0.116 0.008 0.121 0.136 0.013 0.135 0.118 0.023 0.143 0.124 0.131 0.138 0.089 0.149 
 258   (0.182) 0.162 0.170 0.025 0.182 0.014 0.225 0.279 0.024 0.205 0.195 0.535 0.227 0.219 0.202 0.210 0.233 0.216 
 254   (0.107) 0.066 0.075 0.013 0.107 0.160 0.073 0.050 0.335 0.099 0.105 0.178 0.102 0.065 0.102 0.097 0.165 0.099 
 250   (0.032) 0.018 0.012 0.004 0.032 0.649 0.018 0.011 0.080 0.026 0.030 0.008 0.024 0.012 0.025 0.025 0.003 0.023 
 242   (0.100) 0.179 0.063 0.188 0.100 0.070 0.080 0.040 0.155 0.105 0.102 0.021 0.108 0.055 0.120 0.114 0.012 0.119 
 252   (0.064) 0.033 0.035 0.111 0.064 0.007 0.058 0.045 0.045 0.065 0.063 0.013 0.067 0.036 0.063 0.065 0.027 0.061 
 248   (0.129) 0.307 0.265 0.023 0.129 0.011 0.099 0.249 0.214 0.127 0.129 0.075 0.115 0.286 0.121 0.119 0.038 0.115 
 260   (0.041) 0.005 0.018 0.005 0.041 0.003 0.023 0.023 0.004 0.040 0.041 0.007 0.037 0.024 0.039 0.038 0.252 0.035 
 264   (0.015) 0.002 0.004 0.002 0.014 0.001 0.009 0.006 0.001 0.014 0.014 0.002 0.014 0.006 0.020 0.018 0.001 0.019 
 244   (0.027) 0.061 0.009 0.015 0.027 0.002 0.014 0.010 0.003 0.023 0.025 0.004 0.020 0.009 0.022 0.021 0.003 0.020 
 276   (0.011) 0.001 0.003 0.001 0.011 0.001 0.004 0.003 0.001 0.009 0.011 0.002 0.007 0.003 0.009 0.008 0.001 0.007 

Values of parameters used in structure:
DATAFILE=G:\Shared drives\Emily_Schumacher\QUAC_analyses\QUAC_structure_wild_relate\QUAC_allpop_relate_red_12_15_21\project_data,	OUTFILE=G:\Shared drives\Emily_Schumacher\QUAC_analyses\QUAC_structure_wild_relate\QUAC_allpop_relate_red_12_15_21\50-100\Results\50-100_run_82,	NUMINDS=188,	NUMLOCI=15,	MISSING=-9,	LABEL=1,	POPDATA=1,	POPFLAG=0,	PHENOTYPE=0,	EXTRACOLS=0,	MAXPOPS=17,	BURNIN=50000,	NUMREPS=100000,	USEPOPINFO=0,	INFERALPHA=1,	INFERLAMBDA=0,	POPSPECIFICLAMBDA=0,	POPALPHAS=0,	COMPUTEPROB=1,	NOADMIX=0,	ADMBURNIN=2500,	UPDATEFREQ=1,	PRINTLIKES=0,	INTERMEDSAVE=0,	PRINTKLD=0,	PRINTNET=0,	PRINTLAMBDA=0,	ANCESTDIST=0,	NUMBOXES=1000,	ANCESTPINT=0.90000,	GENSBACK=2,	MIGRPRIOR=0.05000,	PRINTQHAT=0,	PRINTQSUM=0,	ALPHA=1.0000,	FREQSCORR=1,	FPRIORMEAN=0.0100,	FPRIORSD=0.0500,	ONEFST=0,	LAMBDA=1.0000,	UNIFPRIORALPHA=1,	ALPHAMAX=10.0000,	ALPHAPRIORA=1.0000,	ALPHAPRIORB=2.0000,	ALPHAPROPSD=0.0250,	STARTATPOPINFO=0,	RANDOMIZE=1,	LINKAGE=0,	METROFREQ=10,	REPORTHITRATE=0,	MARKOVPHASE=-1,	PHASED=0,	PLOIDY=2,	PHASEINFO=0	LOCPRIOR=0, 	LOCPRIORINIT=1.000000, 	LOCDATA=0, 	LOCISPOP=0, 	LOCPRIORSTEP=0.100000, 	MAXLOCPRIOR=20.000000, 	SEED=1639612812,	
[STRAT parameters]:    NUMSIMSTATS=1000,	PHENOTYPECOL=-9,	POOLFREQ=10,	LOCUSxONLY=0,	EMERROR=0.00100,	MISSINGPHENO=-9,	