

----------------------------------------------------
STRUCTURE by Pritchard, Stephens and Donnelly (2000)
     and Falush, Stephens and Pritchard (2003)
       Code by Pritchard, Falush and Hubisz
             Version 2.3.4 (Jul 2012)
----------------------------------------------------



Command line arguments:   bin\structure -m G:\Shared drives\Emily_Schumacher\QUAC_analyses\QUAC_structure_wild_relate\QUAC_allpop_relate_red_12_15_21\50-100\mainparams -e G:\Shared drives\Emily_Schumacher\QUAC_analyses\QUAC_structure_wild_relate\QUAC_allpop_relate_red_12_15_21\50-100\extraparams 
Input File:    G:\Shared drives\Emily_Schumacher\QUAC_analyses\QUAC_structure_wild_relate\QUAC_allpop_relate_red_12_15_21\project_data

Run parameters:
   188 individuals
   15 loci
   17 populations assumed
   50000 Burn-in period
   100000 Reps


--------------------------------------------
Proportion of membership of each pre-defined
 population in each of the 17 clusters

Given    Inferred Clusters                                                                                                         Number of
 Pop       1      2      3      4      5      6      7      8      9     10     11     12     13     14     15     16     17      Individuals

  1:     0.011  0.015  0.005  0.011  0.009  0.005  0.005  0.006  0.010  0.004  0.008  0.010  0.008  0.007  0.866  0.012  0.008        2
  2:     0.059  0.267  0.016  0.046  0.025  0.020  0.186  0.036  0.028  0.006  0.026  0.031  0.025  0.075  0.038  0.087  0.028       17
  3:     0.096  0.147  0.010  0.059  0.038  0.029  0.013  0.015  0.039  0.088  0.041  0.041  0.038  0.095  0.055  0.152  0.043       19
  4:     0.139  0.010  0.017  0.073  0.050  0.070  0.012  0.018  0.056  0.014  0.049  0.052  0.050  0.011  0.109  0.232  0.039       10
  5:     0.014  0.556  0.007  0.015  0.014  0.026  0.004  0.010  0.014  0.006  0.014  0.014  0.014  0.259  0.009  0.013  0.013        2
  6:     0.161  0.008  0.010  0.028  0.032  0.006  0.144  0.020  0.030  0.119  0.033  0.030  0.032  0.015  0.008  0.291  0.033        2
  7:     0.029  0.126  0.008  0.035  0.057  0.008  0.012  0.120  0.065  0.017  0.054  0.055  0.067  0.234  0.009  0.046  0.058        1
  8:     0.007  0.863  0.009  0.007  0.007  0.008  0.005  0.011  0.007  0.005  0.007  0.007  0.007  0.029  0.007  0.008  0.007        1
  9:     0.076  0.004  0.080  0.099  0.094  0.005  0.006  0.020  0.092  0.012  0.128  0.083  0.092  0.046  0.005  0.010  0.147        1
 10:     0.020  0.012  0.013  0.031  0.066  0.011  0.140  0.014  0.058  0.378  0.066  0.057  0.064  0.008  0.007  0.009  0.047        6
 11:     0.065  0.040  0.020  0.049  0.053  0.043  0.086  0.028  0.050  0.149  0.053  0.056  0.053  0.112  0.014  0.080  0.049       16
 12:     0.033  0.021  0.525  0.036  0.053  0.020  0.004  0.014  0.053  0.010  0.058  0.049  0.047  0.007  0.015  0.011  0.044        1
 13:     0.081  0.014  0.017  0.059  0.035  0.404  0.012  0.017  0.038  0.019  0.036  0.041  0.035  0.014  0.024  0.117  0.038       33
 14:     0.020  0.070  0.015  0.024  0.020  0.010  0.087  0.103  0.021  0.146  0.019  0.020  0.019  0.350  0.010  0.048  0.018       21
 15:     0.018  0.009  0.009  0.020  0.020  0.014  0.025  0.037  0.019  0.010  0.020  0.021  0.019  0.012  0.702  0.026  0.019       14
 16:     0.063  0.012  0.607  0.029  0.026  0.016  0.009  0.040  0.028  0.010  0.027  0.026  0.027  0.018  0.014  0.017  0.032       35
 17:     0.061  0.012  0.024  0.109  0.109  0.010  0.007  0.022  0.100  0.010  0.134  0.100  0.114  0.010  0.009  0.021  0.147        7
--------------------------------------------

Allele-freq. divergence among pops (Net nucleotide distance),
computed using point estimates of P.

      1       2       3       4       5       6       7       8       9      10      11      12      13      14      15      16      17      
 1      -    0.0831  0.0340  0.0040  0.0060  0.0428  0.0637  0.0342  0.0054  0.0401  0.0060  0.0049  0.0059  0.0608  0.0514  0.0055  0.0061  
 2   0.0831     -    0.1181  0.0830  0.0809  0.1305  0.1419  0.1081  0.0808  0.1160  0.0820  0.0808  0.0812  0.0905  0.1125  0.0897  0.0853  
 3   0.0340  0.1181     -    0.0344  0.0288  0.0855  0.0829  0.0495  0.0289  0.0607  0.0291  0.0299  0.0288  0.0783  0.0767  0.0540  0.0299  
 4   0.0040  0.0830  0.0344     -    0.0024  0.0410  0.0565  0.0305  0.0018  0.0361  0.0022  0.0013  0.0023  0.0597  0.0467  0.0135  0.0020  
 5   0.0060  0.0809  0.0288  0.0024     -    0.0460  0.0530  0.0244  0.0001  0.0305  0.0001  0.0002  0.0000  0.0525  0.0422  0.0160  0.0007  
 6   0.0428  0.1305  0.0855  0.0410  0.0460     -    0.1009  0.0880  0.0451  0.0911  0.0464  0.0442  0.0461  0.1071  0.0902  0.0516  0.0476  
 7   0.0637  0.1419  0.0829  0.0565  0.0530  0.1009     -    0.0702  0.0529  0.0698  0.0535  0.0537  0.0531  0.1021  0.1033  0.0746  0.0552  
 8   0.0342  0.1081  0.0495  0.0305  0.0244  0.0880  0.0702     -    0.0248  0.0488  0.0248  0.0257  0.0245  0.0711  0.0734  0.0307  0.0266  
 9   0.0054  0.0808  0.0289  0.0018  0.0001  0.0451  0.0529  0.0248     -    0.0307  0.0001  0.0001  0.0001  0.0529  0.0428  0.0154  0.0006  
10   0.0401  0.1160  0.0607  0.0361  0.0305  0.0911  0.0698  0.0488  0.0307     -    0.0309  0.0317  0.0306  0.0802  0.0868  0.0475  0.0331  
11   0.0060  0.0820  0.0291  0.0022  0.0001  0.0464  0.0535  0.0248  0.0001  0.0309     -    0.0002  0.0000  0.0531  0.0425  0.0163  0.0004  
12   0.0049  0.0808  0.0299  0.0013  0.0002  0.0442  0.0537  0.0257  0.0001  0.0317  0.0002     -    0.0002  0.0542  0.0429  0.0148  0.0006  
13   0.0059  0.0812  0.0288  0.0023  0.0000  0.0461  0.0531  0.0245  0.0001  0.0306  0.0000  0.0002     -    0.0527  0.0424  0.0161  0.0006  
14   0.0608  0.0905  0.0783  0.0597  0.0525  0.1071  0.1021  0.0711  0.0529  0.0802  0.0531  0.0542  0.0527     -    0.0923  0.0730  0.0554  
15   0.0514  0.1125  0.0767  0.0467  0.0422  0.0902  0.1033  0.0734  0.0428  0.0868  0.0425  0.0429  0.0424  0.0923     -    0.0642  0.0445  
16   0.0055  0.0897  0.0540  0.0135  0.0160  0.0516  0.0746  0.0307  0.0154  0.0475  0.0163  0.0148  0.0161  0.0730  0.0642     -    0.0173  
17   0.0061  0.0853  0.0299  0.0020  0.0007  0.0476  0.0552  0.0266  0.0006  0.0331  0.0004  0.0006  0.0006  0.0554  0.0445  0.0173     -    

Average distances (expected heterozygosity) between individuals in same cluster:
cluster  1  : 0.5923 
cluster  2  : 0.4284 
cluster  3  : 0.5379 
cluster  4  : 0.6145 
cluster  5  : 0.6452 
cluster  6  : 0.5154 
cluster  7  : 0.5225 
cluster  8  : 0.6258 
cluster  9  : 0.6403 
cluster 10  : 0.6017 
cluster 11  : 0.6430 
cluster 12  : 0.6383 
cluster 13  : 0.6442 
cluster 14  : 0.5094 
cluster 15  : 0.5329 
cluster 16  : 0.5814 
cluster 17  : 0.6331 

--------------------------------------------
Estimated Ln Prob of Data   = -8796.7
Mean value of ln likelihood = -7001.2
Variance of ln likelihood   = 3591.0
Mean value of alpha         = 0.0396

Mean value of Fst_1         = 0.1436
Mean value of Fst_2         = 0.4038
Mean value of Fst_3         = 0.1544
Mean value of Fst_4         = 0.1012
Mean value of Fst_5         = 0.0050
Mean value of Fst_6         = 0.2235
Mean value of Fst_7         = 0.2581
Mean value of Fst_8         = 0.2120
Mean value of Fst_9         = 0.0190
Mean value of Fst_10         = 0.1537
Mean value of Fst_11         = 0.0130
Mean value of Fst_12         = 0.0350
Mean value of Fst_13         = 0.0089
Mean value of Fst_14         = 0.2525
Mean value of Fst_15         = 0.2054
Mean value of Fst_16         = 0.2063
Mean value of Fst_17         = 0.0541


Inferred ancestry of individuals:
        Label (%Miss) Pop:  Inferred clusters
  1 QAc-G-0029    (0)    1 :  0.017 0.025 0.005 0.017 0.013 0.006 0.006 0.007 0.014 0.005 0.012 0.015 0.011 0.006 0.811 0.020 0.012 
  2 QAc-G-0030    (0)    1 :  0.005 0.005 0.006 0.004 0.005 0.004 0.004 0.004 0.006 0.004 0.005 0.005 0.005 0.008 0.921 0.004 0.005 
  3 QAc-G-0062    (0)    2 :  0.017 0.028 0.033 0.022 0.026 0.005 0.399 0.046 0.022 0.008 0.028 0.024 0.027 0.266 0.006 0.018 0.026 
  4 QAc-G-0063    (0)    2 :  0.028 0.588 0.015 0.036 0.030 0.018 0.010 0.021 0.032 0.010 0.032 0.035 0.033 0.050 0.007 0.025 0.030 
  5 QAc-G-0064    (0)    2 :  0.007 0.007 0.007 0.009 0.006 0.005 0.886 0.005 0.005 0.006 0.006 0.006 0.006 0.024 0.005 0.006 0.005 
  6 QAc-G-0065    (0)    2 :  0.005 0.003 0.003 0.005 0.004 0.005 0.924 0.004 0.005 0.009 0.005 0.005 0.005 0.003 0.006 0.004 0.005 
  7 QAc-G-0066    (0)    2 :  0.004 0.938 0.004 0.004 0.004 0.004 0.003 0.004 0.004 0.003 0.003 0.004 0.004 0.005 0.005 0.004 0.004 
  8 QAc-G-0067    (0)    2 :  0.014 0.005 0.006 0.014 0.017 0.008 0.805 0.009 0.016 0.010 0.017 0.015 0.015 0.005 0.017 0.011 0.015 
  9 QAc-G-0068    (0)    2 :  0.010 0.447 0.008 0.004 0.005 0.004 0.006 0.360 0.005 0.005 0.005 0.005 0.005 0.006 0.005 0.116 0.004 
 10 QAc-G-0070    (0)    2 :  0.045 0.489 0.074 0.022 0.023 0.006 0.022 0.037 0.028 0.005 0.025 0.024 0.023 0.122 0.013 0.013 0.027 
 11 QAc-G-0071   (13)    2 :  0.007 0.879 0.005 0.007 0.006 0.003 0.003 0.006 0.006 0.005 0.006 0.005 0.006 0.035 0.009 0.007 0.006 
 12 QAc-G-0072    (0)    2 :  0.006 0.922 0.006 0.005 0.005 0.004 0.004 0.006 0.004 0.004 0.005 0.005 0.005 0.004 0.005 0.005 0.005 
 13 QAc-G-0073    (0)    2 :  0.223 0.005 0.010 0.126 0.020 0.016 0.004 0.012 0.037 0.004 0.019 0.049 0.020 0.004 0.011 0.420 0.021 
 14 QAc-G-0074    (0)    2 :  0.157 0.169 0.016 0.060 0.036 0.020 0.006 0.017 0.038 0.006 0.035 0.044 0.044 0.042 0.005 0.268 0.040 
 15 QAc-G-0075    (0)    2 :  0.248 0.011 0.007 0.030 0.026 0.042 0.010 0.010 0.024 0.007 0.027 0.028 0.023 0.013 0.017 0.449 0.029 
 16 QAc-G-0076    (0)    2 :  0.122 0.009 0.007 0.258 0.045 0.094 0.034 0.016 0.070 0.005 0.039 0.109 0.042 0.005 0.008 0.093 0.044 
 17 QAc-G-0080    (0)    2 :  0.028 0.009 0.006 0.037 0.059 0.005 0.022 0.019 0.054 0.007 0.052 0.049 0.053 0.018 0.511 0.014 0.058 
 18 QAc-G-0081    (0)    2 :  0.055 0.005 0.063 0.115 0.096 0.011 0.007 0.030 0.104 0.009 0.118 0.101 0.106 0.011 0.008 0.013 0.148 
 19 QAc-G-0083    (0)    2 :  0.024 0.034 0.009 0.025 0.017 0.093 0.010 0.007 0.017 0.005 0.014 0.019 0.018 0.656 0.017 0.018 0.015 
 20 QAc-G-0285    (0)    3 :  0.006 0.071 0.007 0.006 0.007 0.005 0.004 0.007 0.007 0.011 0.008 0.007 0.007 0.824 0.010 0.006 0.007 
 21 QAc-G-0287    (0)    3 :  0.004 0.947 0.003 0.003 0.003 0.003 0.003 0.003 0.003 0.003 0.003 0.003 0.003 0.005 0.004 0.004 0.003 
 22 QAc-G-0288    (6)    3 :  0.007 0.880 0.010 0.006 0.007 0.008 0.006 0.008 0.007 0.007 0.007 0.007 0.007 0.005 0.016 0.007 0.006 
 23 QAc-G-0292    (0)    3 :  0.008 0.154 0.011 0.012 0.010 0.005 0.006 0.010 0.010 0.007 0.010 0.009 0.010 0.715 0.005 0.008 0.011 
 24 QAc-G-0294    (0)    3 :  0.112 0.005 0.005 0.251 0.053 0.057 0.018 0.028 0.084 0.009 0.051 0.100 0.051 0.005 0.016 0.084 0.071 
 25 QAc-G-0295    (0)    3 :  0.200 0.016 0.005 0.121 0.021 0.041 0.022 0.008 0.032 0.007 0.027 0.070 0.026 0.023 0.022 0.316 0.040 
 26 QAc-G-0296    (0)    3 :  0.178 0.008 0.008 0.139 0.023 0.053 0.041 0.008 0.038 0.006 0.021 0.043 0.025 0.013 0.005 0.367 0.024 
 27 QAc-G-0297    (0)    3 :  0.128 0.003 0.007 0.058 0.111 0.036 0.003 0.018 0.093 0.020 0.111 0.080 0.104 0.004 0.006 0.132 0.084 
 28 QAc-G-0298    (6)    3 :  0.275 0.004 0.005 0.035 0.015 0.011 0.008 0.006 0.016 0.006 0.015 0.023 0.016 0.016 0.016 0.510 0.023 
 29 QAc-G-0299    (0)    3 :  0.249 0.011 0.004 0.026 0.011 0.130 0.005 0.009 0.012 0.010 0.011 0.014 0.011 0.006 0.005 0.476 0.012 
 30 QAc-G-0300    (0)    3 :  0.151 0.005 0.019 0.128 0.029 0.106 0.034 0.015 0.046 0.009 0.029 0.044 0.026 0.004 0.005 0.317 0.032 
 31 QAc-G-0301    (0)    3 :  0.286 0.012 0.005 0.011 0.011 0.016 0.037 0.006 0.011 0.005 0.011 0.012 0.011 0.010 0.008 0.538 0.010 
 32 QAc-G-0302    (0)    3 :  0.014 0.005 0.005 0.018 0.018 0.023 0.004 0.016 0.018 0.777 0.019 0.020 0.020 0.006 0.005 0.012 0.020 
 33 QAc-G-0303    (0)    3 :  0.015 0.005 0.021 0.015 0.020 0.004 0.009 0.038 0.021 0.734 0.022 0.021 0.022 0.016 0.006 0.015 0.017 
 34 QAc-G-0305    (0)    3 :  0.018 0.636 0.011 0.018 0.022 0.004 0.006 0.039 0.021 0.024 0.022 0.019 0.020 0.079 0.022 0.016 0.023 
 35 QAc-G-0307    (0)    3 :  0.010 0.004 0.018 0.010 0.011 0.005 0.005 0.008 0.010 0.007 0.011 0.010 0.011 0.010 0.851 0.007 0.010 
 36 QAc-G-0313    (0)    3 :  0.045 0.010 0.013 0.078 0.132 0.008 0.017 0.016 0.110 0.005 0.138 0.105 0.132 0.054 0.010 0.013 0.115 
 37 QAc-G-0314    (0)    3 :  0.067 0.004 0.012 0.088 0.117 0.026 0.010 0.017 0.120 0.013 0.128 0.098 0.116 0.003 0.011 0.041 0.130 
 38 QAc-G-0316    (0)    3 :  0.056 0.009 0.021 0.106 0.096 0.014 0.014 0.024 0.085 0.006 0.128 0.103 0.104 0.007 0.023 0.015 0.188 
 39 QAc-G-0033    (0)    4 :  0.220 0.005 0.006 0.018 0.008 0.193 0.011 0.006 0.008 0.006 0.007 0.013 0.008 0.004 0.007 0.472 0.008 
 40 QAc-G-0034    (0)    4 :  0.288 0.005 0.012 0.012 0.011 0.009 0.008 0.008 0.011 0.010 0.009 0.010 0.011 0.004 0.024 0.556 0.011 
 41 QAc-G-0035    (0)    4 :  0.061 0.016 0.006 0.124 0.043 0.385 0.026 0.018 0.061 0.011 0.045 0.055 0.042 0.014 0.014 0.035 0.045 
 42 QAc-G-0036    (0)    4 :  0.289 0.012 0.008 0.011 0.009 0.009 0.013 0.006 0.010 0.004 0.012 0.014 0.012 0.008 0.006 0.565 0.011 
 43 QAc-G-0039    (0)    4 :  0.100 0.010 0.013 0.213 0.060 0.027 0.009 0.023 0.087 0.011 0.071 0.106 0.064 0.005 0.039 0.054 0.107 
 44 QAc-G-0040    (0)    4 :  0.100 0.016 0.069 0.168 0.074 0.037 0.008 0.016 0.096 0.013 0.069 0.092 0.075 0.046 0.011 0.057 0.053 
 45 QAc-G-0045    (0)    4 :  0.253 0.010 0.005 0.086 0.007 0.024 0.007 0.006 0.011 0.004 0.008 0.013 0.008 0.004 0.013 0.531 0.008 
 46 QAc-G-0050    (0)    4 :  0.028 0.011 0.014 0.041 0.128 0.004 0.006 0.072 0.112 0.060 0.111 0.093 0.118 0.014 0.095 0.029 0.066 
 47 QAc-G-0052    (0)    4 :  0.009 0.004 0.008 0.014 0.012 0.005 0.020 0.008 0.012 0.006 0.013 0.013 0.012 0.004 0.840 0.008 0.010 
 48 QAc-G-0056    (0)    4 :  0.037 0.007 0.025 0.044 0.146 0.007 0.009 0.021 0.147 0.017 0.149 0.113 0.146 0.006 0.040 0.010 0.073 
 49 QAc-G-0276    (0)    5 :  0.016 0.324 0.005 0.015 0.012 0.021 0.003 0.009 0.012 0.005 0.013 0.012 0.013 0.505 0.009 0.013 0.013 
 50 QAc-G-0280    (6)    5 :  0.013 0.787 0.008 0.014 0.016 0.030 0.006 0.012 0.015 0.007 0.016 0.016 0.015 0.014 0.008 0.012 0.013 
 51 QAc-G-0018    (0)    6 :  0.282 0.006 0.006 0.012 0.012 0.007 0.006 0.019 0.012 0.015 0.011 0.011 0.010 0.004 0.011 0.565 0.010 
 52 QAc-G-0017    (0)    6 :  0.040 0.009 0.014 0.045 0.052 0.004 0.281 0.022 0.048 0.222 0.055 0.049 0.054 0.026 0.004 0.018 0.056 
 53 QAc-G-0250    (0)    7 :  0.029 0.126 0.008 0.035 0.057 0.008 0.012 0.120 0.065 0.017 0.054 0.055 0.067 0.234 0.009 0.046 0.058 
 54 QAc-G-0003    (6)    8 :  0.007 0.863 0.009 0.007 0.007 0.008 0.005 0.011 0.007 0.005 0.007 0.007 0.007 0.029 0.007 0.008 0.007 
 55 QAc-G-0283    (0)    9 :  0.076 0.004 0.080 0.099 0.094 0.005 0.006 0.020 0.092 0.012 0.128 0.083 0.092 0.046 0.005 0.010 0.147 
 56 QAc-G-0255    (0)   10 :  0.027 0.005 0.007 0.025 0.037 0.033 0.008 0.033 0.033 0.597 0.041 0.037 0.034 0.006 0.004 0.010 0.062 
 57 QAc-G-0256    (0)   10 :  0.008 0.018 0.004 0.008 0.008 0.008 0.016 0.006 0.008 0.858 0.008 0.008 0.008 0.013 0.006 0.008 0.008 
 58 QAc-G-0257    (0)   10 :  0.012 0.004 0.016 0.015 0.021 0.003 0.076 0.011 0.021 0.726 0.019 0.015 0.019 0.005 0.012 0.007 0.017 
 59 QAc-G-0259    (0)   10 :  0.018 0.003 0.007 0.056 0.182 0.008 0.003 0.007 0.138 0.014 0.168 0.143 0.170 0.003 0.003 0.005 0.072 
 60 QAc-G-0260    (0)   10 :  0.030 0.041 0.037 0.044 0.102 0.011 0.166 0.012 0.100 0.059 0.108 0.092 0.104 0.013 0.008 0.010 0.062 
 61 QAc-G-0261    (0)   10 :  0.025 0.004 0.005 0.038 0.045 0.004 0.570 0.015 0.045 0.015 0.054 0.048 0.049 0.006 0.006 0.012 0.059 
 62 QAc-G-0109    (0)   11 :  0.041 0.005 0.021 0.044 0.065 0.005 0.053 0.017 0.060 0.388 0.068 0.065 0.065 0.010 0.014 0.017 0.065 
 63 QAc-G-0113    (0)   11 :  0.017 0.010 0.007 0.020 0.028 0.006 0.021 0.086 0.029 0.565 0.030 0.025 0.029 0.054 0.019 0.034 0.022 
 64 QAc-G-0114    (0)   11 :  0.029 0.010 0.006 0.016 0.032 0.108 0.004 0.015 0.035 0.587 0.037 0.031 0.029 0.007 0.007 0.018 0.027 
 65 QAc-G-0117    (0)   11 :  0.059 0.007 0.007 0.097 0.060 0.040 0.077 0.085 0.063 0.089 0.067 0.078 0.065 0.049 0.011 0.082 0.065 
 66 QAc-G-0120    (0)   11 :  0.042 0.005 0.009 0.038 0.122 0.012 0.008 0.021 0.087 0.261 0.107 0.093 0.101 0.010 0.009 0.013 0.064 
 67 QAc-G-0125    (0)   11 :  0.017 0.016 0.023 0.019 0.025 0.005 0.642 0.010 0.028 0.019 0.026 0.025 0.030 0.052 0.039 0.005 0.019 
 68 QAc-G-0141    (0)   11 :  0.072 0.017 0.017 0.116 0.084 0.014 0.024 0.065 0.092 0.050 0.096 0.081 0.087 0.016 0.025 0.048 0.095 
 69 QAc-G-0143    (0)   11 :  0.046 0.006 0.004 0.083 0.132 0.004 0.003 0.025 0.097 0.005 0.107 0.183 0.136 0.004 0.006 0.006 0.151 
 70 QAc-G-0147    (0)   11 :  0.037 0.005 0.062 0.040 0.040 0.010 0.408 0.030 0.046 0.083 0.045 0.041 0.048 0.036 0.008 0.029 0.035 
 71 QAc-G-0174    (0)   11 :  0.007 0.061 0.004 0.005 0.005 0.005 0.004 0.006 0.005 0.004 0.005 0.005 0.005 0.863 0.006 0.007 0.004 
 72 QAc-G-0182    (0)   11 :  0.006 0.268 0.004 0.005 0.007 0.004 0.012 0.005 0.007 0.006 0.006 0.006 0.007 0.644 0.003 0.004 0.005 
 73 QAc-G-0188    (0)   11 :  0.032 0.200 0.005 0.033 0.058 0.018 0.007 0.037 0.055 0.282 0.065 0.050 0.062 0.014 0.004 0.009 0.067 
 74 QAc-G-0229    (0)   11 :  0.300 0.005 0.011 0.013 0.011 0.007 0.004 0.008 0.011 0.008 0.012 0.014 0.011 0.010 0.007 0.556 0.012 
 75 QAc-G-0233    (0)   11 :  0.042 0.005 0.092 0.050 0.085 0.314 0.010 0.015 0.069 0.005 0.071 0.060 0.078 0.004 0.038 0.010 0.051 
 76 QAc-G-0237    (0)   11 :  0.210 0.009 0.012 0.057 0.024 0.040 0.054 0.009 0.022 0.021 0.022 0.043 0.023 0.007 0.019 0.407 0.020 
 77 QAc-G-0243    (0)   11 :  0.089 0.004 0.030 0.153 0.073 0.094 0.048 0.018 0.093 0.007 0.086 0.088 0.077 0.008 0.012 0.032 0.090 
 78 QAc-G-0249    (0)   12 :  0.033 0.021 0.525 0.036 0.053 0.020 0.004 0.014 0.053 0.010 0.058 0.049 0.047 0.007 0.015 0.011 0.044 
 79 QAc-W-0001    (0)   13 :  0.020 0.003 0.005 0.009 0.009 0.843 0.014 0.005 0.009 0.013 0.009 0.009 0.010 0.003 0.005 0.024 0.009 
 80 QAc-W-0002    (0)   13 :  0.229 0.035 0.015 0.067 0.027 0.017 0.004 0.012 0.027 0.026 0.028 0.031 0.030 0.008 0.006 0.408 0.029 
 81 QAc-W-0003    (0)   13 :  0.016 0.007 0.005 0.017 0.014 0.766 0.012 0.012 0.016 0.013 0.014 0.013 0.014 0.028 0.020 0.020 0.015 
 82 QAc-W-0004    (0)   13 :  0.010 0.007 0.005 0.007 0.005 0.902 0.004 0.004 0.005 0.004 0.005 0.006 0.005 0.004 0.007 0.014 0.005 
 83 QAc-W-0005    (0)   13 :  0.008 0.005 0.006 0.008 0.006 0.901 0.004 0.005 0.007 0.005 0.006 0.007 0.006 0.006 0.004 0.007 0.008 
 84 QAc-W-0007   (13)   13 :  0.011 0.005 0.007 0.009 0.007 0.885 0.006 0.006 0.008 0.005 0.007 0.008 0.007 0.005 0.005 0.012 0.007 
 85 QAc-W-0008    (6)   13 :  0.024 0.006 0.012 0.028 0.034 0.683 0.004 0.021 0.036 0.007 0.028 0.032 0.033 0.007 0.004 0.016 0.026 
 86 QAc-W-0009    (0)   13 :  0.084 0.021 0.026 0.106 0.066 0.019 0.011 0.019 0.079 0.211 0.058 0.079 0.065 0.006 0.010 0.088 0.051 
 87 QAc-W-0010    (0)   13 :  0.021 0.008 0.029 0.030 0.017 0.691 0.034 0.016 0.021 0.016 0.020 0.022 0.019 0.018 0.005 0.014 0.019 
 88 QAc-W-0011    (0)   13 :  0.071 0.036 0.006 0.098 0.037 0.401 0.012 0.016 0.046 0.011 0.037 0.057 0.039 0.014 0.015 0.069 0.033 
 89 QAc-W-0012    (0)   13 :  0.052 0.015 0.015 0.025 0.020 0.637 0.010 0.014 0.023 0.010 0.021 0.022 0.020 0.006 0.012 0.081 0.018 
 90 QAc-W-0013    (0)   13 :  0.120 0.017 0.007 0.183 0.033 0.014 0.009 0.015 0.056 0.046 0.034 0.073 0.035 0.007 0.141 0.178 0.034 
 91 QAc-W-0014    (0)   13 :  0.015 0.004 0.017 0.015 0.011 0.838 0.006 0.008 0.010 0.004 0.011 0.010 0.009 0.011 0.005 0.016 0.010 
 92 QAc-W-0015    (0)   13 :  0.163 0.018 0.017 0.109 0.023 0.014 0.004 0.016 0.038 0.011 0.028 0.047 0.023 0.140 0.016 0.303 0.030 
 93 QAc-W-0017    (0)   13 :  0.077 0.009 0.036 0.115 0.096 0.010 0.007 0.039 0.092 0.013 0.097 0.083 0.087 0.038 0.023 0.040 0.138 
 94 QAc-W-0018    (0)   13 :  0.040 0.005 0.010 0.046 0.058 0.392 0.015 0.040 0.058 0.024 0.066 0.052 0.064 0.004 0.038 0.027 0.060 
 95 QAc-W-0020    (0)   13 :  0.014 0.004 0.004 0.024 0.022 0.782 0.010 0.009 0.018 0.004 0.021 0.022 0.022 0.005 0.003 0.008 0.027 
 96 QAc-W-0021    (0)   13 :  0.031 0.011 0.009 0.056 0.059 0.317 0.009 0.025 0.069 0.019 0.061 0.069 0.066 0.004 0.117 0.020 0.058 
 97 QAc-W-0022    (0)   13 :  0.097 0.014 0.026 0.136 0.082 0.019 0.008 0.031 0.080 0.007 0.084 0.096 0.082 0.026 0.011 0.095 0.107 
 98 QAc-W-0023    (6)   13 :  0.102 0.003 0.033 0.141 0.069 0.105 0.037 0.017 0.065 0.027 0.067 0.076 0.056 0.006 0.023 0.115 0.060 
 99 QAc-W-0024    (0)   13 :  0.038 0.050 0.011 0.059 0.049 0.364 0.006 0.014 0.048 0.011 0.047 0.054 0.048 0.005 0.084 0.020 0.090 
100 QAc-W-0025    (0)   13 :  0.139 0.008 0.010 0.033 0.026 0.354 0.004 0.011 0.029 0.010 0.026 0.030 0.027 0.005 0.017 0.244 0.026 
101 QAc-W-0026    (0)   13 :  0.038 0.050 0.027 0.024 0.040 0.456 0.024 0.016 0.035 0.016 0.037 0.035 0.036 0.015 0.076 0.050 0.025 
102 QAc-W-0027    (0)   13 :  0.268 0.006 0.012 0.017 0.015 0.086 0.004 0.007 0.016 0.014 0.015 0.022 0.016 0.004 0.005 0.477 0.017 
103 QAc-W-0028    (0)   13 :  0.070 0.008 0.010 0.047 0.021 0.597 0.004 0.008 0.020 0.007 0.024 0.030 0.022 0.008 0.004 0.086 0.035 
104 QAc-W-0029    (0)   13 :  0.127 0.004 0.004 0.148 0.022 0.284 0.021 0.024 0.040 0.013 0.023 0.062 0.024 0.003 0.007 0.169 0.026 
105 QAc-W-0032    (0)   13 :  0.017 0.003 0.008 0.015 0.011 0.837 0.025 0.005 0.011 0.004 0.010 0.011 0.009 0.003 0.006 0.017 0.009 
106 QAc-W-0033    (0)   13 :  0.044 0.004 0.024 0.066 0.100 0.148 0.030 0.065 0.093 0.011 0.111 0.082 0.105 0.009 0.013 0.033 0.063 
107 QAc-W-0035    (0)   13 :  0.167 0.021 0.021 0.050 0.041 0.128 0.008 0.023 0.042 0.006 0.044 0.051 0.037 0.013 0.018 0.289 0.041 
108 QAc-W-0037    (0)   13 :  0.276 0.008 0.007 0.014 0.012 0.025 0.018 0.009 0.013 0.006 0.012 0.012 0.012 0.006 0.015 0.543 0.011 
109 QAc-W-0038    (0)   13 :  0.093 0.009 0.010 0.105 0.066 0.139 0.011 0.021 0.073 0.013 0.075 0.079 0.069 0.033 0.007 0.067 0.130 
110 QAc-W-0040    (0)   13 :  0.025 0.009 0.120 0.018 0.025 0.618 0.023 0.009 0.026 0.008 0.023 0.018 0.023 0.011 0.014 0.013 0.019 
111 QAc-W-0041    (0)   13 :  0.155 0.035 0.010 0.123 0.037 0.045 0.005 0.027 0.040 0.024 0.032 0.051 0.038 0.006 0.062 0.286 0.024 
112 QAc-W-0042    (0)   14 :  0.027 0.035 0.006 0.044 0.017 0.007 0.319 0.040 0.019 0.366 0.015 0.025 0.016 0.011 0.015 0.025 0.013 
113 QAc-W-0044    (0)   14 :  0.094 0.041 0.023 0.155 0.035 0.009 0.151 0.028 0.056 0.074 0.029 0.064 0.028 0.081 0.005 0.095 0.032 
114 QAc-W-0045    (0)   14 :  0.013 0.012 0.005 0.014 0.014 0.008 0.026 0.046 0.016 0.749 0.017 0.014 0.015 0.007 0.008 0.022 0.015 
115 QAc-W-0048    (0)   14 :  0.013 0.004 0.006 0.018 0.027 0.012 0.072 0.010 0.026 0.684 0.027 0.024 0.026 0.006 0.016 0.013 0.018 
116 QAc-W-0050    (0)   14 :  0.019 0.008 0.010 0.018 0.022 0.004 0.023 0.467 0.022 0.152 0.026 0.017 0.019 0.006 0.006 0.159 0.021 
117 QAc-W-0051    (0)   14 :  0.010 0.006 0.004 0.011 0.012 0.007 0.092 0.541 0.014 0.024 0.013 0.011 0.012 0.034 0.014 0.185 0.011 
118 QAc-W-0052    (0)   14 :  0.005 0.005 0.004 0.005 0.005 0.010 0.918 0.004 0.005 0.006 0.004 0.005 0.005 0.006 0.003 0.005 0.004 
119 QAc-W-0053    (0)   14 :  0.011 0.005 0.007 0.013 0.012 0.008 0.019 0.014 0.014 0.826 0.012 0.014 0.011 0.008 0.005 0.010 0.011 
120 QAc-W-0054    (0)   14 :  0.031 0.101 0.021 0.050 0.062 0.009 0.079 0.158 0.064 0.040 0.062 0.064 0.066 0.066 0.009 0.062 0.056 
121 QAc-W-0056    (0)   14 :  0.051 0.007 0.009 0.033 0.064 0.047 0.008 0.312 0.061 0.012 0.051 0.049 0.055 0.010 0.011 0.162 0.059 
122 QAc-W-0057    (0)   14 :  0.021 0.007 0.012 0.028 0.032 0.006 0.010 0.420 0.029 0.058 0.032 0.029 0.030 0.077 0.024 0.158 0.026 
123 QAc-W-0060    (0)   14 :  0.010 0.008 0.006 0.008 0.007 0.003 0.034 0.005 0.007 0.006 0.007 0.008 0.007 0.860 0.004 0.013 0.006 
124 QAc-W-0061    (0)   14 :  0.026 0.013 0.045 0.023 0.029 0.013 0.005 0.018 0.028 0.017 0.026 0.026 0.027 0.641 0.012 0.024 0.028 
125 QAc-W-0062    (0)   14 :  0.005 0.006 0.005 0.004 0.004 0.003 0.009 0.005 0.004 0.004 0.004 0.004 0.004 0.925 0.005 0.004 0.004 
126 QAc-W-0063    (0)   14 :  0.012 0.021 0.010 0.013 0.014 0.017 0.025 0.008 0.011 0.006 0.013 0.013 0.014 0.785 0.020 0.007 0.013 
127 QAc-W-0064    (0)   14 :  0.007 0.022 0.007 0.007 0.008 0.010 0.005 0.007 0.009 0.005 0.008 0.008 0.009 0.867 0.007 0.006 0.009 
128 QAc-W-0065    (0)   14 :  0.018 0.010 0.015 0.016 0.018 0.009 0.007 0.027 0.018 0.008 0.017 0.016 0.017 0.751 0.010 0.020 0.020 
129 QAc-W-0066    (0)   14 :  0.003 0.948 0.003 0.003 0.003 0.003 0.003 0.003 0.003 0.003 0.003 0.003 0.003 0.005 0.004 0.003 0.003 
130 QAc-W-0072    (0)   14 :  0.016 0.006 0.102 0.012 0.016 0.015 0.004 0.030 0.013 0.006 0.014 0.014 0.014 0.698 0.011 0.015 0.012 
131 QAc-W-0073    (0)   14 :  0.013 0.006 0.007 0.016 0.013 0.006 0.008 0.015 0.014 0.014 0.013 0.013 0.014 0.815 0.008 0.011 0.014 
132 QAc-W-0077    (0)   14 :  0.007 0.207 0.005 0.006 0.007 0.006 0.005 0.009 0.006 0.008 0.006 0.006 0.006 0.700 0.004 0.007 0.006 
133 QAc-W-0078    (0)   15 :  0.023 0.031 0.017 0.028 0.037 0.014 0.015 0.009 0.036 0.006 0.041 0.036 0.040 0.007 0.616 0.015 0.027 
134 QAc-W-0079    (6)   15 :  0.007 0.012 0.007 0.005 0.006 0.006 0.003 0.006 0.006 0.007 0.006 0.006 0.006 0.004 0.902 0.007 0.006 
135 QAc-W-0081    (0)   15 :  0.007 0.004 0.005 0.008 0.007 0.008 0.010 0.005 0.006 0.005 0.006 0.010 0.006 0.007 0.895 0.005 0.006 
136 QAc-W-0082    (0)   15 :  0.006 0.005 0.004 0.005 0.006 0.003 0.002 0.374 0.005 0.006 0.007 0.006 0.006 0.005 0.423 0.131 0.005 
137 QAc-W-0083    (0)   15 :  0.009 0.007 0.009 0.010 0.008 0.007 0.010 0.013 0.008 0.008 0.009 0.009 0.008 0.033 0.834 0.010 0.008 
138 QAc-W-0086    (0)   15 :  0.008 0.014 0.009 0.008 0.008 0.007 0.005 0.011 0.008 0.006 0.008 0.009 0.008 0.005 0.869 0.008 0.009 
139 QAc-W-0087    (0)   15 :  0.006 0.005 0.008 0.005 0.006 0.004 0.003 0.005 0.006 0.009 0.006 0.006 0.006 0.003 0.911 0.005 0.006 
140 QAc-W-0088    (0)   15 :  0.013 0.006 0.007 0.014 0.018 0.006 0.005 0.009 0.016 0.011 0.019 0.016 0.017 0.006 0.810 0.010 0.017 
141 QAc-W-0092    (0)   15 :  0.051 0.011 0.010 0.037 0.028 0.025 0.020 0.009 0.029 0.015 0.027 0.031 0.023 0.005 0.585 0.071 0.023 
142 QAc-W-0093    (0)   15 :  0.022 0.003 0.016 0.028 0.026 0.027 0.009 0.013 0.025 0.013 0.027 0.026 0.027 0.005 0.687 0.017 0.029 
143 QAc-W-0094    (0)   15 :  0.026 0.006 0.007 0.053 0.048 0.049 0.227 0.018 0.044 0.024 0.046 0.049 0.045 0.045 0.240 0.016 0.056 
144 QAc-W-0097    (0)   15 :  0.036 0.006 0.005 0.033 0.031 0.025 0.014 0.011 0.030 0.012 0.029 0.031 0.028 0.007 0.619 0.051 0.029 
145 QAc-W-0099    (0)   15 :  0.029 0.005 0.016 0.037 0.041 0.004 0.017 0.021 0.039 0.015 0.042 0.048 0.041 0.004 0.588 0.016 0.036 
146 QAc-W-0107    (0)   15 :  0.008 0.013 0.006 0.009 0.009 0.006 0.007 0.010 0.010 0.004 0.008 0.009 0.009 0.027 0.847 0.006 0.011 
147 QAc-W-0115    (0)   16 :  0.114 0.005 0.681 0.012 0.013 0.012 0.007 0.051 0.014 0.005 0.014 0.012 0.014 0.007 0.011 0.015 0.014 
148 QAc-W-0116    (0)   16 :  0.038 0.003 0.637 0.029 0.031 0.008 0.012 0.030 0.032 0.022 0.033 0.032 0.030 0.005 0.007 0.017 0.033 
149 QAc-W-0117    (0)   16 :  0.017 0.004 0.853 0.012 0.010 0.005 0.004 0.007 0.011 0.013 0.012 0.010 0.011 0.004 0.004 0.007 0.015 
150 QAc-W-0118    (0)   16 :  0.079 0.035 0.637 0.014 0.020 0.007 0.005 0.048 0.019 0.008 0.018 0.017 0.020 0.024 0.022 0.007 0.020 
151 QAc-W-0119    (0)   16 :  0.014 0.016 0.755 0.018 0.023 0.005 0.007 0.020 0.023 0.007 0.025 0.021 0.024 0.004 0.008 0.009 0.020 
152 QAc-W-0120    (0)   16 :  0.029 0.018 0.623 0.026 0.044 0.010 0.005 0.022 0.038 0.012 0.037 0.039 0.038 0.008 0.011 0.009 0.032 
153 QAc-W-0121    (0)   16 :  0.014 0.070 0.739 0.016 0.016 0.006 0.003 0.030 0.017 0.007 0.014 0.015 0.015 0.010 0.004 0.012 0.013 
154 QAc-W-0122    (0)   16 :  0.109 0.004 0.391 0.050 0.036 0.018 0.004 0.098 0.047 0.011 0.042 0.040 0.048 0.007 0.006 0.009 0.079 
155 QAc-W-0123    (6)   16 :  0.081 0.007 0.599 0.027 0.027 0.004 0.017 0.038 0.029 0.010 0.034 0.023 0.032 0.009 0.010 0.012 0.041 
156 QAc-W-0124    (0)   16 :  0.114 0.011 0.379 0.024 0.019 0.018 0.006 0.083 0.021 0.004 0.021 0.022 0.021 0.109 0.088 0.038 0.022 
157 QAc-W-0125    (0)   16 :  0.039 0.008 0.776 0.012 0.015 0.008 0.008 0.018 0.012 0.009 0.014 0.015 0.015 0.005 0.020 0.010 0.017 
158 QAc-W-0132    (6)   16 :  0.099 0.048 0.457 0.027 0.034 0.017 0.018 0.044 0.032 0.006 0.032 0.031 0.032 0.028 0.039 0.027 0.029 
159 QAc-W-0134    (0)   16 :  0.018 0.005 0.885 0.006 0.007 0.005 0.006 0.008 0.007 0.006 0.007 0.007 0.008 0.007 0.006 0.006 0.006 
160 QAc-W-0135    (0)   16 :  0.092 0.015 0.498 0.023 0.021 0.104 0.004 0.073 0.020 0.006 0.020 0.021 0.023 0.030 0.008 0.020 0.020 
161 QAc-W-0136    (0)   16 :  0.073 0.003 0.806 0.008 0.008 0.005 0.007 0.023 0.009 0.005 0.009 0.008 0.010 0.006 0.005 0.005 0.009 
162 QAc-W-0138    (0)   16 :  0.060 0.005 0.818 0.011 0.009 0.008 0.006 0.018 0.009 0.004 0.008 0.010 0.011 0.005 0.004 0.006 0.010 
163 QAc-W-0140    (0)   16 :  0.025 0.006 0.734 0.035 0.019 0.009 0.004 0.012 0.023 0.023 0.020 0.023 0.020 0.005 0.006 0.017 0.020 
164 QAc-W-0141    (6)   16 :  0.080 0.028 0.120 0.115 0.069 0.021 0.008 0.027 0.087 0.018 0.080 0.073 0.082 0.008 0.008 0.046 0.129 
165 QAc-W-0142    (0)   16 :  0.011 0.012 0.875 0.007 0.008 0.004 0.004 0.013 0.008 0.005 0.007 0.007 0.007 0.016 0.005 0.006 0.007 
166 QAc-W-0143    (0)   16 :  0.023 0.003 0.785 0.013 0.015 0.008 0.006 0.023 0.016 0.012 0.014 0.016 0.015 0.006 0.027 0.006 0.012 
167 QAc-W-0145    (0)   16 :  0.119 0.003 0.681 0.009 0.013 0.003 0.004 0.082 0.011 0.006 0.012 0.011 0.013 0.006 0.004 0.005 0.017 
168 QAc-W-0148    (0)   16 :  0.088 0.004 0.775 0.008 0.007 0.006 0.007 0.043 0.007 0.005 0.008 0.007 0.006 0.007 0.004 0.009 0.008 
169 QAc-W-0149    (0)   16 :  0.111 0.004 0.207 0.091 0.052 0.012 0.033 0.086 0.081 0.016 0.058 0.054 0.062 0.013 0.011 0.023 0.084 
170 QAc-W-0150    (0)   16 :  0.071 0.006 0.304 0.072 0.037 0.087 0.019 0.079 0.051 0.006 0.048 0.045 0.046 0.007 0.030 0.042 0.050 
171 QAc-W-0151    (0)   16 :  0.116 0.004 0.618 0.016 0.018 0.011 0.006 0.064 0.015 0.006 0.020 0.014 0.018 0.006 0.011 0.036 0.020 
172 QAc-W-0152    (0)   16 :  0.124 0.006 0.632 0.010 0.011 0.005 0.006 0.088 0.012 0.010 0.010 0.012 0.010 0.036 0.005 0.010 0.013 
173 QAc-W-0153    (0)   16 :  0.099 0.006 0.015 0.139 0.086 0.006 0.004 0.015 0.091 0.006 0.113 0.094 0.083 0.023 0.025 0.026 0.171 
174 QAc-W-0154    (0)   16 :  0.030 0.003 0.676 0.025 0.028 0.046 0.004 0.018 0.030 0.006 0.030 0.030 0.032 0.004 0.006 0.009 0.023 
175 QAc-W-0157    (0)   16 :  0.032 0.013 0.561 0.028 0.048 0.005 0.027 0.014 0.049 0.013 0.047 0.045 0.041 0.018 0.005 0.014 0.040 
176 QAc-W-0158    (0)   16 :  0.107 0.026 0.512 0.042 0.020 0.046 0.009 0.033 0.025 0.005 0.020 0.028 0.021 0.009 0.031 0.049 0.020 
177 QAc-W-0159    (0)   16 :  0.012 0.004 0.868 0.009 0.009 0.008 0.008 0.011 0.009 0.006 0.009 0.010 0.010 0.003 0.007 0.007 0.009 
178 QAc-W-0160    (0)   16 :  0.040 0.004 0.661 0.033 0.034 0.028 0.004 0.012 0.031 0.005 0.031 0.031 0.032 0.006 0.010 0.016 0.021 
179 QAc-W-0162    (0)   16 :  0.037 0.006 0.650 0.014 0.016 0.004 0.018 0.037 0.017 0.027 0.019 0.016 0.017 0.086 0.008 0.013 0.016 
180 QAc-W-0163    (0)   16 :  0.029 0.006 0.541 0.023 0.038 0.006 0.009 0.101 0.037 0.030 0.034 0.034 0.034 0.011 0.005 0.034 0.028 
181 QAc-W-0164    (0)   16 :  0.063 0.008 0.508 0.023 0.043 0.008 0.009 0.035 0.039 0.011 0.032 0.034 0.040 0.086 0.013 0.011 0.037 
182 QAc-W-0167    (0)   17 :  0.077 0.006 0.007 0.140 0.083 0.006 0.006 0.015 0.088 0.009 0.145 0.090 0.098 0.008 0.019 0.016 0.187 
183 QAc-W-0168    (0)   17 :  0.048 0.050 0.117 0.074 0.104 0.010 0.008 0.025 0.092 0.017 0.102 0.100 0.111 0.019 0.014 0.017 0.091 
184 QAc-W-0169    (0)   17 :  0.036 0.011 0.006 0.067 0.161 0.020 0.004 0.051 0.110 0.014 0.144 0.111 0.129 0.010 0.004 0.027 0.096 
185 QAc-W-0170    (0)   17 :  0.062 0.003 0.011 0.083 0.111 0.010 0.005 0.018 0.112 0.008 0.146 0.113 0.127 0.005 0.007 0.036 0.143 
186 QAc-W-0172    (0)   17 :  0.044 0.002 0.007 0.076 0.149 0.008 0.014 0.011 0.154 0.005 0.145 0.120 0.157 0.002 0.009 0.011 0.086 
187 QAc-W-0173    (0)   17 :  0.089 0.003 0.013 0.166 0.064 0.013 0.005 0.013 0.073 0.006 0.120 0.087 0.086 0.012 0.006 0.022 0.221 
188 QAc-W-0174    (0)   17 :  0.074 0.010 0.009 0.156 0.091 0.005 0.004 0.023 0.070 0.011 0.134 0.081 0.091 0.010 0.006 0.017 0.209 


Estimated Allele Frequencies in each cluster
First column gives estimated ancestral frequencies


Locus 1 : 
18 alleles
0.0% missing data
 210   (0.112) 0.102 0.007 0.186 0.098 0.112 0.017 0.030 0.102 0.115 0.263 0.113 0.107 0.113 0.023 0.150 0.074 0.113 
 212   (0.112) 0.229 0.197 0.060 0.120 0.113 0.051 0.023 0.108 0.113 0.033 0.113 0.122 0.113 0.015 0.276 0.302 0.116 
 202   (0.059) 0.039 0.004 0.007 0.040 0.059 0.063 0.309 0.024 0.056 0.017 0.058 0.054 0.059 0.007 0.139 0.030 0.053 
 226   (0.045) 0.018 0.243 0.005 0.028 0.044 0.005 0.217 0.032 0.042 0.024 0.043 0.039 0.043 0.130 0.014 0.013 0.036 
 216   (0.076) 0.049 0.005 0.138 0.058 0.075 0.018 0.172 0.041 0.073 0.050 0.074 0.070 0.075 0.058 0.169 0.019 0.063 
 200   (0.250) 0.337 0.513 0.147 0.374 0.251 0.518 0.127 0.172 0.269 0.196 0.258 0.282 0.253 0.131 0.088 0.333 0.282 
 224   (0.043) 0.032 0.004 0.005 0.048 0.043 0.009 0.010 0.025 0.045 0.010 0.042 0.043 0.044 0.261 0.011 0.026 0.043 
 218   (0.052) 0.037 0.004 0.159 0.035 0.052 0.084 0.010 0.044 0.048 0.012 0.050 0.047 0.051 0.018 0.106 0.020 0.044 
 228   (0.012) 0.004 0.001 0.001 0.006 0.011 0.001 0.002 0.004 0.010 0.003 0.011 0.009 0.011 0.127 0.001 0.002 0.008 
 214   (0.063) 0.034 0.012 0.018 0.046 0.063 0.007 0.041 0.364 0.060 0.159 0.062 0.057 0.062 0.209 0.008 0.123 0.058 
 208   (0.059) 0.049 0.004 0.007 0.073 0.060 0.209 0.017 0.027 0.059 0.085 0.064 0.065 0.061 0.007 0.024 0.034 0.083 
 220   (0.030) 0.017 0.002 0.011 0.024 0.032 0.003 0.006 0.013 0.030 0.008 0.031 0.030 0.031 0.004 0.004 0.007 0.034 
 196   (0.010) 0.004 0.001 0.001 0.005 0.010 0.001 0.002 0.003 0.009 0.002 0.009 0.009 0.010 0.001 0.001 0.002 0.008 
 238   (0.009) 0.005 0.000 0.002 0.007 0.009 0.001 0.001 0.004 0.009 0.002 0.010 0.008 0.009 0.001 0.001 0.002 0.010 
 206   (0.020) 0.008 0.001 0.028 0.011 0.020 0.003 0.004 0.008 0.019 0.062 0.019 0.017 0.019 0.002 0.003 0.004 0.015 
 190   (0.010) 0.004 0.001 0.001 0.006 0.011 0.001 0.002 0.003 0.009 0.002 0.010 0.009 0.010 0.001 0.001 0.002 0.008 
 222   (0.023) 0.028 0.001 0.222 0.013 0.023 0.007 0.025 0.021 0.021 0.006 0.021 0.020 0.022 0.003 0.003 0.004 0.018 
 232   (0.013) 0.004 0.001 0.001 0.007 0.013 0.001 0.004 0.005 0.012 0.065 0.012 0.011 0.013 0.001 0.002 0.003 0.009 

Locus 2 : 
15 alleles
2.1% missing data
 171   (0.211) 0.283 0.017 0.060 0.247 0.211 0.310 0.239 0.225 0.215 0.457 0.212 0.218 0.211 0.043 0.180 0.373 0.213 
 175   (0.094) 0.066 0.026 0.026 0.078 0.094 0.046 0.206 0.213 0.090 0.026 0.090 0.092 0.093 0.028 0.259 0.107 0.081 
 185   (0.048) 0.044 0.004 0.229 0.037 0.048 0.008 0.012 0.041 0.047 0.012 0.048 0.045 0.049 0.015 0.082 0.010 0.048 
 179   (0.078) 0.102 0.036 0.240 0.068 0.077 0.009 0.243 0.078 0.078 0.019 0.079 0.074 0.078 0.495 0.010 0.021 0.090 
 181   (0.096) 0.101 0.562 0.011 0.114 0.095 0.033 0.037 0.071 0.096 0.118 0.096 0.098 0.095 0.048 0.345 0.116 0.093 
 173   (0.187) 0.202 0.330 0.207 0.225 0.187 0.187 0.176 0.196 0.195 0.168 0.183 0.200 0.187 0.145 0.041 0.219 0.175 
 177   (0.033) 0.021 0.003 0.085 0.021 0.032 0.004 0.006 0.035 0.030 0.009 0.031 0.028 0.031 0.183 0.004 0.013 0.027 
 187   (0.099) 0.095 0.009 0.026 0.091 0.101 0.107 0.019 0.074 0.095 0.047 0.107 0.101 0.102 0.025 0.012 0.099 0.122 
 183   (0.061) 0.039 0.006 0.096 0.053 0.062 0.008 0.017 0.031 0.065 0.101 0.065 0.058 0.063 0.007 0.021 0.015 0.074 
 189   (0.030) 0.022 0.002 0.014 0.023 0.030 0.283 0.005 0.014 0.029 0.007 0.029 0.028 0.029 0.003 0.003 0.014 0.024 
 191   (0.019) 0.008 0.001 0.002 0.016 0.019 0.003 0.035 0.008 0.018 0.025 0.018 0.018 0.018 0.003 0.038 0.005 0.016 
 163   (0.011) 0.004 0.001 0.001 0.006 0.011 0.001 0.002 0.003 0.010 0.003 0.011 0.010 0.011 0.001 0.001 0.002 0.008 
 165   (0.010) 0.004 0.001 0.001 0.006 0.011 0.001 0.002 0.003 0.010 0.002 0.010 0.009 0.010 0.001 0.001 0.002 0.008 
 193   (0.011) 0.004 0.001 0.001 0.007 0.012 0.001 0.002 0.004 0.010 0.002 0.011 0.013 0.011 0.001 0.001 0.002 0.011 
 167   (0.011) 0.004 0.001 0.001 0.006 0.011 0.001 0.002 0.003 0.010 0.002 0.010 0.010 0.010 0.001 0.001 0.002 0.009 

Locus 3 : 
4 alleles
1.1% missing data
 206   (0.891) 0.946 0.989 0.986 0.919 0.892 0.695 0.896 0.943 0.895 0.902 0.891 0.900 0.892 0.884 0.976 0.970 0.896 
 208   (0.056) 0.026 0.004 0.007 0.039 0.056 0.299 0.011 0.038 0.053 0.066 0.055 0.050 0.055 0.052 0.007 0.019 0.051 
 204   (0.039) 0.018 0.006 0.005 0.026 0.039 0.005 0.090 0.014 0.037 0.029 0.038 0.035 0.038 0.062 0.015 0.008 0.032 
 212   (0.014) 0.011 0.001 0.002 0.017 0.014 0.002 0.002 0.005 0.015 0.003 0.016 0.015 0.015 0.002 0.002 0.003 0.021 

Locus 4 : 
15 alleles
1.1% missing data
 165   (0.079) 0.065 0.005 0.009 0.106 0.079 0.014 0.046 0.064 0.084 0.020 0.083 0.085 0.080 0.309 0.468 0.047 0.089 
 163   (0.202) 0.177 0.015 0.289 0.237 0.204 0.088 0.081 0.189 0.208 0.275 0.219 0.209 0.208 0.079 0.029 0.109 0.251 
 167   (0.147) 0.146 0.010 0.158 0.132 0.147 0.239 0.482 0.156 0.143 0.096 0.145 0.142 0.146 0.019 0.067 0.180 0.144 
 161   (0.356) 0.502 0.955 0.476 0.371 0.355 0.479 0.329 0.462 0.361 0.433 0.342 0.359 0.353 0.569 0.125 0.595 0.322 
 153   (0.014) 0.012 0.001 0.002 0.021 0.014 0.010 0.003 0.005 0.015 0.004 0.013 0.017 0.014 0.002 0.002 0.006 0.011 
 173   (0.032) 0.012 0.002 0.004 0.018 0.032 0.003 0.005 0.046 0.029 0.023 0.030 0.031 0.031 0.004 0.263 0.019 0.027 
 171   (0.038) 0.019 0.003 0.005 0.030 0.039 0.005 0.030 0.022 0.038 0.051 0.041 0.037 0.040 0.004 0.005 0.009 0.046 
 179   (0.011) 0.006 0.001 0.001 0.007 0.011 0.001 0.002 0.004 0.010 0.003 0.011 0.010 0.011 0.001 0.001 0.003 0.009 
 157   (0.021) 0.013 0.001 0.002 0.013 0.020 0.146 0.004 0.008 0.019 0.015 0.019 0.018 0.020 0.002 0.003 0.010 0.016 
 149   (0.011) 0.004 0.001 0.001 0.006 0.011 0.001 0.002 0.006 0.010 0.025 0.010 0.009 0.010 0.001 0.001 0.003 0.008 
 177   (0.020) 0.011 0.001 0.003 0.018 0.021 0.002 0.004 0.009 0.020 0.005 0.020 0.021 0.021 0.002 0.011 0.007 0.022 
 155   (0.016) 0.007 0.001 0.003 0.011 0.017 0.006 0.003 0.006 0.015 0.004 0.015 0.015 0.016 0.002 0.002 0.003 0.012 
 175   (0.010) 0.004 0.001 0.001 0.005 0.010 0.001 0.002 0.004 0.009 0.008 0.010 0.009 0.010 0.001 0.001 0.002 0.008 
 169   (0.022) 0.009 0.001 0.003 0.014 0.022 0.002 0.004 0.009 0.020 0.034 0.021 0.023 0.021 0.002 0.018 0.004 0.019 
 159   (0.020) 0.013 0.001 0.044 0.011 0.019 0.002 0.003 0.010 0.018 0.005 0.018 0.017 0.019 0.002 0.002 0.004 0.015 

Locus 5 : 
16 alleles
0.0% missing data
 148   (0.118) 0.129 0.360 0.050 0.102 0.119 0.106 0.028 0.046 0.115 0.097 0.118 0.118 0.118 0.049 0.283 0.144 0.123 
 160   (0.026) 0.011 0.002 0.003 0.017 0.025 0.004 0.061 0.008 0.024 0.025 0.024 0.022 0.024 0.003 0.059 0.005 0.019 
 154   (0.075) 0.057 0.010 0.230 0.061 0.075 0.019 0.050 0.066 0.072 0.021 0.076 0.070 0.075 0.176 0.026 0.022 0.077 
 150   (0.059) 0.041 0.012 0.007 0.057 0.059 0.063 0.013 0.326 0.058 0.066 0.057 0.058 0.058 0.010 0.010 0.133 0.051 
 138   (0.117) 0.110 0.008 0.246 0.119 0.117 0.024 0.308 0.073 0.115 0.092 0.116 0.117 0.117 0.182 0.149 0.058 0.110 
 166   (0.030) 0.013 0.002 0.003 0.018 0.029 0.033 0.266 0.010 0.027 0.205 0.028 0.025 0.028 0.003 0.013 0.006 0.022 
 146   (0.095) 0.056 0.337 0.017 0.083 0.096 0.032 0.075 0.040 0.091 0.091 0.097 0.090 0.096 0.228 0.165 0.031 0.096 
 164   (0.015) 0.006 0.001 0.002 0.009 0.015 0.002 0.038 0.005 0.014 0.004 0.015 0.013 0.015 0.002 0.002 0.003 0.012 
 142   (0.018) 0.010 0.007 0.018 0.010 0.017 0.002 0.003 0.156 0.016 0.005 0.016 0.015 0.016 0.002 0.002 0.051 0.012 
 144   (0.157) 0.255 0.230 0.147 0.196 0.156 0.072 0.058 0.102 0.165 0.243 0.158 0.164 0.156 0.298 0.028 0.303 0.162 
 140   (0.084) 0.154 0.007 0.220 0.091 0.085 0.190 0.017 0.046 0.082 0.021 0.086 0.088 0.085 0.010 0.020 0.172 0.097 
 158   (0.045) 0.045 0.003 0.018 0.075 0.045 0.010 0.035 0.023 0.051 0.027 0.043 0.055 0.045 0.005 0.086 0.022 0.040 
 162   (0.029) 0.016 0.002 0.003 0.023 0.029 0.003 0.005 0.019 0.027 0.008 0.030 0.026 0.029 0.003 0.129 0.009 0.031 
 152   (0.097) 0.080 0.017 0.032 0.116 0.098 0.436 0.020 0.066 0.107 0.040 0.100 0.105 0.101 0.026 0.013 0.034 0.112 
 134   (0.016) 0.007 0.001 0.002 0.010 0.016 0.002 0.003 0.009 0.016 0.050 0.017 0.015 0.016 0.002 0.002 0.003 0.017 
 156   (0.021) 0.010 0.001 0.002 0.014 0.021 0.003 0.021 0.007 0.020 0.006 0.021 0.020 0.021 0.002 0.013 0.005 0.021 

Locus 6 : 
12 alleles
0.0% missing data
 225   (0.043) 0.019 0.292 0.022 0.030 0.043 0.010 0.008 0.029 0.041 0.010 0.043 0.039 0.042 0.006 0.120 0.013 0.041 
 239   (0.102) 0.094 0.427 0.016 0.105 0.102 0.015 0.235 0.055 0.101 0.051 0.100 0.108 0.102 0.230 0.028 0.087 0.096 
 229   (0.016) 0.007 0.001 0.002 0.011 0.015 0.002 0.002 0.005 0.014 0.004 0.014 0.013 0.015 0.002 0.291 0.004 0.011 
 235   (0.300) 0.393 0.229 0.474 0.309 0.299 0.269 0.089 0.500 0.307 0.139 0.303 0.299 0.301 0.312 0.375 0.440 0.313 
 237   (0.207) 0.231 0.025 0.163 0.220 0.210 0.198 0.068 0.164 0.207 0.172 0.215 0.214 0.211 0.267 0.037 0.232 0.238 
 233   (0.103) 0.115 0.011 0.015 0.116 0.101 0.464 0.252 0.076 0.103 0.090 0.097 0.104 0.100 0.155 0.062 0.144 0.084 
 227   (0.030) 0.013 0.002 0.003 0.016 0.029 0.003 0.287 0.028 0.028 0.413 0.029 0.025 0.028 0.003 0.003 0.011 0.023 
 245   (0.070) 0.056 0.005 0.159 0.092 0.071 0.023 0.023 0.041 0.074 0.021 0.069 0.076 0.071 0.008 0.009 0.027 0.068 
 241   (0.037) 0.019 0.003 0.022 0.026 0.036 0.006 0.013 0.029 0.035 0.034 0.035 0.034 0.036 0.007 0.063 0.013 0.032 
 231   (0.053) 0.033 0.003 0.052 0.046 0.054 0.006 0.017 0.051 0.051 0.024 0.058 0.051 0.055 0.006 0.006 0.021 0.064 
 243   (0.030) 0.017 0.002 0.070 0.024 0.029 0.003 0.005 0.018 0.029 0.039 0.027 0.028 0.029 0.003 0.004 0.008 0.023 
 251   (0.010) 0.004 0.001 0.001 0.006 0.011 0.001 0.002 0.003 0.010 0.002 0.010 0.009 0.010 0.001 0.001 0.002 0.008 

Locus 7 : 
5 alleles
0.0% missing data
 118   (0.922) 0.941 0.994 0.991 0.933 0.923 0.920 0.671 0.689 0.925 0.982 0.924 0.929 0.924 0.992 0.990 0.855 0.934 
 124   (0.038) 0.037 0.002 0.004 0.037 0.037 0.075 0.322 0.013 0.037 0.009 0.036 0.035 0.037 0.004 0.005 0.044 0.029 
 116   (0.013) 0.008 0.002 0.001 0.006 0.012 0.001 0.002 0.289 0.011 0.003 0.012 0.010 0.012 0.001 0.002 0.095 0.008 
 114   (0.016) 0.010 0.001 0.002 0.017 0.016 0.003 0.004 0.005 0.016 0.004 0.018 0.015 0.017 0.002 0.002 0.004 0.020 
 122   (0.011) 0.004 0.001 0.001 0.006 0.011 0.001 0.002 0.004 0.010 0.003 0.011 0.010 0.011 0.001 0.001 0.002 0.009 

Locus 8 : 
5 alleles
0.0% missing data
 135   (0.058) 0.056 0.011 0.028 0.095 0.058 0.015 0.011 0.025 0.063 0.013 0.060 0.068 0.058 0.007 0.024 0.040 0.062 
 139   (0.755) 0.831 0.919 0.644 0.773 0.754 0.929 0.947 0.632 0.757 0.645 0.760 0.762 0.757 0.956 0.817 0.815 0.782 
 137   (0.140) 0.089 0.067 0.263 0.102 0.140 0.050 0.034 0.322 0.135 0.330 0.135 0.128 0.137 0.032 0.153 0.136 0.118 
 143   (0.034) 0.015 0.002 0.038 0.022 0.035 0.004 0.006 0.015 0.032 0.009 0.033 0.031 0.034 0.004 0.004 0.007 0.028 
 141   (0.014) 0.009 0.001 0.027 0.008 0.013 0.002 0.002 0.006 0.013 0.003 0.013 0.011 0.013 0.001 0.002 0.002 0.009 

Locus 9 : 
11 alleles
0.0% missing data
 116   (0.291) 0.306 0.372 0.324 0.363 0.293 0.515 0.111 0.215 0.299 0.120 0.291 0.316 0.292 0.179 0.427 0.276 0.295 
 112   (0.084) 0.095 0.012 0.168 0.072 0.084 0.035 0.016 0.062 0.086 0.021 0.083 0.079 0.084 0.374 0.057 0.066 0.086 
 122   (0.063) 0.031 0.428 0.011 0.044 0.061 0.010 0.294 0.116 0.060 0.262 0.059 0.055 0.060 0.299 0.007 0.045 0.048 
 114   (0.222) 0.276 0.021 0.301 0.221 0.224 0.358 0.055 0.117 0.224 0.237 0.229 0.220 0.226 0.047 0.081 0.254 0.236 
 120   (0.042) 0.068 0.003 0.019 0.029 0.042 0.005 0.210 0.015 0.040 0.011 0.040 0.037 0.041 0.022 0.005 0.100 0.032 
 130   (0.036) 0.037 0.002 0.004 0.055 0.036 0.006 0.174 0.013 0.038 0.075 0.034 0.040 0.035 0.004 0.005 0.039 0.028 
 118   (0.128) 0.118 0.020 0.129 0.122 0.129 0.040 0.114 0.081 0.126 0.052 0.132 0.125 0.129 0.018 0.400 0.077 0.144 
 124   (0.061) 0.031 0.135 0.035 0.042 0.060 0.007 0.011 0.181 0.058 0.069 0.060 0.055 0.060 0.049 0.008 0.064 0.055 
 126   (0.037) 0.021 0.003 0.004 0.022 0.036 0.008 0.009 0.186 0.036 0.146 0.036 0.032 0.036 0.004 0.006 0.074 0.033 
 108   (0.014) 0.006 0.001 0.002 0.011 0.015 0.001 0.002 0.006 0.014 0.003 0.014 0.020 0.015 0.001 0.002 0.002 0.017 
 128   (0.021) 0.011 0.002 0.003 0.019 0.021 0.015 0.004 0.008 0.020 0.005 0.022 0.020 0.021 0.002 0.002 0.004 0.026 

Locus 10 : 
4 alleles
0.0% missing data
 232   (0.896) 0.937 0.993 0.923 0.921 0.894 0.987 0.973 0.956 0.899 0.679 0.899 0.896 0.895 0.988 0.987 0.953 0.906 
 238   (0.077) 0.051 0.006 0.074 0.060 0.078 0.010 0.023 0.035 0.075 0.315 0.075 0.073 0.077 0.009 0.010 0.043 0.066 
 234   (0.015) 0.006 0.001 0.002 0.011 0.016 0.001 0.002 0.006 0.014 0.003 0.015 0.021 0.016 0.002 0.002 0.002 0.017 
 244   (0.012) 0.005 0.001 0.001 0.008 0.012 0.001 0.002 0.004 0.011 0.003 0.012 0.011 0.011 0.001 0.001 0.002 0.011 

Locus 11 : 
7 alleles
0.0% missing data
 165   (0.768) 0.801 0.771 0.931 0.803 0.767 0.923 0.930 0.614 0.777 0.897 0.769 0.773 0.768 0.800 0.919 0.728 0.771 
 167   (0.073) 0.034 0.219 0.028 0.045 0.072 0.009 0.021 0.285 0.068 0.019 0.069 0.064 0.071 0.183 0.055 0.103 0.059 
 161   (0.112) 0.139 0.008 0.013 0.125 0.114 0.063 0.041 0.080 0.111 0.073 0.117 0.120 0.115 0.012 0.020 0.162 0.132 
 155   (0.011) 0.004 0.001 0.001 0.006 0.011 0.001 0.002 0.003 0.010 0.003 0.010 0.009 0.011 0.001 0.001 0.002 0.008 
 173   (0.012) 0.005 0.001 0.001 0.007 0.012 0.001 0.002 0.004 0.011 0.003 0.011 0.013 0.012 0.001 0.001 0.002 0.011 
 163   (0.012) 0.013 0.001 0.024 0.007 0.012 0.001 0.002 0.011 0.011 0.003 0.011 0.010 0.012 0.001 0.001 0.002 0.010 
 171   (0.012) 0.005 0.001 0.001 0.007 0.012 0.001 0.002 0.003 0.011 0.003 0.011 0.010 0.012 0.001 0.001 0.002 0.009 

Locus 12 : 
8 alleles
0.0% missing data
 137   (0.521) 0.447 0.455 0.824 0.497 0.522 0.335 0.846 0.703 0.522 0.539 0.523 0.518 0.524 0.417 0.406 0.386 0.542 
 140   (0.153) 0.283 0.015 0.059 0.208 0.153 0.588 0.032 0.074 0.157 0.074 0.149 0.171 0.152 0.053 0.213 0.370 0.138 
 134   (0.251) 0.225 0.525 0.086 0.240 0.251 0.059 0.109 0.189 0.250 0.321 0.252 0.245 0.250 0.521 0.371 0.229 0.245 
 149   (0.012) 0.004 0.001 0.001 0.006 0.011 0.001 0.002 0.004 0.011 0.003 0.011 0.010 0.011 0.001 0.001 0.002 0.009 
 143   (0.015) 0.006 0.002 0.002 0.008 0.015 0.002 0.004 0.006 0.014 0.046 0.014 0.012 0.014 0.002 0.002 0.003 0.013 
 128   (0.011) 0.005 0.001 0.001 0.006 0.011 0.001 0.002 0.004 0.010 0.008 0.011 0.009 0.011 0.001 0.001 0.002 0.009 
 125   (0.018) 0.016 0.001 0.025 0.011 0.018 0.012 0.003 0.014 0.017 0.004 0.017 0.015 0.017 0.002 0.002 0.004 0.013 
 146   (0.019) 0.014 0.001 0.002 0.024 0.019 0.002 0.003 0.007 0.019 0.004 0.024 0.019 0.020 0.002 0.002 0.004 0.032 

Locus 13 : 
19 alleles
0.5% missing data
 206   (0.131) 0.137 0.048 0.138 0.099 0.130 0.256 0.216 0.115 0.123 0.066 0.126 0.123 0.128 0.029 0.415 0.153 0.117 
 210   (0.096) 0.124 0.414 0.021 0.128 0.096 0.171 0.018 0.055 0.098 0.026 0.093 0.102 0.095 0.040 0.281 0.127 0.086 
 190   (0.073) 0.045 0.005 0.130 0.072 0.073 0.086 0.030 0.040 0.074 0.017 0.075 0.071 0.074 0.012 0.009 0.020 0.078 
 202   (0.090) 0.068 0.008 0.012 0.116 0.090 0.035 0.530 0.189 0.099 0.263 0.090 0.097 0.091 0.014 0.017 0.076 0.094 
 214   (0.041) 0.024 0.252 0.005 0.030 0.040 0.063 0.008 0.016 0.038 0.011 0.039 0.036 0.040 0.146 0.005 0.018 0.039 
 212   (0.033) 0.057 0.185 0.429 0.022 0.033 0.004 0.005 0.043 0.032 0.007 0.031 0.030 0.032 0.004 0.004 0.008 0.026 
 192   (0.110) 0.177 0.008 0.037 0.159 0.111 0.090 0.061 0.067 0.119 0.029 0.113 0.122 0.112 0.013 0.045 0.212 0.123 
 204   (0.039) 0.028 0.016 0.015 0.033 0.039 0.019 0.016 0.024 0.040 0.015 0.038 0.036 0.039 0.059 0.005 0.013 0.037 
 184   (0.055) 0.051 0.004 0.087 0.044 0.055 0.018 0.009 0.042 0.052 0.012 0.052 0.052 0.055 0.006 0.098 0.023 0.045 
 216   (0.018) 0.106 0.001 0.002 0.023 0.017 0.018 0.003 0.006 0.017 0.004 0.017 0.022 0.017 0.002 0.002 0.178 0.014 
 208   (0.046) 0.039 0.017 0.046 0.060 0.045 0.191 0.010 0.019 0.047 0.010 0.044 0.048 0.045 0.005 0.006 0.026 0.041 
 198   (0.041) 0.026 0.003 0.006 0.047 0.042 0.005 0.020 0.017 0.040 0.009 0.051 0.043 0.043 0.004 0.005 0.010 0.070 
 194   (0.065) 0.031 0.006 0.012 0.046 0.065 0.020 0.019 0.250 0.062 0.194 0.064 0.057 0.063 0.594 0.030 0.088 0.059 
 186   (0.017) 0.006 0.010 0.002 0.009 0.017 0.002 0.003 0.008 0.015 0.005 0.016 0.014 0.016 0.051 0.003 0.004 0.012 
 188   (0.019) 0.010 0.001 0.002 0.012 0.020 0.004 0.003 0.008 0.018 0.034 0.019 0.017 0.019 0.002 0.002 0.005 0.017 
 200   (0.065) 0.035 0.017 0.033 0.047 0.065 0.010 0.035 0.072 0.063 0.281 0.066 0.061 0.065 0.011 0.065 0.026 0.067 
 196   (0.037) 0.024 0.002 0.020 0.036 0.039 0.004 0.007 0.020 0.037 0.010 0.042 0.037 0.039 0.005 0.005 0.010 0.051 
 220   (0.012) 0.005 0.001 0.002 0.007 0.012 0.001 0.005 0.004 0.011 0.004 0.011 0.010 0.012 0.001 0.001 0.002 0.009 
 180   (0.013) 0.006 0.001 0.001 0.011 0.015 0.001 0.002 0.005 0.013 0.003 0.014 0.020 0.014 0.001 0.002 0.002 0.016 

Locus 14 : 
8 alleles
1.1% missing data
 139   (0.075) 0.121 0.184 0.009 0.070 0.074 0.011 0.040 0.096 0.073 0.054 0.071 0.071 0.073 0.166 0.089 0.193 0.059 
 145   (0.065) 0.074 0.009 0.143 0.045 0.065 0.011 0.013 0.062 0.064 0.036 0.062 0.059 0.065 0.010 0.141 0.025 0.059 
 151   (0.300) 0.261 0.336 0.417 0.315 0.298 0.650 0.351 0.220 0.302 0.281 0.295 0.301 0.297 0.547 0.461 0.196 0.284 
 157   (0.358) 0.426 0.155 0.267 0.430 0.359 0.286 0.472 0.417 0.368 0.319 0.373 0.376 0.363 0.159 0.224 0.475 0.407 
 154   (0.100) 0.067 0.310 0.136 0.076 0.102 0.029 0.018 0.115 0.097 0.029 0.100 0.101 0.101 0.107 0.014 0.074 0.102 
 163   (0.042) 0.018 0.003 0.005 0.027 0.042 0.005 0.093 0.044 0.039 0.011 0.040 0.038 0.042 0.005 0.063 0.018 0.036 
 160   (0.030) 0.012 0.002 0.003 0.018 0.031 0.003 0.005 0.013 0.029 0.253 0.029 0.027 0.030 0.003 0.004 0.006 0.023 
 142   (0.029) 0.022 0.002 0.020 0.020 0.029 0.004 0.006 0.033 0.028 0.016 0.029 0.027 0.030 0.003 0.004 0.012 0.030 

Locus 15 : 
13 alleles
1.6% missing data
 256   (0.145) 0.119 0.074 0.146 0.106 0.144 0.166 0.125 0.170 0.139 0.158 0.139 0.134 0.143 0.122 0.163 0.154 0.121 
 262   (0.021) 0.008 0.001 0.002 0.012 0.021 0.002 0.003 0.131 0.019 0.007 0.020 0.018 0.020 0.002 0.270 0.048 0.016 
 246   (0.119) 0.125 0.008 0.035 0.163 0.120 0.096 0.024 0.098 0.124 0.104 0.125 0.134 0.121 0.014 0.178 0.132 0.140 
 258   (0.187) 0.251 0.014 0.166 0.265 0.188 0.230 0.533 0.208 0.203 0.156 0.188 0.205 0.189 0.025 0.026 0.281 0.194 
 254   (0.106) 0.069 0.160 0.060 0.079 0.106 0.163 0.181 0.076 0.102 0.084 0.106 0.101 0.105 0.337 0.013 0.038 0.105 
 250   (0.032) 0.014 0.644 0.022 0.019 0.031 0.003 0.008 0.017 0.030 0.010 0.030 0.027 0.031 0.084 0.004 0.007 0.025 
 242   (0.103) 0.094 0.073 0.166 0.101 0.103 0.012 0.022 0.094 0.102 0.060 0.113 0.098 0.106 0.151 0.188 0.031 0.137 
 252   (0.066) 0.049 0.007 0.034 0.063 0.066 0.028 0.014 0.062 0.066 0.021 0.065 0.069 0.066 0.043 0.111 0.043 0.061 
 248   (0.131) 0.220 0.012 0.294 0.119 0.130 0.040 0.074 0.108 0.129 0.367 0.126 0.132 0.129 0.214 0.024 0.242 0.116 
 260   (0.037) 0.026 0.002 0.005 0.034 0.038 0.254 0.006 0.015 0.036 0.019 0.036 0.036 0.037 0.004 0.005 0.014 0.034 
 264   (0.015) 0.008 0.001 0.002 0.015 0.015 0.001 0.002 0.006 0.014 0.003 0.018 0.014 0.016 0.001 0.002 0.003 0.022 
 244   (0.026) 0.012 0.002 0.067 0.017 0.026 0.003 0.005 0.013 0.025 0.007 0.025 0.023 0.026 0.003 0.015 0.006 0.021 
 276   (0.011) 0.004 0.001 0.001 0.006 0.011 0.001 0.002 0.003 0.010 0.003 0.010 0.009 0.011 0.001 0.001 0.002 0.008 

Values of parameters used in structure:
DATAFILE=G:\Shared drives\Emily_Schumacher\QUAC_analyses\QUAC_structure_wild_relate\QUAC_allpop_relate_red_12_15_21\project_data,	OUTFILE=G:\Shared drives\Emily_Schumacher\QUAC_analyses\QUAC_structure_wild_relate\QUAC_allpop_relate_red_12_15_21\50-100\Results\50-100_run_84,	NUMINDS=188,	NUMLOCI=15,	MISSING=-9,	LABEL=1,	POPDATA=1,	POPFLAG=0,	PHENOTYPE=0,	EXTRACOLS=0,	MAXPOPS=17,	BURNIN=50000,	NUMREPS=100000,	USEPOPINFO=0,	INFERALPHA=1,	INFERLAMBDA=0,	POPSPECIFICLAMBDA=0,	POPALPHAS=0,	COMPUTEPROB=1,	NOADMIX=0,	ADMBURNIN=2500,	UPDATEFREQ=1,	PRINTLIKES=0,	INTERMEDSAVE=0,	PRINTKLD=0,	PRINTNET=0,	PRINTLAMBDA=0,	ANCESTDIST=0,	NUMBOXES=1000,	ANCESTPINT=0.90000,	GENSBACK=2,	MIGRPRIOR=0.05000,	PRINTQHAT=0,	PRINTQSUM=0,	ALPHA=1.0000,	FREQSCORR=1,	FPRIORMEAN=0.0100,	FPRIORSD=0.0500,	ONEFST=0,	LAMBDA=1.0000,	UNIFPRIORALPHA=1,	ALPHAMAX=10.0000,	ALPHAPRIORA=1.0000,	ALPHAPRIORB=2.0000,	ALPHAPROPSD=0.0250,	STARTATPOPINFO=0,	RANDOMIZE=1,	LINKAGE=0,	METROFREQ=10,	REPORTHITRATE=0,	MARKOVPHASE=-1,	PHASED=0,	PLOIDY=2,	PHASEINFO=0	LOCPRIOR=0, 	LOCPRIORINIT=1.000000, 	LOCDATA=0, 	LOCISPOP=0, 	LOCPRIORSTEP=0.100000, 	MAXLOCPRIOR=20.000000, 	SEED=1639613237,	
[STRAT parameters]:    NUMSIMSTATS=1000,	PHENOTYPECOL=-9,	POOLFREQ=10,	LOCUSxONLY=0,	EMERROR=0.00100,	MISSINGPHENO=-9,	