

----------------------------------------------------
STRUCTURE by Pritchard, Stephens and Donnelly (2000)
     and Falush, Stephens and Pritchard (2003)
       Code by Pritchard, Falush and Hubisz
             Version 2.3.4 (Jul 2012)
----------------------------------------------------



Command line arguments:   bin\structure -m G:\Shared drives\Emily_Schumacher\QUAC_analyses\QUAC_structure_wild_relate\QUAC_allpop_relate_red_12_15_21\50-100\mainparams -e G:\Shared drives\Emily_Schumacher\QUAC_analyses\QUAC_structure_wild_relate\QUAC_allpop_relate_red_12_15_21\50-100\extraparams 
Input File:    G:\Shared drives\Emily_Schumacher\QUAC_analyses\QUAC_structure_wild_relate\QUAC_allpop_relate_red_12_15_21\project_data

Run parameters:
   188 individuals
   15 loci
   15 populations assumed
   50000 Burn-in period
   100000 Reps


--------------------------------------------
Proportion of membership of each pre-defined
 population in each of the 15 clusters

Given    Inferred Clusters                                                                                           Number of
 Pop       1      2      3      4      5      6      7      8      9     10     11     12     13     14     15      Individuals

  1:     0.009  0.881  0.008  0.007  0.005  0.004  0.017  0.009  0.010  0.005  0.009  0.006  0.012  0.014  0.005        2
  2:     0.032  0.043  0.030  0.080  0.021  0.007  0.271  0.037  0.043  0.193  0.027  0.021  0.045  0.116  0.035       17
  3:     0.050  0.057  0.039  0.099  0.030  0.092  0.147  0.057  0.063  0.013  0.042  0.011  0.063  0.224  0.013       19
  4:     0.055  0.113  0.054  0.012  0.069  0.015  0.010  0.065  0.076  0.011  0.065  0.018  0.080  0.337  0.019       10
  5:     0.013  0.009  0.012  0.280  0.027  0.006  0.560  0.015  0.014  0.005  0.013  0.008  0.015  0.014  0.009        2
  6:     0.036  0.008  0.033  0.015  0.006  0.130  0.008  0.035  0.031  0.161  0.036  0.012  0.036  0.433  0.019        2
  7:     0.070  0.009  0.090  0.267  0.008  0.021  0.129  0.052  0.046  0.011  0.083  0.011  0.057  0.006  0.137        1
  8:     0.007  0.007  0.008  0.028  0.007  0.005  0.880  0.006  0.006  0.005  0.006  0.009  0.007  0.009  0.010        1
  9:     0.134  0.006  0.095  0.054  0.005  0.013  0.004  0.167  0.187  0.006  0.111  0.066  0.104  0.009  0.040        1
 10:     0.076  0.007  0.075  0.008  0.011  0.396  0.012  0.051  0.043  0.150  0.102  0.011  0.038  0.008  0.013        6
 11:     0.063  0.015  0.058  0.117  0.046  0.167  0.037  0.062  0.059  0.093  0.063  0.022  0.061  0.113  0.025       16
 12:     0.063  0.015  0.064  0.008  0.022  0.010  0.022  0.049  0.038  0.003  0.070  0.436  0.035  0.015  0.150        1
 13:     0.041  0.026  0.035  0.015  0.420  0.023  0.014  0.047  0.059  0.013  0.038  0.018  0.060  0.173  0.015       33
 14:     0.022  0.010  0.044  0.360  0.010  0.155  0.071  0.020  0.021  0.091  0.021  0.016  0.025  0.018  0.115       21
 15:     0.021  0.729  0.025  0.013  0.014  0.012  0.009  0.020  0.019  0.026  0.022  0.010  0.021  0.021  0.038       14
 16:     0.028  0.014  0.023  0.018  0.017  0.011  0.012  0.033  0.034  0.009  0.025  0.638  0.034  0.018  0.086       35
 17:     0.161  0.010  0.111  0.011  0.010  0.011  0.013  0.176  0.165  0.007  0.142  0.025  0.120  0.019  0.019        7
--------------------------------------------

Allele-freq. divergence among pops (Net nucleotide distance),
computed using point estimates of P.

      1       2       3       4       5       6       7       8       9      10      11      12      13      14      15      
 1      -    0.0417  0.0015  0.0515  0.0441  0.0275  0.0804  0.0005  0.0014  0.0523  0.0002  0.0283  0.0015  0.0319  0.0260  
 2   0.0417     -    0.0432  0.0887  0.0865  0.0808  0.1094  0.0432  0.0446  0.0992  0.0405  0.0721  0.0445  0.0782  0.0731  
 3   0.0015  0.0432     -    0.0507  0.0488  0.0264  0.0808  0.0027  0.0041  0.0506  0.0012  0.0295  0.0039  0.0355  0.0154  
 4   0.0515  0.0887  0.0507     -    0.1023  0.0747  0.0860  0.0547  0.0570  0.0977  0.0499  0.0712  0.0573  0.0891  0.0726  
 5   0.0441  0.0865  0.0488  0.1023     -    0.0838  0.1271  0.0435  0.0416  0.0961  0.0441  0.0808  0.0405  0.0540  0.0872  
 6   0.0275  0.0808  0.0264  0.0747  0.0838     -    0.1107  0.0301  0.0322  0.0652  0.0266  0.0579  0.0315  0.0621  0.0446  
 7   0.0804  0.1094  0.0808  0.0860  0.1271  0.1107     -    0.0835  0.0841  0.1375  0.0786  0.1132  0.0827  0.0987  0.1080  
 8   0.0005  0.0432  0.0027  0.0547  0.0435  0.0301  0.0835     -    0.0003  0.0536  0.0011  0.0298  0.0005  0.0314  0.0283  
 9   0.0014  0.0446  0.0041  0.0570  0.0416  0.0322  0.0841  0.0003     -    0.0548  0.0022  0.0316  0.0002  0.0292  0.0307  
10   0.0523  0.0992  0.0506  0.0977  0.0961  0.0652  0.1375  0.0536  0.0548     -    0.0512  0.0782  0.0536  0.0945  0.0692  
11   0.0002  0.0405  0.0012  0.0499  0.0441  0.0266  0.0786  0.0011  0.0022  0.0512     -    0.0276  0.0022  0.0323  0.0247  
12   0.0283  0.0721  0.0295  0.0712  0.0808  0.0579  0.1132  0.0298  0.0316  0.0782  0.0276     -    0.0309  0.0684  0.0450  
13   0.0015  0.0445  0.0039  0.0573  0.0405  0.0315  0.0827  0.0005  0.0002  0.0536  0.0022  0.0309     -    0.0287  0.0300  
14   0.0319  0.0782  0.0355  0.0891  0.0540  0.0621  0.0987  0.0314  0.0292  0.0945  0.0323  0.0684  0.0287     -    0.0699  
15   0.0260  0.0731  0.0154  0.0726  0.0872  0.0446  0.1080  0.0283  0.0307  0.0692  0.0247  0.0450  0.0300  0.0699     -    

Average distances (expected heterozygosity) between individuals in same cluster:
cluster  1  : 0.6442 
cluster  2  : 0.5368 
cluster  3  : 0.6550 
cluster  4  : 0.5139 
cluster  5  : 0.5207 
cluster  6  : 0.6082 
cluster  7  : 0.4316 
cluster  8  : 0.6323 
cluster  9  : 0.6211 
cluster 10  : 0.5265 
cluster 11  : 0.6496 
cluster 12  : 0.5353 
cluster 13  : 0.6199 
cluster 14  : 0.5211 
cluster 15  : 0.6275 

--------------------------------------------
Estimated Ln Prob of Data   = -8240.2
Mean value of ln likelihood = -6974.0
Variance of ln likelihood   = 2532.3
Mean value of alpha         = 0.0396

Mean value of Fst_1         = 0.0260
Mean value of Fst_2         = 0.1976
Mean value of Fst_3         = 0.0389
Mean value of Fst_4         = 0.2419
Mean value of Fst_5         = 0.2149
Mean value of Fst_6         = 0.1363
Mean value of Fst_7         = 0.3996
Mean value of Fst_8         = 0.0627
Mean value of Fst_9         = 0.0828
Mean value of Fst_10         = 0.2490
Mean value of Fst_11         = 0.0005
Mean value of Fst_12         = 0.1514
Mean value of Fst_13         = 0.0874
Mean value of Fst_14         = 0.1983
Mean value of Fst_15         = 0.2023


Inferred ancestry of individuals:
        Label (%Miss) Pop:  Inferred clusters
  1 QAc-G-0029    (0)    1 :  0.013 0.830 0.012 0.006 0.006 0.005 0.029 0.014 0.015 0.006 0.012 0.005 0.018 0.023 0.006 
  2 QAc-G-0030    (0)    1 :  0.005 0.932 0.005 0.008 0.004 0.003 0.004 0.005 0.005 0.005 0.005 0.006 0.005 0.004 0.004 
  3 QAc-G-0062    (0)    2 :  0.030 0.006 0.031 0.244 0.005 0.008 0.032 0.025 0.022 0.434 0.026 0.033 0.026 0.006 0.073 
  4 QAc-G-0063    (0)    2 :  0.037 0.006 0.035 0.067 0.022 0.011 0.589 0.036 0.038 0.012 0.035 0.024 0.039 0.031 0.020 
  5 QAc-G-0064    (0)    2 :  0.006 0.005 0.005 0.020 0.005 0.006 0.007 0.006 0.006 0.906 0.006 0.007 0.006 0.006 0.005 
  6 QAc-G-0065    (0)    2 :  0.004 0.006 0.005 0.003 0.004 0.009 0.003 0.004 0.005 0.936 0.005 0.003 0.004 0.004 0.004 
  7 QAc-G-0066    (0)    2 :  0.004 0.005 0.004 0.005 0.003 0.003 0.946 0.004 0.004 0.003 0.004 0.004 0.004 0.004 0.004 
  8 QAc-G-0067    (0)    2 :  0.017 0.018 0.015 0.005 0.008 0.011 0.005 0.015 0.014 0.835 0.017 0.006 0.016 0.013 0.007 
  9 QAc-G-0068    (0)    2 :  0.005 0.005 0.087 0.005 0.004 0.010 0.466 0.004 0.004 0.006 0.004 0.007 0.004 0.003 0.385 
 10 QAc-G-0070    (0)    2 :  0.027 0.013 0.026 0.142 0.006 0.006 0.502 0.024 0.022 0.023 0.030 0.125 0.023 0.010 0.020 
 11 QAc-G-0071   (13)    2 :  0.006 0.009 0.005 0.040 0.003 0.005 0.886 0.006 0.006 0.004 0.005 0.006 0.006 0.007 0.006 
 12 QAc-G-0072    (0)    2 :  0.005 0.005 0.005 0.004 0.005 0.004 0.932 0.005 0.005 0.005 0.004 0.006 0.005 0.005 0.005 
 13 QAc-G-0073    (0)    2 :  0.027 0.011 0.018 0.004 0.019 0.005 0.004 0.059 0.101 0.004 0.018 0.016 0.130 0.577 0.008 
 14 QAc-G-0074    (0)    2 :  0.044 0.005 0.031 0.054 0.025 0.006 0.165 0.045 0.046 0.006 0.041 0.019 0.060 0.444 0.009 
 15 QAc-G-0075    (0)    2 :  0.028 0.015 0.023 0.013 0.043 0.008 0.013 0.037 0.031 0.011 0.026 0.007 0.027 0.709 0.009 
 16 QAc-G-0076    (0)    2 :  0.067 0.010 0.051 0.005 0.103 0.006 0.010 0.115 0.215 0.043 0.053 0.007 0.202 0.106 0.007 
 17 QAc-G-0080    (0)    2 :  0.059 0.592 0.056 0.020 0.005 0.007 0.009 0.047 0.040 0.030 0.056 0.006 0.040 0.018 0.016 
 18 QAc-G-0081    (0)    2 :  0.167 0.008 0.095 0.012 0.013 0.011 0.005 0.174 0.148 0.007 0.108 0.077 0.156 0.005 0.014 
 19 QAc-G-0083    (0)    2 :  0.017 0.014 0.013 0.712 0.086 0.006 0.028 0.016 0.023 0.011 0.017 0.010 0.018 0.024 0.005 
 20 QAc-G-0285    (0)    3 :  0.007 0.010 0.007 0.845 0.005 0.010 0.064 0.007 0.007 0.004 0.008 0.006 0.007 0.005 0.008 
 21 QAc-G-0287    (0)    3 :  0.003 0.003 0.003 0.004 0.003 0.003 0.954 0.003 0.003 0.003 0.003 0.004 0.003 0.004 0.003 
 22 QAc-G-0288    (6)    3 :  0.007 0.018 0.007 0.005 0.008 0.007 0.891 0.006 0.006 0.005 0.008 0.009 0.006 0.007 0.010 
 23 QAc-G-0292    (0)    3 :  0.011 0.005 0.011 0.736 0.005 0.007 0.145 0.011 0.009 0.006 0.010 0.013 0.009 0.006 0.014 
 24 QAc-G-0294    (0)    3 :  0.063 0.016 0.036 0.004 0.064 0.008 0.005 0.177 0.235 0.017 0.039 0.005 0.268 0.041 0.022 
 25 QAc-G-0295    (0)    3 :  0.031 0.026 0.022 0.026 0.036 0.009 0.016 0.060 0.096 0.022 0.026 0.005 0.084 0.535 0.005 
 26 QAc-G-0296    (0)    3 :  0.028 0.005 0.016 0.013 0.051 0.007 0.007 0.043 0.099 0.036 0.022 0.008 0.108 0.552 0.006 
 27 QAc-G-0297    (0)    3 :  0.131 0.006 0.121 0.004 0.040 0.023 0.003 0.129 0.089 0.003 0.135 0.007 0.086 0.213 0.009 
 28 QAc-G-0298    (6)    3 :  0.018 0.018 0.014 0.017 0.011 0.007 0.004 0.027 0.030 0.008 0.014 0.004 0.027 0.796 0.006 
 29 QAc-G-0299    (0)    3 :  0.015 0.005 0.011 0.006 0.122 0.009 0.010 0.013 0.021 0.005 0.012 0.004 0.019 0.740 0.009 
 30 QAc-G-0300    (0)    3 :  0.028 0.005 0.025 0.004 0.115 0.010 0.005 0.058 0.113 0.037 0.024 0.023 0.122 0.417 0.013 
 31 QAc-G-0301    (0)    3 :  0.011 0.008 0.010 0.011 0.019 0.006 0.012 0.012 0.010 0.036 0.011 0.005 0.011 0.835 0.004 
 32 QAc-G-0302    (0)    3 :  0.022 0.005 0.016 0.006 0.021 0.812 0.005 0.021 0.019 0.004 0.019 0.004 0.019 0.010 0.016 
 33 QAc-G-0303    (0)    3 :  0.024 0.007 0.024 0.014 0.005 0.778 0.005 0.016 0.015 0.010 0.020 0.027 0.014 0.004 0.034 
 34 QAc-G-0305    (0)    3 :  0.025 0.025 0.027 0.102 0.005 0.026 0.642 0.024 0.021 0.007 0.023 0.014 0.018 0.007 0.034 
 35 QAc-G-0307    (0)    3 :  0.011 0.869 0.010 0.011 0.006 0.007 0.004 0.010 0.009 0.006 0.010 0.021 0.010 0.007 0.008 
 36 QAc-G-0313    (0)    3 :  0.171 0.011 0.146 0.058 0.008 0.006 0.010 0.140 0.106 0.020 0.180 0.013 0.106 0.008 0.017 
 37 QAc-G-0314    (0)    3 :  0.170 0.011 0.118 0.003 0.031 0.016 0.004 0.154 0.133 0.009 0.137 0.010 0.141 0.051 0.013 
 38 QAc-G-0316    (0)    3 :  0.183 0.022 0.108 0.007 0.015 0.006 0.010 0.172 0.168 0.015 0.107 0.031 0.137 0.007 0.011 
 39 QAc-G-0033    (0)    4 :  0.007 0.007 0.007 0.004 0.159 0.006 0.005 0.013 0.018 0.011 0.008 0.007 0.019 0.723 0.005 
 40 QAc-G-0034    (0)    4 :  0.012 0.028 0.010 0.005 0.009 0.010 0.004 0.009 0.011 0.009 0.012 0.017 0.013 0.845 0.006 
 41 QAc-G-0035    (0)    4 :  0.039 0.015 0.028 0.015 0.404 0.010 0.015 0.107 0.124 0.020 0.038 0.007 0.144 0.024 0.010 
 42 QAc-G-0036    (0)    4 :  0.011 0.006 0.010 0.008 0.009 0.004 0.012 0.010 0.010 0.012 0.010 0.009 0.011 0.871 0.006 
 43 QAc-G-0039    (0)    4 :  0.070 0.037 0.039 0.005 0.032 0.011 0.010 0.195 0.227 0.008 0.044 0.014 0.268 0.028 0.014 
 44 QAc-G-0040    (0)    4 :  0.087 0.012 0.066 0.053 0.044 0.017 0.019 0.099 0.171 0.010 0.081 0.081 0.163 0.071 0.027 
 45 QAc-G-0045    (0)    4 :  0.013 0.013 0.007 0.005 0.019 0.004 0.009 0.011 0.049 0.007 0.007 0.006 0.054 0.791 0.005 
 46 QAc-G-0050    (0)    4 :  0.142 0.095 0.166 0.015 0.004 0.064 0.011 0.080 0.056 0.007 0.196 0.011 0.062 0.004 0.088 
 47 QAc-G-0052    (0)    4 :  0.010 0.877 0.010 0.005 0.005 0.006 0.004 0.010 0.010 0.020 0.010 0.008 0.011 0.006 0.007 
 48 QAc-G-0056    (0)    4 :  0.160 0.043 0.194 0.007 0.007 0.018 0.007 0.112 0.084 0.010 0.243 0.025 0.060 0.008 0.020 
 49 QAc-G-0276    (0)    5 :  0.013 0.009 0.010 0.545 0.022 0.005 0.309 0.014 0.013 0.003 0.011 0.006 0.016 0.016 0.007 
 50 QAc-G-0280    (6)    5 :  0.014 0.009 0.014 0.015 0.032 0.007 0.810 0.015 0.015 0.006 0.015 0.010 0.014 0.013 0.012 
 51 QAc-G-0018    (0)    6 :  0.011 0.011 0.015 0.004 0.008 0.019 0.006 0.010 0.010 0.006 0.011 0.007 0.013 0.850 0.019 
 52 QAc-G-0017    (0)    6 :  0.061 0.004 0.052 0.026 0.005 0.242 0.009 0.060 0.051 0.315 0.061 0.017 0.060 0.016 0.020 
 53 QAc-G-0250    (0)    7 :  0.070 0.009 0.090 0.267 0.008 0.021 0.129 0.052 0.046 0.011 0.083 0.011 0.057 0.006 0.137 
 54 QAc-G-0003    (6)    8 :  0.007 0.007 0.008 0.028 0.007 0.005 0.880 0.006 0.006 0.005 0.006 0.009 0.007 0.009 0.010 
 55 QAc-G-0283    (0)    9 :  0.134 0.006 0.095 0.054 0.005 0.013 0.004 0.167 0.187 0.006 0.111 0.066 0.104 0.009 0.040 
 56 QAc-G-0255    (0)   10 :  0.063 0.005 0.026 0.007 0.027 0.643 0.005 0.053 0.044 0.008 0.037 0.007 0.048 0.010 0.019 
 57 QAc-G-0256    (0)   10 :  0.008 0.006 0.008 0.014 0.009 0.872 0.018 0.008 0.008 0.015 0.008 0.005 0.008 0.008 0.007 
 58 QAc-G-0257    (0)   10 :  0.021 0.010 0.019 0.006 0.003 0.763 0.004 0.015 0.016 0.071 0.022 0.016 0.014 0.006 0.012 
 59 QAc-G-0259    (0)   10 :  0.181 0.003 0.207 0.003 0.009 0.013 0.003 0.106 0.075 0.003 0.328 0.006 0.055 0.003 0.007 
 60 QAc-G-0260    (0)   10 :  0.110 0.010 0.148 0.014 0.010 0.071 0.041 0.066 0.064 0.191 0.163 0.028 0.053 0.011 0.021 
 61 QAc-G-0261    (0)   10 :  0.075 0.006 0.042 0.006 0.005 0.015 0.004 0.057 0.049 0.612 0.056 0.006 0.047 0.010 0.009 
 62 QAc-G-0109    (0)   11 :  0.071 0.014 0.080 0.010 0.005 0.427 0.005 0.061 0.060 0.065 0.091 0.030 0.052 0.017 0.011 
 63 QAc-G-0113    (0)   11 :  0.025 0.018 0.044 0.050 0.006 0.639 0.010 0.018 0.020 0.023 0.032 0.007 0.017 0.012 0.078 
 64 QAc-G-0114    (0)   11 :  0.046 0.007 0.037 0.008 0.102 0.632 0.010 0.024 0.026 0.004 0.037 0.006 0.028 0.022 0.012 
 65 QAc-G-0117    (0)   11 :  0.087 0.013 0.082 0.054 0.046 0.125 0.007 0.077 0.092 0.097 0.071 0.008 0.106 0.062 0.072 
 66 QAc-G-0120    (0)   11 :  0.115 0.009 0.120 0.010 0.013 0.306 0.004 0.094 0.064 0.009 0.159 0.012 0.060 0.014 0.010 
 67 QAc-G-0125    (0)   11 :  0.030 0.043 0.024 0.060 0.006 0.020 0.016 0.025 0.023 0.668 0.029 0.026 0.018 0.004 0.010 
 68 QAc-G-0141    (0)   11 :  0.105 0.031 0.090 0.018 0.016 0.063 0.020 0.130 0.132 0.029 0.096 0.020 0.134 0.038 0.077 
 69 QAc-G-0143    (0)   11 :  0.192 0.005 0.143 0.004 0.004 0.006 0.006 0.187 0.105 0.003 0.148 0.004 0.181 0.008 0.004 
 70 QAc-G-0147    (0)   11 :  0.046 0.008 0.052 0.040 0.010 0.098 0.005 0.036 0.033 0.449 0.052 0.077 0.032 0.030 0.032 
 71 QAc-G-0174    (0)   11 :  0.005 0.006 0.005 0.880 0.005 0.004 0.056 0.004 0.005 0.004 0.005 0.004 0.005 0.008 0.006 
 72 QAc-G-0182    (0)   11 :  0.006 0.003 0.006 0.702 0.004 0.005 0.227 0.006 0.005 0.010 0.007 0.004 0.005 0.005 0.004 
 73 QAc-G-0188    (0)   11 :  0.082 0.004 0.065 0.015 0.016 0.305 0.207 0.069 0.058 0.007 0.075 0.005 0.057 0.008 0.026 
 74 QAc-G-0229    (0)   11 :  0.011 0.007 0.011 0.008 0.007 0.009 0.005 0.012 0.011 0.004 0.010 0.013 0.012 0.872 0.008 
 75 QAc-G-0233    (0)   11 :  0.072 0.042 0.087 0.004 0.361 0.007 0.006 0.060 0.056 0.011 0.100 0.098 0.058 0.014 0.024 
 76 QAc-G-0237    (0)   11 :  0.024 0.018 0.020 0.007 0.024 0.024 0.009 0.025 0.043 0.052 0.019 0.014 0.043 0.671 0.008 
 77 QAc-G-0243    (0)   11 :  0.088 0.013 0.055 0.009 0.111 0.008 0.003 0.161 0.205 0.053 0.071 0.025 0.163 0.018 0.016 
 78 QAc-G-0249    (0)   12 :  0.063 0.015 0.064 0.008 0.022 0.010 0.022 0.049 0.038 0.003 0.070 0.436 0.035 0.015 0.150 
 79 QAc-W-0001    (0)   13 :  0.008 0.005 0.008 0.003 0.865 0.013 0.003 0.009 0.009 0.013 0.008 0.005 0.008 0.038 0.004 
 80 QAc-W-0002    (0)   13 :  0.029 0.006 0.023 0.008 0.020 0.028 0.038 0.029 0.047 0.004 0.032 0.011 0.047 0.666 0.011 
 81 QAc-W-0003    (0)   13 :  0.015 0.021 0.016 0.028 0.783 0.017 0.008 0.016 0.015 0.014 0.015 0.005 0.016 0.021 0.009 
 82 QAc-W-0004    (0)   13 :  0.005 0.007 0.005 0.004 0.912 0.004 0.008 0.005 0.008 0.004 0.005 0.005 0.008 0.017 0.004 
 83 QAc-W-0005    (0)   13 :  0.007 0.004 0.006 0.006 0.912 0.005 0.006 0.008 0.008 0.005 0.007 0.007 0.008 0.008 0.004 
 84 QAc-W-0007   (13)   13 :  0.008 0.005 0.006 0.006 0.898 0.006 0.005 0.008 0.008 0.006 0.007 0.007 0.010 0.016 0.005 
 85 QAc-W-0008    (6)   13 :  0.037 0.004 0.037 0.007 0.720 0.010 0.006 0.028 0.026 0.005 0.040 0.020 0.027 0.016 0.017 
 86 QAc-W-0009    (0)   13 :  0.071 0.011 0.065 0.007 0.022 0.299 0.023 0.062 0.087 0.013 0.075 0.020 0.076 0.145 0.023 
 87 QAc-W-0010    (0)   13 :  0.022 0.005 0.019 0.020 0.712 0.017 0.007 0.024 0.027 0.037 0.020 0.030 0.030 0.010 0.018 
 88 QAc-W-0011    (0)   13 :  0.047 0.015 0.033 0.016 0.430 0.014 0.039 0.055 0.087 0.012 0.041 0.008 0.105 0.087 0.011 
 89 QAc-W-0012    (0)   13 :  0.021 0.012 0.023 0.006 0.657 0.010 0.015 0.023 0.024 0.010 0.021 0.013 0.025 0.123 0.016 
 90 QAc-W-0013    (0)   13 :  0.047 0.160 0.041 0.007 0.015 0.057 0.016 0.078 0.127 0.009 0.037 0.006 0.149 0.244 0.008 
 91 QAc-W-0014    (0)   13 :  0.011 0.005 0.009 0.011 0.859 0.004 0.004 0.012 0.013 0.006 0.009 0.017 0.015 0.019 0.007 
 92 QAc-W-0015    (0)   13 :  0.032 0.016 0.020 0.143 0.014 0.010 0.018 0.034 0.089 0.004 0.025 0.021 0.100 0.465 0.008 
 93 QAc-W-0017    (0)   13 :  0.133 0.026 0.076 0.046 0.012 0.016 0.010 0.141 0.158 0.007 0.105 0.047 0.150 0.050 0.023 
 94 QAc-W-0018    (0)   13 :  0.060 0.044 0.066 0.005 0.432 0.029 0.005 0.071 0.055 0.015 0.069 0.012 0.075 0.024 0.040 
 95 QAc-W-0020    (0)   13 :  0.025 0.004 0.018 0.005 0.821 0.004 0.004 0.024 0.022 0.010 0.021 0.004 0.023 0.007 0.009 
 96 QAc-W-0021    (0)   13 :  0.075 0.130 0.065 0.004 0.349 0.023 0.012 0.059 0.071 0.010 0.081 0.009 0.079 0.018 0.015 
 97 QAc-W-0022    (0)   13 :  0.104 0.013 0.070 0.030 0.023 0.008 0.014 0.153 0.164 0.008 0.081 0.030 0.181 0.109 0.012 
 98 QAc-W-0023    (6)   13 :  0.076 0.022 0.061 0.006 0.118 0.041 0.004 0.106 0.137 0.045 0.065 0.031 0.121 0.154 0.013 
 99 QAc-W-0024    (0)   13 :  0.066 0.098 0.041 0.005 0.386 0.012 0.055 0.079 0.090 0.006 0.043 0.013 0.073 0.024 0.008 
100 QAc-W-0025    (0)   13 :  0.032 0.019 0.023 0.005 0.374 0.011 0.009 0.031 0.025 0.005 0.028 0.011 0.036 0.381 0.010 
101 QAc-W-0026    (0)   13 :  0.037 0.080 0.041 0.016 0.482 0.015 0.054 0.033 0.026 0.022 0.051 0.027 0.031 0.066 0.019 
102 QAc-W-0027    (0)   13 :  0.018 0.005 0.016 0.004 0.078 0.013 0.005 0.015 0.018 0.004 0.015 0.011 0.025 0.765 0.008 
103 QAc-W-0028    (0)   13 :  0.031 0.005 0.021 0.008 0.596 0.008 0.009 0.046 0.050 0.004 0.026 0.009 0.042 0.139 0.007 
104 QAc-W-0029    (0)   13 :  0.034 0.007 0.025 0.004 0.305 0.014 0.004 0.075 0.127 0.023 0.020 0.005 0.118 0.217 0.024 
105 QAc-W-0032    (0)   13 :  0.009 0.006 0.008 0.003 0.858 0.004 0.003 0.013 0.015 0.021 0.009 0.008 0.016 0.024 0.005 
106 QAc-W-0033    (0)   13 :  0.097 0.015 0.132 0.009 0.187 0.013 0.005 0.076 0.094 0.033 0.130 0.021 0.089 0.021 0.079 
107 QAc-W-0035    (0)   13 :  0.042 0.020 0.041 0.016 0.133 0.006 0.021 0.039 0.050 0.008 0.045 0.027 0.057 0.467 0.029 
108 QAc-W-0037    (0)   13 :  0.010 0.013 0.011 0.006 0.022 0.006 0.008 0.011 0.011 0.017 0.011 0.006 0.015 0.844 0.008 
109 QAc-W-0038    (0)   13 :  0.095 0.007 0.059 0.035 0.182 0.014 0.009 0.126 0.165 0.011 0.061 0.011 0.107 0.108 0.010 
110 QAc-W-0040    (0)   13 :  0.021 0.014 0.020 0.010 0.648 0.008 0.009 0.019 0.018 0.026 0.025 0.130 0.015 0.016 0.021 
111 QAc-W-0041    (0)   13 :  0.044 0.067 0.035 0.006 0.049 0.032 0.033 0.048 0.087 0.006 0.035 0.009 0.109 0.416 0.025 
112 QAc-W-0042    (0)   14 :  0.022 0.019 0.023 0.012 0.007 0.356 0.043 0.022 0.026 0.347 0.017 0.006 0.036 0.018 0.047 
113 QAc-W-0044    (0)   14 :  0.041 0.005 0.028 0.079 0.010 0.075 0.045 0.079 0.124 0.194 0.025 0.033 0.147 0.094 0.023 
114 QAc-W-0045    (0)   14 :  0.016 0.008 0.023 0.007 0.007 0.788 0.012 0.012 0.012 0.023 0.016 0.005 0.014 0.014 0.044 
115 QAc-W-0048    (0)   14 :  0.022 0.018 0.024 0.006 0.011 0.729 0.005 0.016 0.018 0.080 0.023 0.005 0.017 0.014 0.010 
116 QAc-W-0050    (0)   14 :  0.024 0.005 0.135 0.006 0.004 0.172 0.008 0.021 0.018 0.024 0.023 0.012 0.019 0.009 0.519 
117 QAc-W-0051    (0)   14 :  0.013 0.016 0.141 0.038 0.007 0.057 0.006 0.011 0.013 0.084 0.014 0.004 0.013 0.006 0.575 
118 QAc-W-0052    (0)   14 :  0.005 0.003 0.004 0.006 0.010 0.006 0.006 0.005 0.005 0.927 0.005 0.005 0.005 0.005 0.004 
119 QAc-W-0053    (0)   14 :  0.012 0.005 0.013 0.008 0.008 0.852 0.005 0.012 0.012 0.020 0.011 0.007 0.015 0.008 0.012 
120 QAc-W-0054    (0)   14 :  0.088 0.010 0.113 0.069 0.010 0.045 0.109 0.056 0.037 0.089 0.073 0.021 0.061 0.012 0.207 
121 QAc-W-0056    (0)   14 :  0.070 0.011 0.154 0.010 0.049 0.018 0.007 0.047 0.050 0.008 0.083 0.012 0.052 0.076 0.354 
122 QAc-W-0057    (0)   14 :  0.031 0.027 0.139 0.077 0.007 0.081 0.008 0.023 0.027 0.010 0.031 0.015 0.026 0.018 0.480 
123 QAc-W-0060    (0)   14 :  0.007 0.004 0.007 0.873 0.004 0.006 0.010 0.007 0.006 0.032 0.007 0.007 0.006 0.018 0.005 
124 QAc-W-0061    (0)   14 :  0.032 0.013 0.031 0.667 0.012 0.021 0.014 0.028 0.023 0.006 0.028 0.045 0.024 0.032 0.026 
125 QAc-W-0062    (0)   14 :  0.005 0.004 0.004 0.934 0.003 0.004 0.006 0.004 0.004 0.009 0.004 0.006 0.004 0.004 0.004 
126 QAc-W-0063    (0)   14 :  0.013 0.020 0.011 0.820 0.015 0.007 0.021 0.012 0.011 0.022 0.012 0.010 0.013 0.007 0.006 
127 QAc-W-0064    (0)   14 :  0.008 0.007 0.008 0.886 0.010 0.006 0.020 0.007 0.008 0.005 0.008 0.008 0.007 0.005 0.007 
128 QAc-W-0065    (0)   14 :  0.019 0.012 0.022 0.773 0.009 0.010 0.010 0.019 0.020 0.007 0.021 0.017 0.019 0.014 0.029 
129 QAc-W-0066    (0)   14 :  0.003 0.004 0.003 0.005 0.003 0.003 0.954 0.003 0.003 0.003 0.003 0.003 0.003 0.004 0.003 
130 QAc-W-0072    (0)   14 :  0.016 0.012 0.021 0.709 0.015 0.006 0.006 0.012 0.011 0.004 0.018 0.104 0.014 0.006 0.047 
131 QAc-W-0073    (0)   14 :  0.013 0.008 0.013 0.839 0.007 0.015 0.006 0.016 0.014 0.008 0.013 0.009 0.017 0.009 0.011 
132 QAc-W-0077    (0)   14 :  0.006 0.004 0.007 0.738 0.005 0.007 0.183 0.006 0.006 0.005 0.006 0.005 0.006 0.007 0.008 
133 QAc-W-0078    (0)   15 :  0.039 0.653 0.041 0.009 0.013 0.006 0.033 0.029 0.026 0.016 0.054 0.019 0.028 0.022 0.013 
134 QAc-W-0079    (6)   15 :  0.006 0.913 0.006 0.004 0.005 0.007 0.012 0.006 0.006 0.003 0.006 0.007 0.006 0.008 0.005 
135 QAc-W-0081    (0)   15 :  0.006 0.914 0.005 0.007 0.008 0.005 0.004 0.006 0.006 0.010 0.007 0.005 0.007 0.005 0.005 
136 QAc-W-0082    (0)   15 :  0.007 0.428 0.096 0.005 0.003 0.016 0.005 0.006 0.006 0.003 0.007 0.004 0.006 0.006 0.403 
137 QAc-W-0083    (0)   15 :  0.009 0.855 0.009 0.033 0.008 0.008 0.007 0.007 0.009 0.009 0.008 0.010 0.009 0.006 0.012 
138 QAc-W-0086    (0)   15 :  0.009 0.885 0.008 0.005 0.007 0.006 0.015 0.008 0.008 0.005 0.008 0.008 0.008 0.008 0.013 
139 QAc-W-0087    (0)   15 :  0.006 0.923 0.006 0.003 0.004 0.008 0.005 0.006 0.006 0.003 0.006 0.007 0.006 0.005 0.005 
140 QAc-W-0088    (0)   15 :  0.018 0.834 0.016 0.006 0.006 0.013 0.006 0.018 0.016 0.004 0.019 0.007 0.016 0.011 0.009 
141 QAc-W-0092    (0)   15 :  0.030 0.627 0.024 0.006 0.025 0.016 0.012 0.022 0.028 0.020 0.030 0.012 0.038 0.102 0.007 
142 QAc-W-0093    (0)   15 :  0.028 0.735 0.024 0.005 0.030 0.014 0.003 0.026 0.026 0.010 0.026 0.014 0.026 0.019 0.015 
143 QAc-W-0094    (0)   15 :  0.044 0.301 0.039 0.051 0.055 0.032 0.006 0.052 0.044 0.240 0.056 0.008 0.046 0.010 0.015 
144 QAc-W-0097    (0)   15 :  0.032 0.644 0.029 0.007 0.025 0.015 0.007 0.034 0.037 0.017 0.026 0.006 0.037 0.074 0.009 
145 QAc-W-0099    (0)   15 :  0.053 0.622 0.043 0.005 0.005 0.017 0.005 0.047 0.039 0.021 0.045 0.021 0.051 0.011 0.017 
146 QAc-W-0107    (0)   15 :  0.009 0.866 0.008 0.030 0.006 0.005 0.012 0.009 0.009 0.008 0.009 0.007 0.009 0.006 0.007 
147 QAc-W-0115    (0)   16 :  0.012 0.009 0.010 0.007 0.011 0.005 0.005 0.011 0.011 0.006 0.012 0.851 0.010 0.019 0.020 
148 QAc-W-0116    (0)   16 :  0.032 0.007 0.024 0.005 0.008 0.021 0.003 0.031 0.032 0.014 0.029 0.603 0.035 0.019 0.137 
149 QAc-W-0117    (0)   16 :  0.012 0.004 0.009 0.004 0.005 0.013 0.004 0.014 0.016 0.004 0.012 0.713 0.015 0.008 0.167 
150 QAc-W-0118    (0)   16 :  0.018 0.021 0.015 0.021 0.007 0.009 0.039 0.014 0.013 0.006 0.018 0.734 0.014 0.006 0.065 
151 QAc-W-0119    (0)   16 :  0.023 0.007 0.022 0.004 0.006 0.007 0.017 0.020 0.018 0.007 0.025 0.629 0.019 0.007 0.188 
152 QAc-W-0120    (0)   16 :  0.040 0.011 0.035 0.010 0.011 0.011 0.019 0.025 0.028 0.005 0.049 0.609 0.030 0.009 0.109 
153 QAc-W-0121    (0)   16 :  0.016 0.004 0.016 0.010 0.007 0.007 0.071 0.013 0.013 0.003 0.015 0.609 0.015 0.006 0.195 
154 QAc-W-0122    (0)   16 :  0.045 0.006 0.030 0.007 0.021 0.012 0.004 0.057 0.082 0.004 0.032 0.585 0.075 0.006 0.032 
155 QAc-W-0123    (6)   16 :  0.027 0.011 0.025 0.010 0.004 0.010 0.008 0.029 0.032 0.017 0.028 0.696 0.025 0.014 0.064 
156 QAc-W-0124    (0)   16 :  0.020 0.088 0.018 0.113 0.017 0.004 0.012 0.022 0.019 0.007 0.022 0.561 0.035 0.051 0.012 
157 QAc-W-0125    (0)   16 :  0.014 0.020 0.012 0.005 0.008 0.009 0.009 0.013 0.013 0.009 0.014 0.741 0.013 0.011 0.110 
158 QAc-W-0132    (6)   16 :  0.030 0.040 0.026 0.030 0.018 0.007 0.054 0.029 0.032 0.022 0.030 0.596 0.027 0.039 0.019 
159 QAc-W-0134    (0)   16 :  0.007 0.006 0.006 0.007 0.005 0.006 0.005 0.006 0.007 0.006 0.007 0.782 0.007 0.006 0.137 
160 QAc-W-0135    (0)   16 :  0.022 0.009 0.017 0.032 0.103 0.006 0.015 0.022 0.019 0.004 0.022 0.647 0.033 0.025 0.023 
161 QAc-W-0136    (0)   16 :  0.007 0.005 0.007 0.005 0.005 0.005 0.004 0.008 0.006 0.007 0.008 0.854 0.007 0.005 0.068 
162 QAc-W-0138    (0)   16 :  0.009 0.004 0.008 0.005 0.008 0.004 0.005 0.010 0.011 0.006 0.007 0.830 0.011 0.006 0.077 
163 QAc-W-0140    (0)   16 :  0.021 0.006 0.017 0.005 0.010 0.027 0.006 0.030 0.034 0.004 0.019 0.613 0.027 0.024 0.158 
164 QAc-W-0141    (6)   16 :  0.105 0.008 0.063 0.009 0.018 0.023 0.032 0.152 0.178 0.008 0.063 0.095 0.159 0.051 0.038 
165 QAc-W-0142    (0)   16 :  0.007 0.005 0.008 0.014 0.004 0.006 0.012 0.007 0.006 0.004 0.007 0.743 0.007 0.004 0.165 
166 QAc-W-0143    (0)   16 :  0.014 0.030 0.015 0.006 0.008 0.012 0.003 0.014 0.012 0.006 0.014 0.726 0.013 0.005 0.122 
167 QAc-W-0145    (0)   16 :  0.013 0.003 0.013 0.006 0.004 0.006 0.003 0.013 0.010 0.004 0.013 0.886 0.009 0.006 0.011 
168 QAc-W-0148    (0)   16 :  0.006 0.004 0.006 0.007 0.007 0.005 0.004 0.008 0.007 0.007 0.006 0.886 0.007 0.013 0.028 
169 QAc-W-0149    (0)   16 :  0.064 0.011 0.045 0.013 0.014 0.018 0.004 0.099 0.109 0.042 0.050 0.344 0.150 0.007 0.031 
170 QAc-W-0150    (0)   16 :  0.051 0.030 0.039 0.008 0.105 0.007 0.006 0.059 0.060 0.019 0.041 0.383 0.106 0.040 0.045 
171 QAc-W-0151    (0)   16 :  0.013 0.011 0.014 0.006 0.011 0.007 0.004 0.017 0.013 0.006 0.018 0.795 0.016 0.047 0.022 
172 QAc-W-0152    (0)   16 :  0.011 0.005 0.009 0.032 0.005 0.010 0.006 0.009 0.008 0.006 0.010 0.857 0.009 0.009 0.013 
173 QAc-W-0153    (0)   16 :  0.118 0.028 0.067 0.025 0.006 0.006 0.006 0.229 0.236 0.004 0.076 0.017 0.137 0.034 0.010 
174 QAc-W-0154    (0)   16 :  0.033 0.006 0.028 0.004 0.053 0.006 0.003 0.028 0.025 0.004 0.034 0.637 0.024 0.008 0.107 
175 QAc-W-0157    (0)   16 :  0.048 0.005 0.050 0.020 0.005 0.013 0.012 0.045 0.028 0.030 0.051 0.519 0.029 0.019 0.126 
176 QAc-W-0158    (0)   16 :  0.021 0.032 0.016 0.009 0.047 0.007 0.027 0.031 0.029 0.008 0.022 0.616 0.036 0.068 0.031 
177 QAc-W-0159    (0)   16 :  0.010 0.007 0.009 0.004 0.008 0.007 0.004 0.009 0.009 0.008 0.009 0.718 0.008 0.007 0.184 
178 QAc-W-0160    (0)   16 :  0.026 0.008 0.020 0.005 0.024 0.005 0.004 0.022 0.026 0.004 0.034 0.702 0.025 0.021 0.073 
179 QAc-W-0162    (0)   16 :  0.016 0.008 0.022 0.092 0.004 0.027 0.006 0.014 0.012 0.017 0.017 0.618 0.015 0.004 0.129 
180 QAc-W-0163    (0)   16 :  0.028 0.005 0.048 0.010 0.007 0.035 0.007 0.021 0.021 0.011 0.036 0.514 0.021 0.007 0.230 
181 QAc-W-0164    (0)   16 :  0.039 0.012 0.037 0.077 0.007 0.012 0.008 0.025 0.023 0.009 0.036 0.621 0.025 0.008 0.062 
182 QAc-W-0167    (0)   17 :  0.159 0.020 0.078 0.009 0.007 0.011 0.006 0.215 0.243 0.006 0.092 0.008 0.129 0.006 0.012 
183 QAc-W-0168    (0)   17 :  0.129 0.014 0.125 0.024 0.010 0.019 0.054 0.116 0.087 0.008 0.155 0.119 0.083 0.018 0.037 
184 QAc-W-0169    (0)   17 :  0.172 0.004 0.167 0.011 0.017 0.016 0.010 0.134 0.100 0.004 0.206 0.005 0.097 0.015 0.041 
185 QAc-W-0170    (0)   17 :  0.177 0.008 0.122 0.006 0.013 0.009 0.004 0.157 0.137 0.006 0.156 0.014 0.123 0.056 0.014 
186 QAc-W-0172    (0)   17 :  0.181 0.009 0.166 0.002 0.009 0.006 0.002 0.137 0.098 0.017 0.241 0.008 0.105 0.010 0.007 
187 QAc-W-0173    (0)   17 :  0.137 0.007 0.053 0.011 0.012 0.006 0.004 0.241 0.264 0.005 0.059 0.016 0.162 0.016 0.009 
188 QAc-W-0174    (0)   17 :  0.173 0.006 0.069 0.012 0.005 0.011 0.011 0.230 0.222 0.005 0.087 0.009 0.138 0.009 0.014 


Estimated Allele Frequencies in each cluster
First column gives estimated ancestral frequencies


Locus 1 : 
18 alleles
0.0% missing data
 210   (0.110) 0.108 0.149 0.106 0.023 0.017 0.255 0.007 0.109 0.105 0.030 0.110 0.182 0.108 0.071 0.110 
 212   (0.111) 0.113 0.270 0.110 0.015 0.053 0.034 0.200 0.123 0.118 0.023 0.112 0.094 0.134 0.387 0.083 
 202   (0.059) 0.058 0.138 0.054 0.007 0.068 0.018 0.004 0.050 0.043 0.297 0.060 0.007 0.045 0.036 0.021 
 226   (0.043) 0.038 0.016 0.042 0.131 0.005 0.025 0.241 0.030 0.026 0.216 0.043 0.005 0.025 0.005 0.030 
 216   (0.077) 0.071 0.166 0.070 0.059 0.020 0.054 0.005 0.062 0.058 0.176 0.077 0.132 0.056 0.010 0.052 
 200   (0.241) 0.263 0.090 0.223 0.141 0.509 0.196 0.509 0.302 0.347 0.128 0.242 0.154 0.347 0.389 0.152 
 224   (0.045) 0.044 0.014 0.041 0.256 0.010 0.012 0.004 0.044 0.049 0.010 0.045 0.006 0.048 0.026 0.021 
 218   (0.055) 0.050 0.105 0.052 0.018 0.086 0.014 0.004 0.042 0.037 0.010 0.055 0.145 0.039 0.011 0.069 
 228   (0.012) 0.010 0.001 0.010 0.123 0.001 0.003 0.001 0.007 0.006 0.002 0.012 0.001 0.006 0.001 0.003 
 214   (0.064) 0.062 0.008 0.130 0.204 0.007 0.157 0.014 0.055 0.048 0.045 0.064 0.023 0.046 0.007 0.353 
 208   (0.059) 0.068 0.027 0.053 0.007 0.205 0.089 0.004 0.077 0.077 0.017 0.059 0.007 0.064 0.042 0.020 
 220   (0.030) 0.033 0.004 0.027 0.004 0.003 0.008 0.002 0.033 0.030 0.006 0.030 0.009 0.026 0.006 0.013 
 196   (0.011) 0.010 0.002 0.010 0.001 0.001 0.003 0.001 0.008 0.007 0.002 0.011 0.001 0.006 0.001 0.003 
 238   (0.012) 0.011 0.001 0.010 0.002 0.001 0.003 0.001 0.011 0.011 0.002 0.012 0.002 0.008 0.001 0.004 
 206   (0.022) 0.019 0.003 0.019 0.002 0.003 0.059 0.001 0.014 0.013 0.004 0.022 0.024 0.012 0.002 0.013 
 190   (0.011) 0.010 0.001 0.010 0.001 0.001 0.003 0.001 0.008 0.007 0.002 0.012 0.001 0.006 0.001 0.003 
 222   (0.024) 0.021 0.004 0.020 0.003 0.008 0.006 0.002 0.016 0.013 0.026 0.024 0.204 0.014 0.003 0.046 
 232   (0.012) 0.010 0.001 0.011 0.001 0.001 0.062 0.001 0.007 0.007 0.003 0.012 0.001 0.006 0.001 0.004 

Locus 2 : 
15 alleles
2.1% missing data
 171   (0.203) 0.209 0.183 0.211 0.044 0.310 0.445 0.017 0.223 0.231 0.247 0.203 0.062 0.242 0.419 0.201 
 175   (0.101) 0.094 0.254 0.127 0.030 0.050 0.030 0.032 0.086 0.080 0.202 0.101 0.024 0.080 0.057 0.214 
 185   (0.053) 0.051 0.082 0.047 0.016 0.009 0.014 0.005 0.043 0.038 0.013 0.053 0.214 0.042 0.006 0.061 
 179   (0.071) 0.073 0.009 0.062 0.479 0.008 0.018 0.035 0.077 0.076 0.240 0.071 0.302 0.071 0.009 0.043 
 181   (0.096) 0.095 0.341 0.091 0.053 0.034 0.113 0.558 0.098 0.104 0.036 0.095 0.011 0.109 0.132 0.064 
 173   (0.188) 0.183 0.041 0.193 0.156 0.190 0.176 0.328 0.186 0.212 0.176 0.188 0.182 0.209 0.228 0.221 
 177   (0.033) 0.030 0.004 0.033 0.176 0.004 0.009 0.003 0.025 0.021 0.006 0.033 0.086 0.023 0.004 0.041 
 187   (0.092) 0.105 0.012 0.093 0.026 0.108 0.047 0.009 0.111 0.104 0.018 0.092 0.022 0.091 0.113 0.075 
 183   (0.062) 0.067 0.022 0.055 0.007 0.007 0.101 0.006 0.071 0.068 0.017 0.062 0.072 0.063 0.008 0.048 
 189   (0.032) 0.029 0.004 0.028 0.004 0.273 0.008 0.003 0.027 0.024 0.006 0.032 0.017 0.026 0.017 0.012 
 191   (0.021) 0.019 0.043 0.019 0.003 0.003 0.027 0.002 0.016 0.014 0.032 0.021 0.003 0.014 0.002 0.008 
 163   (0.012) 0.011 0.001 0.011 0.001 0.001 0.003 0.001 0.008 0.007 0.002 0.012 0.001 0.007 0.001 0.003 
 165   (0.012) 0.010 0.001 0.010 0.001 0.001 0.003 0.001 0.008 0.006 0.002 0.012 0.001 0.007 0.001 0.003 
 193   (0.012) 0.012 0.001 0.010 0.001 0.001 0.003 0.001 0.011 0.008 0.002 0.012 0.001 0.010 0.001 0.003 
 167   (0.012) 0.011 0.001 0.011 0.001 0.001 0.003 0.001 0.009 0.008 0.002 0.012 0.001 0.008 0.001 0.003 

Locus 3 : 
4 alleles
1.1% missing data
 206   (0.890) 0.895 0.974 0.896 0.882 0.700 0.900 0.989 0.902 0.910 0.894 0.890 0.986 0.917 0.984 0.946 
 208   (0.058) 0.054 0.008 0.057 0.053 0.294 0.067 0.004 0.047 0.041 0.011 0.058 0.008 0.042 0.010 0.038 
 204   (0.039) 0.036 0.016 0.035 0.064 0.004 0.030 0.006 0.029 0.026 0.093 0.039 0.005 0.026 0.005 0.012 
 212   (0.014) 0.015 0.002 0.012 0.002 0.002 0.003 0.001 0.022 0.023 0.002 0.014 0.002 0.016 0.002 0.004 

Locus 4 : 
15 alleles
1.1% missing data
 165   (0.073) 0.075 0.459 0.071 0.301 0.014 0.020 0.005 0.102 0.112 0.043 0.073 0.009 0.101 0.031 0.055 
 163   (0.202) 0.224 0.030 0.199 0.080 0.093 0.262 0.016 0.255 0.261 0.083 0.202 0.278 0.246 0.067 0.205 
 167   (0.137) 0.136 0.074 0.148 0.018 0.243 0.096 0.009 0.128 0.125 0.475 0.137 0.128 0.126 0.190 0.184 
 161   (0.359) 0.346 0.131 0.372 0.575 0.469 0.434 0.954 0.324 0.332 0.332 0.359 0.512 0.351 0.672 0.439 
 153   (0.014) 0.013 0.002 0.012 0.002 0.011 0.004 0.001 0.014 0.019 0.003 0.014 0.002 0.019 0.004 0.004 
 173   (0.034) 0.031 0.256 0.038 0.004 0.004 0.026 0.002 0.026 0.021 0.006 0.034 0.004 0.022 0.004 0.045 
 171   (0.043) 0.048 0.006 0.039 0.005 0.005 0.052 0.004 0.042 0.036 0.033 0.043 0.005 0.037 0.005 0.018 
 179   (0.012) 0.012 0.001 0.011 0.001 0.002 0.003 0.001 0.010 0.008 0.002 0.012 0.001 0.008 0.003 0.003 
 157   (0.023) 0.020 0.003 0.020 0.002 0.142 0.017 0.001 0.016 0.014 0.004 0.022 0.003 0.014 0.013 0.008 
 149   (0.012) 0.010 0.001 0.010 0.001 0.001 0.027 0.001 0.007 0.007 0.002 0.012 0.002 0.006 0.001 0.005 
 177   (0.020) 0.022 0.012 0.018 0.002 0.003 0.006 0.001 0.023 0.021 0.004 0.020 0.003 0.024 0.004 0.007 
 155   (0.017) 0.015 0.003 0.015 0.002 0.007 0.004 0.001 0.012 0.010 0.003 0.017 0.003 0.010 0.002 0.005 
 175   (0.012) 0.011 0.001 0.010 0.001 0.001 0.010 0.001 0.008 0.007 0.002 0.012 0.001 0.007 0.001 0.003 
 169   (0.024) 0.023 0.019 0.020 0.003 0.003 0.035 0.001 0.019 0.015 0.004 0.024 0.003 0.017 0.003 0.008 
 159   (0.020) 0.018 0.002 0.017 0.002 0.002 0.005 0.001 0.014 0.012 0.003 0.020 0.047 0.012 0.002 0.010 

Locus 5 : 
16 alleles
0.0% missing data
 148   (0.118) 0.120 0.278 0.103 0.052 0.105 0.098 0.362 0.118 0.107 0.028 0.118 0.051 0.115 0.191 0.040 
 160   (0.026) 0.022 0.058 0.022 0.003 0.004 0.026 0.002 0.019 0.017 0.062 0.025 0.003 0.016 0.004 0.007 
 154   (0.075) 0.078 0.027 0.072 0.168 0.019 0.021 0.010 0.069 0.061 0.053 0.075 0.218 0.065 0.009 0.096 
 150   (0.061) 0.058 0.010 0.123 0.011 0.067 0.076 0.013 0.055 0.056 0.013 0.061 0.007 0.059 0.030 0.319 
 138   (0.117) 0.115 0.150 0.107 0.178 0.025 0.098 0.008 0.108 0.115 0.305 0.117 0.242 0.103 0.060 0.091 
 166   (0.032) 0.026 0.014 0.027 0.003 0.035 0.187 0.002 0.021 0.018 0.254 0.031 0.004 0.018 0.005 0.009 
 146   (0.099) 0.098 0.165 0.088 0.235 0.035 0.090 0.330 0.091 0.088 0.077 0.099 0.020 0.077 0.030 0.034 
 164   (0.016) 0.014 0.002 0.014 0.002 0.002 0.004 0.001 0.012 0.010 0.039 0.016 0.002 0.010 0.002 0.004 
 142   (0.018) 0.015 0.002 0.047 0.002 0.002 0.007 0.008 0.012 0.010 0.003 0.018 0.014 0.010 0.002 0.164 
 144   (0.153) 0.154 0.029 0.140 0.297 0.072 0.241 0.231 0.168 0.182 0.060 0.152 0.150 0.182 0.386 0.094 
 140   (0.084) 0.088 0.021 0.072 0.010 0.186 0.022 0.007 0.093 0.094 0.017 0.084 0.215 0.087 0.239 0.056 
 158   (0.043) 0.042 0.088 0.039 0.005 0.011 0.027 0.003 0.051 0.063 0.039 0.043 0.019 0.065 0.014 0.019 
 162   (0.028) 0.030 0.127 0.028 0.003 0.003 0.008 0.002 0.031 0.028 0.005 0.028 0.003 0.023 0.005 0.019 
 152   (0.094) 0.102 0.013 0.086 0.028 0.428 0.042 0.017 0.118 0.123 0.019 0.094 0.049 0.141 0.017 0.039 
 134   (0.018) 0.018 0.002 0.015 0.002 0.002 0.049 0.001 0.016 0.012 0.003 0.018 0.002 0.013 0.002 0.006 
 156   (0.019) 0.021 0.014 0.017 0.002 0.002 0.006 0.001 0.018 0.017 0.023 0.019 0.002 0.016 0.004 0.005 

Locus 6 : 
12 alleles
0.0% missing data
 225   (0.045) 0.043 0.118 0.042 0.007 0.011 0.011 0.291 0.037 0.034 0.008 0.045 0.016 0.033 0.005 0.037 
 239   (0.104) 0.102 0.029 0.096 0.233 0.014 0.057 0.422 0.097 0.098 0.239 0.104 0.019 0.093 0.112 0.049 
 229   (0.015) 0.012 0.282 0.013 0.001 0.002 0.004 0.001 0.010 0.010 0.002 0.015 0.002 0.010 0.002 0.004 
 235   (0.289) 0.290 0.375 0.326 0.308 0.271 0.145 0.233 0.310 0.318 0.089 0.289 0.515 0.316 0.409 0.475 
 237   (0.212) 0.228 0.040 0.201 0.264 0.201 0.178 0.026 0.235 0.231 0.071 0.212 0.168 0.232 0.270 0.153 
 233   (0.103) 0.094 0.065 0.098 0.158 0.456 0.092 0.010 0.092 0.100 0.247 0.102 0.018 0.102 0.167 0.066 
 227   (0.032) 0.029 0.004 0.032 0.003 0.003 0.383 0.002 0.022 0.018 0.278 0.032 0.004 0.018 0.003 0.026 
 245   (0.071) 0.072 0.009 0.064 0.008 0.025 0.023 0.006 0.078 0.087 0.026 0.071 0.125 0.089 0.015 0.070 
 241   (0.039) 0.036 0.068 0.039 0.008 0.007 0.036 0.003 0.029 0.025 0.015 0.039 0.023 0.028 0.005 0.034 
 231   (0.051) 0.060 0.006 0.052 0.006 0.005 0.024 0.003 0.060 0.052 0.018 0.051 0.052 0.051 0.006 0.052 
 243   (0.028) 0.025 0.003 0.025 0.003 0.003 0.044 0.002 0.021 0.021 0.005 0.028 0.058 0.021 0.005 0.031 
 251   (0.012) 0.010 0.001 0.010 0.001 0.001 0.003 0.001 0.008 0.006 0.002 0.012 0.001 0.007 0.001 0.003 

Locus 7 : 
5 alleles
0.0% missing data
 118   (0.919) 0.926 0.989 0.868 0.992 0.919 0.977 0.993 0.926 0.927 0.685 0.919 0.991 0.931 0.940 0.697 
 124   (0.038) 0.033 0.005 0.034 0.004 0.075 0.009 0.002 0.035 0.036 0.307 0.038 0.005 0.038 0.056 0.010 
 116   (0.013) 0.010 0.002 0.072 0.001 0.001 0.007 0.002 0.008 0.007 0.002 0.013 0.001 0.007 0.001 0.284 
 114   (0.017) 0.018 0.002 0.015 0.002 0.003 0.004 0.001 0.021 0.022 0.004 0.017 0.002 0.016 0.002 0.005 
 122   (0.013) 0.012 0.001 0.011 0.001 0.001 0.003 0.001 0.010 0.008 0.002 0.013 0.001 0.008 0.001 0.004 

Locus 8 : 
5 alleles
0.0% missing data
 135   (0.056) 0.060 0.024 0.050 0.007 0.015 0.014 0.012 0.082 0.092 0.011 0.056 0.028 0.099 0.031 0.021 
 139   (0.749) 0.760 0.816 0.723 0.954 0.924 0.651 0.913 0.769 0.777 0.946 0.749 0.703 0.764 0.910 0.583 
 137   (0.146) 0.136 0.154 0.184 0.034 0.055 0.323 0.072 0.114 0.100 0.035 0.146 0.205 0.106 0.054 0.366 
 143   (0.036) 0.033 0.004 0.032 0.004 0.004 0.009 0.002 0.027 0.022 0.007 0.036 0.032 0.024 0.004 0.026 
 141   (0.013) 0.011 0.002 0.011 0.001 0.002 0.003 0.001 0.008 0.007 0.002 0.013 0.032 0.007 0.002 0.005 

Locus 9 : 
11 alleles
0.0% missing data
 116   (0.289) 0.295 0.427 0.273 0.186 0.510 0.125 0.375 0.323 0.346 0.112 0.289 0.301 0.359 0.284 0.229 
 112   (0.085) 0.081 0.058 0.074 0.367 0.037 0.021 0.012 0.080 0.077 0.016 0.085 0.178 0.082 0.079 0.056 
 122   (0.064) 0.056 0.007 0.075 0.292 0.010 0.244 0.423 0.047 0.042 0.299 0.064 0.010 0.046 0.008 0.117 
 114   (0.216) 0.226 0.081 0.194 0.049 0.356 0.241 0.021 0.233 0.231 0.056 0.216 0.293 0.215 0.334 0.126 
 120   (0.043) 0.037 0.005 0.037 0.023 0.005 0.012 0.003 0.031 0.026 0.202 0.043 0.020 0.027 0.139 0.015 
 130   (0.037) 0.034 0.005 0.033 0.004 0.006 0.074 0.003 0.034 0.043 0.170 0.037 0.004 0.043 0.047 0.011 
 118   (0.128) 0.134 0.398 0.115 0.020 0.041 0.057 0.021 0.129 0.126 0.120 0.128 0.153 0.124 0.079 0.062 
 124   (0.064) 0.060 0.008 0.092 0.052 0.007 0.073 0.136 0.054 0.049 0.012 0.064 0.031 0.045 0.007 0.188 
 126   (0.037) 0.036 0.006 0.074 0.004 0.009 0.143 0.003 0.028 0.024 0.008 0.037 0.004 0.026 0.018 0.184 
 108   (0.015) 0.017 0.002 0.013 0.001 0.002 0.003 0.001 0.017 0.011 0.002 0.015 0.002 0.015 0.002 0.004 
 128   (0.023) 0.024 0.003 0.020 0.003 0.017 0.006 0.002 0.025 0.024 0.004 0.023 0.004 0.020 0.003 0.007 

Locus 10 : 
4 alleles
0.0% missing data
 232   (0.892) 0.895 0.987 0.904 0.988 0.987 0.692 0.992 0.911 0.922 0.972 0.892 0.936 0.917 0.944 0.946 
 238   (0.079) 0.074 0.010 0.071 0.009 0.010 0.301 0.006 0.060 0.056 0.024 0.079 0.061 0.058 0.053 0.047 
 234   (0.016) 0.018 0.002 0.014 0.002 0.002 0.004 0.001 0.018 0.012 0.002 0.016 0.002 0.016 0.002 0.004 
 244   (0.013) 0.013 0.001 0.011 0.001 0.001 0.003 0.001 0.011 0.010 0.002 0.013 0.002 0.009 0.002 0.003 

Locus 11 : 
7 alleles
0.0% missing data
 165   (0.756) 0.756 0.914 0.721 0.803 0.918 0.889 0.770 0.768 0.786 0.924 0.756 0.920 0.790 0.782 0.632 
 167   (0.080) 0.072 0.058 0.127 0.179 0.010 0.023 0.219 0.058 0.049 0.023 0.080 0.028 0.050 0.013 0.287 
 161   (0.115) 0.128 0.022 0.110 0.013 0.066 0.077 0.008 0.138 0.136 0.045 0.115 0.014 0.129 0.200 0.068 
 155   (0.012) 0.010 0.001 0.010 0.001 0.001 0.003 0.001 0.008 0.006 0.002 0.012 0.001 0.006 0.001 0.003 
 173   (0.013) 0.013 0.001 0.011 0.001 0.001 0.003 0.001 0.011 0.008 0.002 0.013 0.001 0.010 0.001 0.003 
 163   (0.013) 0.011 0.002 0.012 0.001 0.001 0.003 0.001 0.009 0.007 0.002 0.013 0.034 0.006 0.001 0.004 
 171   (0.012) 0.011 0.001 0.010 0.001 0.001 0.003 0.001 0.009 0.007 0.002 0.012 0.001 0.008 0.001 0.003 

Locus 12 : 
8 alleles
0.0% missing data
 137   (0.514) 0.515 0.411 0.547 0.417 0.346 0.529 0.458 0.525 0.510 0.841 0.514 0.809 0.529 0.246 0.721 
 140   (0.155) 0.155 0.212 0.141 0.059 0.574 0.084 0.015 0.152 0.179 0.033 0.155 0.062 0.180 0.499 0.068 
 134   (0.250) 0.253 0.367 0.242 0.515 0.061 0.319 0.521 0.248 0.242 0.112 0.250 0.085 0.236 0.246 0.187 
 149   (0.012) 0.010 0.002 0.010 0.001 0.001 0.003 0.001 0.008 0.007 0.002 0.012 0.001 0.007 0.001 0.003 
 143   (0.017) 0.015 0.002 0.015 0.002 0.002 0.045 0.002 0.012 0.010 0.004 0.017 0.002 0.010 0.002 0.006 
 128   (0.012) 0.011 0.001 0.011 0.001 0.001 0.010 0.001 0.009 0.007 0.002 0.012 0.001 0.007 0.001 0.003 
 125   (0.020) 0.017 0.002 0.017 0.002 0.013 0.005 0.001 0.014 0.011 0.003 0.020 0.037 0.011 0.002 0.007 
 146   (0.019) 0.025 0.002 0.017 0.002 0.002 0.005 0.001 0.033 0.033 0.003 0.019 0.002 0.021 0.002 0.005 

Locus 13 : 
19 alleles
0.5% missing data
 206   (0.133) 0.122 0.407 0.131 0.031 0.251 0.071 0.051 0.107 0.100 0.214 0.133 0.161 0.102 0.173 0.111 
 210   (0.096) 0.094 0.277 0.086 0.044 0.169 0.030 0.411 0.096 0.108 0.018 0.096 0.028 0.118 0.157 0.039 
 190   (0.071) 0.073 0.009 0.065 0.012 0.090 0.018 0.005 0.083 0.083 0.029 0.071 0.096 0.077 0.009 0.070 
 202   (0.085) 0.089 0.017 0.111 0.014 0.037 0.255 0.008 0.107 0.109 0.522 0.085 0.014 0.121 0.012 0.186 
 214   (0.040) 0.038 0.005 0.036 0.146 0.067 0.012 0.250 0.034 0.031 0.007 0.040 0.005 0.029 0.022 0.013 
 212   (0.031) 0.027 0.004 0.028 0.004 0.004 0.007 0.183 0.023 0.020 0.005 0.031 0.393 0.020 0.003 0.094 
 192   (0.109) 0.118 0.051 0.102 0.014 0.092 0.031 0.008 0.132 0.150 0.064 0.110 0.037 0.144 0.274 0.061 
 204   (0.039) 0.037 0.005 0.034 0.064 0.020 0.016 0.018 0.034 0.030 0.018 0.039 0.019 0.035 0.011 0.018 
 184   (0.055) 0.051 0.101 0.048 0.007 0.020 0.013 0.004 0.043 0.038 0.010 0.055 0.111 0.045 0.023 0.024 
 216   (0.019) 0.017 0.002 0.016 0.002 0.016 0.004 0.001 0.016 0.020 0.003 0.019 0.002 0.020 0.259 0.006 
 208   (0.044) 0.042 0.005 0.039 0.005 0.184 0.010 0.018 0.047 0.054 0.010 0.044 0.048 0.055 0.023 0.019 
 198   (0.042) 0.056 0.005 0.037 0.005 0.005 0.010 0.003 0.064 0.067 0.021 0.042 0.006 0.053 0.005 0.013 
 194   (0.064) 0.060 0.033 0.106 0.579 0.020 0.198 0.006 0.053 0.047 0.020 0.064 0.011 0.046 0.008 0.236 
 186   (0.018) 0.016 0.003 0.016 0.051 0.002 0.005 0.009 0.013 0.010 0.003 0.018 0.002 0.010 0.002 0.009 
 188   (0.020) 0.020 0.002 0.018 0.002 0.004 0.037 0.001 0.016 0.014 0.003 0.020 0.002 0.014 0.004 0.006 
 200   (0.069) 0.068 0.065 0.069 0.013 0.011 0.265 0.019 0.062 0.056 0.036 0.069 0.036 0.053 0.007 0.069 
 196   (0.037) 0.043 0.005 0.034 0.005 0.004 0.010 0.003 0.047 0.044 0.007 0.038 0.025 0.037 0.004 0.019 
 220   (0.012) 0.011 0.001 0.011 0.001 0.001 0.004 0.001 0.008 0.007 0.006 0.012 0.002 0.007 0.001 0.004 
 180   (0.015) 0.018 0.002 0.013 0.001 0.002 0.003 0.001 0.017 0.012 0.002 0.015 0.002 0.015 0.002 0.004 

Locus 14 : 
8 alleles
1.1% missing data
 139   (0.074) 0.067 0.090 0.082 0.161 0.011 0.055 0.184 0.061 0.060 0.044 0.074 0.009 0.066 0.231 0.096 
 145   (0.064) 0.059 0.141 0.057 0.010 0.012 0.037 0.010 0.050 0.045 0.013 0.064 0.182 0.050 0.022 0.038 
 151   (0.297) 0.293 0.451 0.276 0.536 0.640 0.279 0.340 0.291 0.297 0.351 0.297 0.381 0.307 0.189 0.248 
 157   (0.355) 0.377 0.227 0.369 0.159 0.293 0.334 0.162 0.415 0.441 0.463 0.355 0.282 0.421 0.488 0.393 
 154   (0.106) 0.106 0.015 0.112 0.123 0.031 0.031 0.298 0.101 0.084 0.019 0.106 0.106 0.085 0.058 0.141 
 163   (0.042) 0.041 0.068 0.044 0.005 0.005 0.013 0.003 0.033 0.029 0.098 0.042 0.005 0.029 0.005 0.042 
 160   (0.033) 0.030 0.005 0.030 0.003 0.004 0.232 0.002 0.024 0.019 0.006 0.033 0.004 0.020 0.003 0.012 
 142   (0.030) 0.029 0.004 0.031 0.003 0.004 0.018 0.002 0.025 0.025 0.006 0.030 0.031 0.022 0.004 0.029 

Locus 15 : 
13 alleles
1.6% missing data
 256   (0.150) 0.137 0.165 0.156 0.120 0.165 0.161 0.080 0.115 0.107 0.129 0.150 0.122 0.109 0.152 0.188 
 262   (0.022) 0.019 0.262 0.048 0.002 0.002 0.008 0.001 0.014 0.013 0.004 0.022 0.003 0.012 0.002 0.133 
 246   (0.112) 0.120 0.178 0.112 0.013 0.097 0.110 0.008 0.148 0.164 0.023 0.112 0.028 0.147 0.143 0.095 
 258   (0.180) 0.191 0.026 0.187 0.024 0.232 0.157 0.014 0.217 0.241 0.525 0.180 0.168 0.264 0.291 0.198 
 254   (0.107) 0.106 0.013 0.099 0.331 0.160 0.087 0.164 0.099 0.083 0.177 0.107 0.075 0.086 0.028 0.060 
 250   (0.034) 0.031 0.004 0.031 0.090 0.004 0.012 0.634 0.023 0.020 0.009 0.034 0.017 0.021 0.004 0.024 
 242   (0.100) 0.111 0.190 0.093 0.155 0.012 0.063 0.072 0.122 0.125 0.022 0.100 0.187 0.099 0.012 0.077 
 252   (0.068) 0.067 0.114 0.067 0.046 0.031 0.023 0.007 0.063 0.061 0.015 0.068 0.039 0.070 0.030 0.056 
 248   (0.132) 0.127 0.025 0.123 0.209 0.040 0.343 0.012 0.115 0.111 0.082 0.132 0.300 0.118 0.318 0.118 
 260   (0.040) 0.038 0.005 0.036 0.004 0.251 0.022 0.003 0.036 0.033 0.007 0.040 0.005 0.035 0.015 0.013 
 264   (0.015) 0.019 0.002 0.013 0.002 0.002 0.004 0.001 0.021 0.019 0.002 0.015 0.002 0.015 0.002 0.004 
 244   (0.027) 0.024 0.016 0.024 0.003 0.003 0.008 0.002 0.019 0.017 0.005 0.027 0.053 0.017 0.003 0.029 
 276   (0.012) 0.010 0.001 0.010 0.001 0.001 0.003 0.001 0.008 0.006 0.002 0.012 0.001 0.007 0.001 0.003 

Values of parameters used in structure:
DATAFILE=G:\Shared drives\Emily_Schumacher\QUAC_analyses\QUAC_structure_wild_relate\QUAC_allpop_relate_red_12_15_21\project_data,	OUTFILE=G:\Shared drives\Emily_Schumacher\QUAC_analyses\QUAC_structure_wild_relate\QUAC_allpop_relate_red_12_15_21\50-100\Results\50-100_run_74,	NUMINDS=188,	NUMLOCI=15,	MISSING=-9,	LABEL=1,	POPDATA=1,	POPFLAG=0,	PHENOTYPE=0,	EXTRACOLS=0,	MAXPOPS=15,	BURNIN=50000,	NUMREPS=100000,	USEPOPINFO=0,	INFERALPHA=1,	INFERLAMBDA=0,	POPSPECIFICLAMBDA=0,	POPALPHAS=0,	COMPUTEPROB=1,	NOADMIX=0,	ADMBURNIN=2500,	UPDATEFREQ=1,	PRINTLIKES=0,	INTERMEDSAVE=0,	PRINTKLD=0,	PRINTNET=0,	PRINTLAMBDA=0,	ANCESTDIST=0,	NUMBOXES=1000,	ANCESTPINT=0.90000,	GENSBACK=2,	MIGRPRIOR=0.05000,	PRINTQHAT=0,	PRINTQSUM=0,	ALPHA=1.0000,	FREQSCORR=1,	FPRIORMEAN=0.0100,	FPRIORSD=0.0500,	ONEFST=0,	LAMBDA=1.0000,	UNIFPRIORALPHA=1,	ALPHAMAX=10.0000,	ALPHAPRIORA=1.0000,	ALPHAPRIORB=2.0000,	ALPHAPROPSD=0.0250,	STARTATPOPINFO=0,	RANDOMIZE=1,	LINKAGE=0,	METROFREQ=10,	REPORTHITRATE=0,	MARKOVPHASE=-1,	PHASED=0,	PLOIDY=2,	PHASEINFO=0	LOCPRIOR=0, 	LOCPRIORINIT=1.000000, 	LOCDATA=0, 	LOCISPOP=0, 	LOCPRIORSTEP=0.100000, 	MAXLOCPRIOR=20.000000, 	SEED=1639611198,	
[STRAT parameters]:    NUMSIMSTATS=1000,	PHENOTYPECOL=-9,	POOLFREQ=10,	LOCUSxONLY=0,	EMERROR=0.00100,	MISSINGPHENO=-9,	