

----------------------------------------------------
STRUCTURE by Pritchard, Stephens and Donnelly (2000)
     and Falush, Stephens and Pritchard (2003)
       Code by Pritchard, Falush and Hubisz
             Version 2.3.4 (Jul 2012)
----------------------------------------------------



Command line arguments:   bin\structure -m G:\Shared drives\Emily_Schumacher\QUAC_analyses\QUAC_structure_wild_relate\QUAC_allpop_relate_red_12_15_21\50-100\mainparams -e G:\Shared drives\Emily_Schumacher\QUAC_analyses\QUAC_structure_wild_relate\QUAC_allpop_relate_red_12_15_21\50-100\extraparams 
Input File:    G:\Shared drives\Emily_Schumacher\QUAC_analyses\QUAC_structure_wild_relate\QUAC_allpop_relate_red_12_15_21\project_data

Run parameters:
   188 individuals
   15 loci
   19 populations assumed
   50000 Burn-in period
   100000 Reps


--------------------------------------------
Proportion of membership of each pre-defined
 population in each of the 19 clusters

Given    Inferred Clusters                                                                                                                       Number of
 Pop       1      2      3      4      5      6      7      8      9     10     11     12     13     14     15     16     17     18     19      Individuals

  1:     0.014  0.010  0.010  0.010  0.004  0.007  0.008  0.007  0.848  0.008  0.004  0.011  0.009  0.008  0.014  0.010  0.005  0.008  0.005        2
  2:     0.263  0.026  0.026  0.026  0.018  0.071  0.023  0.033  0.038  0.023  0.007  0.029  0.030  0.026  0.099  0.031  0.181  0.022  0.026       17
  3:     0.146  0.038  0.037  0.035  0.025  0.091  0.034  0.026  0.054  0.032  0.084  0.039  0.040  0.038  0.191  0.033  0.013  0.032  0.011       19
  4:     0.010  0.047  0.044  0.044  0.058  0.010  0.044  0.028  0.106  0.043  0.014  0.045  0.047  0.036  0.307  0.046  0.011  0.043  0.017       10
  5:     0.554  0.013  0.013  0.013  0.026  0.239  0.013  0.011  0.009  0.013  0.006  0.014  0.014  0.014  0.013  0.011  0.004  0.013  0.008        2
  6:     0.008  0.027  0.030  0.026  0.006  0.015  0.025  0.021  0.008  0.028  0.105  0.028  0.034  0.030  0.409  0.021  0.136  0.029  0.015        2
  7:     0.136  0.045  0.052  0.036  0.007  0.222  0.054  0.076  0.009  0.052  0.018  0.050  0.047  0.051  0.005  0.025  0.011  0.050  0.055        1
  8:     0.852  0.007  0.007  0.007  0.008  0.025  0.007  0.010  0.007  0.007  0.005  0.007  0.007  0.007  0.008  0.008  0.005  0.007  0.010        1
  9:     0.005  0.079  0.103  0.098  0.005  0.049  0.079  0.048  0.005  0.084  0.011  0.070  0.084  0.091  0.008  0.044  0.005  0.082  0.049        1
 10:     0.012  0.047  0.047  0.033  0.010  0.007  0.060  0.030  0.006  0.061  0.337  0.043  0.038  0.042  0.007  0.022  0.127  0.060  0.010        6
 11:     0.040  0.048  0.045  0.041  0.034  0.109  0.045  0.037  0.013  0.045  0.133  0.046  0.047  0.045  0.097  0.033  0.077  0.046  0.021       16
 12:     0.021  0.049  0.045  0.103  0.018  0.007  0.051  0.030  0.015  0.048  0.008  0.040  0.038  0.049  0.012  0.161  0.003  0.056  0.245        1
 13:     0.013  0.038  0.037  0.035  0.372  0.013  0.033  0.027  0.023  0.033  0.017  0.039  0.042  0.040  0.141  0.038  0.012  0.033  0.014       33
 14:     0.071  0.019  0.018  0.017  0.009  0.343  0.020  0.070  0.010  0.019  0.141  0.019  0.020  0.020  0.016  0.019  0.087  0.019  0.062       21
 15:     0.009  0.019  0.018  0.018  0.012  0.012  0.019  0.030  0.678  0.019  0.010  0.018  0.019  0.019  0.018  0.016  0.022  0.019  0.024       14
 16:     0.012  0.026  0.027  0.097  0.015  0.018  0.024  0.019  0.012  0.024  0.010  0.032  0.033  0.028  0.016  0.241  0.009  0.024  0.334       35
 17:     0.011  0.086  0.102  0.081  0.009  0.010  0.097  0.054  0.009  0.093  0.009  0.081  0.082  0.097  0.017  0.040  0.006  0.096  0.020        7
--------------------------------------------

Allele-freq. divergence among pops (Net nucleotide distance),
computed using point estimates of P.

      1       2       3       4       5       6       7       8       9      10      11      12      13      14      15      16      17      18      19      
 1      -    0.0827  0.0827  0.0870  0.1361  0.0934  0.0816  0.0971  0.1147  0.0816  0.1197  0.0829  0.0830  0.0830  0.1057  0.0898  0.1472  0.0816  0.1071  
 2   0.0827     -    0.0001  0.0009  0.0471  0.0571  0.0002  0.0145  0.0449  0.0002  0.0345  0.0001  0.0003  0.0002  0.0329  0.0051  0.0582  0.0002  0.0204  
 3   0.0827  0.0001     -    0.0009  0.0481  0.0561  0.0002  0.0144  0.0449  0.0002  0.0343  0.0002  0.0003  0.0001  0.0335  0.0051  0.0588  0.0002  0.0201  
 4   0.0870  0.0009  0.0009     -    0.0506  0.0585  0.0012  0.0156  0.0473  0.0012  0.0363  0.0008  0.0009  0.0009  0.0374  0.0023  0.0595  0.0012  0.0162  
 5   0.1361  0.0471  0.0481  0.0506     -    0.1129  0.0486  0.0751  0.0961  0.0486  0.0988  0.0469  0.0468  0.0476  0.0636  0.0536  0.1088  0.0486  0.0864  
 6   0.0934  0.0571  0.0561  0.0585  0.1129     -    0.0545  0.0658  0.0953  0.0545  0.0834  0.0572  0.0580  0.0568  0.0977  0.0605  0.1075  0.0545  0.0678  
 7   0.0816  0.0002  0.0002  0.0012  0.0486  0.0545     -    0.0136  0.0437  0.0000  0.0330  0.0005  0.0008  0.0004  0.0346  0.0054  0.0577  0.0000  0.0189  
 8   0.0971  0.0145  0.0144  0.0156  0.0751  0.0658  0.0136     -    0.0629  0.0136  0.0410  0.0152  0.0155  0.0150  0.0536  0.0202  0.0671  0.0136  0.0094  
 9   0.1147  0.0449  0.0449  0.0473  0.0961  0.0953  0.0437  0.0629     -    0.0437  0.0913  0.0455  0.0464  0.0456  0.0857  0.0523  0.1099  0.0437  0.0693  
10   0.0816  0.0002  0.0002  0.0012  0.0486  0.0545  0.0000  0.0136  0.0437     -    0.0330  0.0005  0.0008  0.0004  0.0346  0.0054  0.0577  0.0000  0.0189  
11   0.1197  0.0345  0.0343  0.0363  0.0988  0.0834  0.0330  0.0410  0.0913  0.0330     -    0.0358  0.0358  0.0352  0.0726  0.0418  0.0744  0.0330  0.0482  
12   0.0829  0.0001  0.0002  0.0008  0.0469  0.0572  0.0005  0.0152  0.0455  0.0005  0.0358     -    0.0001  0.0002  0.0324  0.0043  0.0586  0.0005  0.0204  
13   0.0830  0.0003  0.0003  0.0009  0.0468  0.0580  0.0008  0.0155  0.0464  0.0008  0.0358  0.0001     -    0.0001  0.0315  0.0045  0.0597  0.0008  0.0211  
14   0.0830  0.0002  0.0001  0.0009  0.0476  0.0568  0.0004  0.0150  0.0456  0.0004  0.0352  0.0002  0.0001     -    0.0334  0.0048  0.0589  0.0004  0.0205  
15   0.1057  0.0329  0.0335  0.0374  0.0636  0.0977  0.0346  0.0536  0.0857  0.0346  0.0726  0.0324  0.0315  0.0334     -    0.0391  0.1053  0.0346  0.0665  
16   0.0898  0.0051  0.0051  0.0023  0.0536  0.0605  0.0054  0.0202  0.0523  0.0054  0.0418  0.0043  0.0045  0.0048  0.0391     -    0.0630  0.0054  0.0134  
17   0.1472  0.0582  0.0588  0.0595  0.1088  0.1075  0.0577  0.0671  0.1099  0.0577  0.0744  0.0586  0.0597  0.0589  0.1053  0.0630     -    0.0577  0.0716  
18   0.0816  0.0002  0.0002  0.0012  0.0486  0.0545  0.0000  0.0136  0.0437  0.0000  0.0330  0.0005  0.0008  0.0004  0.0346  0.0054  0.0577     -    0.0189  
19   0.1071  0.0204  0.0201  0.0162  0.0864  0.0678  0.0189  0.0094  0.0693  0.0189  0.0482  0.0204  0.0211  0.0205  0.0665  0.0134  0.0716  0.0189     -    

Average distances (expected heterozygosity) between individuals in same cluster:
cluster  1  : 0.4270 
cluster  2  : 0.6330 
cluster  3  : 0.6353 
cluster  4  : 0.6213 
cluster  5  : 0.5075 
cluster  6  : 0.5060 
cluster  7  : 0.6419 
cluster  8  : 0.6435 
cluster  9  : 0.5300 
cluster 10  : 0.6418 
cluster 11  : 0.5965 
cluster 12  : 0.6258 
cluster 13  : 0.6227 
cluster 14  : 0.6282 
cluster 15  : 0.5136 
cluster 16  : 0.5917 
cluster 17  : 0.5144 
cluster 18  : 0.6419 
cluster 19  : 0.6040 

--------------------------------------------
Estimated Ln Prob of Data   = -8415.7
Mean value of ln likelihood = -7010.7
Variance of ln likelihood   = 2809.8
Mean value of alpha         = 0.0400

Mean value of Fst_1         = 0.4074
Mean value of Fst_2         = 0.0432
Mean value of Fst_3         = 0.0353
Mean value of Fst_4         = 0.0907
Mean value of Fst_5         = 0.2400
Mean value of Fst_6         = 0.2620
Mean value of Fst_7         = 0.0002
Mean value of Fst_8         = 0.1738
Mean value of Fst_9         = 0.2125
Mean value of Fst_10         = 0.0002
Mean value of Fst_11         = 0.1697
Mean value of Fst_12         = 0.0803
Mean value of Fst_13         = 0.0890
Mean value of Fst_14         = 0.0669
Mean value of Fst_15         = 0.2186
Mean value of Fst_16         = 0.1517
Mean value of Fst_17         = 0.2748
Mean value of Fst_18         = 0.0001
Mean value of Fst_19         = 0.2095


Inferred ancestry of individuals:
        Label (%Miss) Pop:  Inferred clusters
  1 QAc-G-0029    (0)    1 :  0.025 0.015 0.014 0.015 0.005 0.006 0.011 0.009 0.785 0.011 0.004 0.017 0.012 0.011 0.024 0.014 0.005 0.011 0.005 
  2 QAc-G-0030    (0)    1 :  0.004 0.005 0.005 0.006 0.003 0.008 0.005 0.004 0.910 0.005 0.003 0.005 0.005 0.005 0.004 0.006 0.005 0.005 0.004 
  3 QAc-G-0062    (0)    2 :  0.028 0.022 0.024 0.025 0.005 0.259 0.022 0.033 0.006 0.024 0.008 0.021 0.021 0.021 0.006 0.023 0.388 0.024 0.042 
  4 QAc-G-0063    (0)    2 :  0.574 0.026 0.030 0.027 0.015 0.051 0.028 0.021 0.006 0.027 0.009 0.028 0.030 0.028 0.027 0.023 0.010 0.025 0.015 
  5 QAc-G-0064    (0)    2 :  0.007 0.007 0.006 0.006 0.004 0.026 0.006 0.005 0.006 0.006 0.006 0.007 0.006 0.007 0.007 0.008 0.869 0.006 0.006 
  6 QAc-G-0065    (0)    2 :  0.003 0.005 0.005 0.004 0.005 0.003 0.005 0.004 0.007 0.005 0.009 0.005 0.005 0.005 0.004 0.004 0.914 0.005 0.004 
  7 QAc-G-0066    (0)    2 :  0.931 0.004 0.004 0.004 0.003 0.006 0.004 0.004 0.005 0.003 0.003 0.004 0.004 0.004 0.004 0.004 0.003 0.004 0.004 
  8 QAc-G-0067    (0)    2 :  0.005 0.016 0.015 0.011 0.008 0.005 0.014 0.012 0.018 0.016 0.014 0.016 0.017 0.015 0.013 0.011 0.771 0.016 0.006 
  9 QAc-G-0068    (0)    2 :  0.442 0.005 0.004 0.005 0.004 0.006 0.005 0.254 0.006 0.005 0.015 0.005 0.004 0.005 0.003 0.005 0.008 0.005 0.215 
 10 QAc-G-0070    (0)    2 :  0.468 0.023 0.020 0.027 0.006 0.122 0.024 0.020 0.011 0.025 0.005 0.026 0.032 0.026 0.009 0.055 0.023 0.023 0.054 
 11 QAc-G-0071   (13)    2 :  0.871 0.006 0.006 0.006 0.003 0.033 0.005 0.005 0.009 0.006 0.005 0.006 0.006 0.006 0.008 0.006 0.003 0.005 0.005 
 12 QAc-G-0072    (0)    2 :  0.910 0.005 0.005 0.006 0.005 0.004 0.005 0.005 0.005 0.004 0.004 0.005 0.006 0.005 0.005 0.006 0.004 0.005 0.005 
 13 QAc-G-0073    (0)    2 :  0.004 0.034 0.035 0.043 0.012 0.004 0.018 0.028 0.010 0.017 0.004 0.053 0.063 0.031 0.536 0.078 0.004 0.018 0.009 
 14 QAc-G-0074    (0)    2 :  0.162 0.035 0.036 0.034 0.021 0.039 0.034 0.022 0.005 0.035 0.006 0.037 0.051 0.044 0.352 0.034 0.005 0.036 0.011 
 15 QAc-G-0075    (0)    2 :  0.011 0.030 0.027 0.024 0.027 0.012 0.028 0.018 0.017 0.029 0.007 0.029 0.023 0.026 0.626 0.021 0.010 0.026 0.008 
 16 QAc-G-0076    (0)    2 :  0.009 0.080 0.078 0.065 0.082 0.005 0.048 0.044 0.009 0.043 0.005 0.087 0.099 0.077 0.048 0.137 0.030 0.048 0.006 
 17 QAc-G-0080    (0)    2 :  0.009 0.039 0.038 0.030 0.004 0.019 0.050 0.022 0.505 0.050 0.006 0.037 0.031 0.044 0.014 0.020 0.021 0.052 0.008 
 18 QAc-G-0081    (0)    2 :  0.005 0.093 0.083 0.111 0.010 0.011 0.073 0.044 0.008 0.078 0.008 0.106 0.094 0.087 0.004 0.074 0.006 0.062 0.042 
 19 QAc-G-0083    (0)    2 :  0.036 0.018 0.022 0.020 0.089 0.605 0.018 0.015 0.015 0.018 0.005 0.023 0.021 0.020 0.017 0.021 0.010 0.018 0.008 
 20 QAc-G-0285    (0)    3 :  0.075 0.008 0.007 0.007 0.005 0.806 0.008 0.007 0.010 0.008 0.011 0.007 0.007 0.007 0.005 0.007 0.004 0.007 0.007 
 21 QAc-G-0287    (0)    3 :  0.940 0.003 0.003 0.003 0.003 0.005 0.003 0.003 0.004 0.003 0.003 0.003 0.003 0.003 0.004 0.003 0.003 0.003 0.003 
 22 QAc-G-0288    (6)    3 :  0.864 0.007 0.007 0.007 0.007 0.005 0.007 0.008 0.016 0.008 0.006 0.007 0.007 0.007 0.006 0.008 0.006 0.008 0.009 
 23 QAc-G-0292    (0)    3 :  0.157 0.010 0.011 0.010 0.005 0.678 0.011 0.010 0.005 0.011 0.007 0.011 0.013 0.012 0.006 0.013 0.006 0.011 0.012 
 24 QAc-G-0294    (0)    3 :  0.006 0.093 0.067 0.118 0.033 0.004 0.046 0.037 0.016 0.042 0.008 0.109 0.114 0.073 0.036 0.128 0.017 0.041 0.013 
 25 QAc-G-0295    (0)    3 :  0.015 0.075 0.048 0.046 0.027 0.019 0.023 0.041 0.016 0.025 0.007 0.078 0.060 0.051 0.349 0.075 0.016 0.023 0.005 
 26 QAc-G-0296    (0)    3 :  0.007 0.033 0.043 0.032 0.049 0.012 0.025 0.037 0.005 0.026 0.006 0.046 0.061 0.045 0.438 0.064 0.043 0.021 0.006 
 27 QAc-G-0297    (0)    3 :  0.003 0.056 0.085 0.048 0.029 0.003 0.103 0.041 0.006 0.090 0.012 0.064 0.057 0.071 0.198 0.023 0.003 0.097 0.009 
 28 QAc-G-0298    (6)    3 :  0.004 0.023 0.019 0.018 0.010 0.015 0.017 0.014 0.016 0.016 0.005 0.025 0.020 0.019 0.732 0.019 0.008 0.016 0.005 
 29 QAc-G-0299    (0)    3 :  0.011 0.014 0.012 0.013 0.118 0.005 0.014 0.014 0.005 0.013 0.009 0.014 0.025 0.016 0.674 0.018 0.005 0.013 0.006 
 30 QAc-G-0300    (0)    3 :  0.005 0.053 0.049 0.050 0.089 0.004 0.030 0.035 0.005 0.027 0.010 0.050 0.066 0.046 0.318 0.079 0.038 0.030 0.015 
 31 QAc-G-0301    (0)    3 :  0.012 0.012 0.012 0.010 0.017 0.010 0.011 0.009 0.008 0.011 0.005 0.013 0.011 0.010 0.784 0.009 0.040 0.010 0.005 
 32 QAc-G-0302    (0)    3 :  0.005 0.020 0.021 0.017 0.026 0.006 0.018 0.024 0.005 0.017 0.732 0.016 0.020 0.019 0.010 0.013 0.004 0.016 0.010 
 33 QAc-G-0303    (0)    3 :  0.006 0.016 0.018 0.017 0.004 0.013 0.021 0.023 0.006 0.019 0.728 0.017 0.015 0.018 0.004 0.017 0.009 0.020 0.028 
 34 QAc-G-0305    (0)    3 :  0.633 0.018 0.018 0.016 0.004 0.077 0.018 0.026 0.019 0.019 0.023 0.021 0.020 0.021 0.006 0.015 0.006 0.018 0.020 
 35 QAc-G-0307    (0)    3 :  0.004 0.010 0.010 0.011 0.005 0.010 0.011 0.008 0.834 0.010 0.007 0.010 0.010 0.011 0.006 0.013 0.006 0.011 0.013 
 36 QAc-G-0313    (0)    3 :  0.010 0.077 0.087 0.079 0.007 0.049 0.120 0.043 0.010 0.101 0.005 0.084 0.078 0.072 0.007 0.035 0.015 0.105 0.018 
 37 QAc-G-0314    (0)    3 :  0.004 0.094 0.094 0.089 0.022 0.003 0.084 0.046 0.010 0.091 0.011 0.081 0.088 0.093 0.041 0.048 0.009 0.082 0.010 
 38 QAc-G-0316    (0)    3 :  0.009 0.096 0.093 0.074 0.013 0.007 0.080 0.059 0.022 0.078 0.005 0.079 0.081 0.129 0.007 0.047 0.015 0.082 0.023 
 39 QAc-G-0033    (0)    4 :  0.005 0.020 0.009 0.014 0.151 0.004 0.009 0.011 0.007 0.009 0.007 0.014 0.016 0.013 0.654 0.029 0.011 0.009 0.006 
 40 QAc-G-0034    (0)    4 :  0.005 0.012 0.011 0.013 0.010 0.004 0.011 0.008 0.026 0.011 0.010 0.012 0.013 0.012 0.795 0.015 0.008 0.012 0.010 
 41 QAc-G-0035    (0)    4 :  0.015 0.062 0.052 0.084 0.308 0.011 0.033 0.024 0.012 0.035 0.009 0.078 0.067 0.051 0.023 0.073 0.022 0.032 0.008 
 42 QAc-G-0036    (0)    4 :  0.014 0.011 0.011 0.011 0.008 0.008 0.010 0.009 0.005 0.010 0.004 0.010 0.012 0.011 0.826 0.010 0.014 0.010 0.007 
 43 QAc-G-0039    (0)    4 :  0.009 0.095 0.076 0.138 0.018 0.004 0.040 0.029 0.031 0.038 0.011 0.116 0.115 0.072 0.019 0.131 0.008 0.035 0.014 
 44 QAc-G-0040    (0)    4 :  0.016 0.084 0.077 0.071 0.038 0.042 0.068 0.041 0.011 0.065 0.012 0.071 0.082 0.068 0.040 0.098 0.008 0.068 0.038 
 45 QAc-G-0045    (0)    4 :  0.011 0.009 0.024 0.010 0.026 0.004 0.008 0.027 0.013 0.008 0.005 0.018 0.051 0.025 0.696 0.046 0.006 0.008 0.006 
 46 QAc-G-0050    (0)    4 :  0.011 0.072 0.071 0.036 0.004 0.014 0.107 0.084 0.099 0.107 0.058 0.049 0.050 0.048 0.004 0.024 0.006 0.105 0.052 
 47 QAc-G-0052    (0)    4 :  0.004 0.012 0.009 0.011 0.006 0.004 0.012 0.010 0.817 0.012 0.005 0.015 0.014 0.012 0.006 0.011 0.017 0.013 0.008 
 48 QAc-G-0056    (0)    4 :  0.007 0.089 0.097 0.053 0.007 0.006 0.139 0.038 0.039 0.137 0.018 0.068 0.048 0.051 0.008 0.028 0.008 0.134 0.024 
 49 QAc-G-0276    (0)    5 :  0.345 0.012 0.012 0.012 0.020 0.464 0.012 0.009 0.009 0.012 0.005 0.013 0.014 0.014 0.013 0.011 0.003 0.013 0.007 
 50 QAc-G-0280    (6)    5 :  0.764 0.013 0.014 0.013 0.033 0.014 0.014 0.014 0.009 0.014 0.007 0.015 0.013 0.014 0.012 0.011 0.006 0.013 0.009 
 51 QAc-G-0018    (0)    6 :  0.006 0.012 0.012 0.009 0.007 0.004 0.012 0.015 0.012 0.011 0.013 0.010 0.015 0.012 0.803 0.013 0.006 0.011 0.013 
 52 QAc-G-0017    (0)    6 :  0.009 0.043 0.047 0.044 0.004 0.026 0.038 0.026 0.004 0.044 0.197 0.046 0.052 0.048 0.016 0.028 0.265 0.046 0.016 
 53 QAc-G-0250    (0)    7 :  0.136 0.045 0.052 0.036 0.007 0.222 0.054 0.076 0.009 0.052 0.018 0.050 0.047 0.051 0.005 0.025 0.011 0.050 0.055 
 54 QAc-G-0003    (6)    8 :  0.852 0.007 0.007 0.007 0.008 0.025 0.007 0.010 0.007 0.007 0.005 0.007 0.007 0.007 0.008 0.008 0.005 0.007 0.010 
 55 QAc-G-0283    (0)    9 :  0.005 0.079 0.103 0.098 0.005 0.049 0.079 0.048 0.005 0.084 0.011 0.070 0.084 0.091 0.008 0.044 0.005 0.082 0.049 
 56 QAc-G-0255    (0)   10 :  0.005 0.045 0.047 0.041 0.026 0.006 0.027 0.059 0.004 0.029 0.457 0.046 0.068 0.051 0.008 0.028 0.009 0.033 0.013 
 57 QAc-G-0256    (0)   10 :  0.018 0.008 0.008 0.008 0.009 0.012 0.007 0.007 0.007 0.007 0.835 0.008 0.009 0.008 0.008 0.008 0.020 0.008 0.006 
 58 QAc-G-0257    (0)   10 :  0.003 0.025 0.021 0.016 0.003 0.005 0.022 0.018 0.009 0.025 0.658 0.023 0.018 0.020 0.005 0.019 0.072 0.022 0.015 
 59 QAc-G-0259    (0)   10 :  0.003 0.099 0.092 0.051 0.008 0.003 0.150 0.037 0.002 0.155 0.014 0.074 0.050 0.075 0.003 0.026 0.003 0.150 0.005 
 60 QAc-G-0260    (0)   10 :  0.041 0.068 0.072 0.048 0.010 0.013 0.102 0.032 0.008 0.108 0.047 0.063 0.045 0.062 0.008 0.033 0.128 0.100 0.015 
 61 QAc-G-0261    (0)   10 :  0.005 0.037 0.043 0.035 0.004 0.006 0.048 0.029 0.006 0.042 0.013 0.043 0.040 0.038 0.011 0.020 0.528 0.045 0.008 
 62 QAc-G-0109    (0)   11 :  0.006 0.060 0.055 0.039 0.004 0.009 0.061 0.028 0.013 0.055 0.368 0.053 0.040 0.045 0.019 0.024 0.042 0.062 0.016 
 63 QAc-G-0113    (0)   11 :  0.012 0.020 0.023 0.020 0.006 0.049 0.025 0.051 0.023 0.024 0.575 0.019 0.017 0.018 0.013 0.011 0.022 0.028 0.045 
 64 QAc-G-0114    (0)   11 :  0.010 0.034 0.039 0.020 0.080 0.007 0.037 0.028 0.006 0.044 0.511 0.028 0.033 0.030 0.019 0.019 0.004 0.039 0.011 
 65 QAc-G-0117    (0)   11 :  0.007 0.060 0.052 0.054 0.030 0.048 0.063 0.062 0.011 0.057 0.091 0.062 0.071 0.071 0.051 0.051 0.069 0.056 0.034 
 66 QAc-G-0120    (0)   11 :  0.004 0.066 0.067 0.044 0.010 0.010 0.098 0.046 0.008 0.110 0.191 0.057 0.064 0.058 0.012 0.026 0.008 0.110 0.010 
 67 QAc-G-0125    (0)   11 :  0.016 0.025 0.026 0.022 0.005 0.050 0.031 0.015 0.031 0.027 0.019 0.023 0.021 0.024 0.004 0.017 0.600 0.029 0.014 
 68 QAc-G-0141    (0)   11 :  0.019 0.070 0.072 0.063 0.012 0.014 0.072 0.065 0.024 0.072 0.056 0.076 0.076 0.082 0.031 0.059 0.022 0.081 0.035 
 69 QAc-G-0143    (0)   11 :  0.006 0.102 0.101 0.091 0.004 0.004 0.057 0.100 0.007 0.060 0.005 0.110 0.135 0.117 0.008 0.022 0.003 0.063 0.005 
 70 QAc-G-0147    (0)   11 :  0.005 0.042 0.042 0.036 0.009 0.039 0.044 0.028 0.008 0.044 0.071 0.047 0.037 0.038 0.026 0.047 0.343 0.043 0.050 
 71 QAc-G-0174    (0)   11 :  0.065 0.005 0.005 0.004 0.005 0.850 0.005 0.005 0.006 0.005 0.004 0.005 0.005 0.005 0.008 0.005 0.004 0.005 0.005 
 72 QAc-G-0182    (0)   11 :  0.282 0.006 0.006 0.005 0.004 0.615 0.007 0.006 0.003 0.007 0.006 0.007 0.007 0.007 0.004 0.005 0.010 0.007 0.004 
 73 QAc-G-0188    (0)   11 :  0.183 0.053 0.050 0.047 0.013 0.012 0.047 0.058 0.004 0.055 0.187 0.049 0.064 0.061 0.006 0.031 0.007 0.056 0.016 
 74 QAc-G-0229    (0)   11 :  0.005 0.012 0.012 0.011 0.006 0.009 0.013 0.009 0.007 0.011 0.009 0.012 0.011 0.010 0.824 0.012 0.004 0.012 0.010 
 75 QAc-G-0233    (0)   11 :  0.006 0.069 0.064 0.065 0.240 0.004 0.078 0.027 0.027 0.068 0.006 0.063 0.044 0.057 0.011 0.058 0.010 0.061 0.045 
 76 QAc-G-0237    (0)   11 :  0.009 0.051 0.026 0.030 0.028 0.007 0.023 0.021 0.019 0.024 0.019 0.045 0.037 0.027 0.500 0.057 0.044 0.023 0.010 
 77 QAc-G-0243    (0)   11 :  0.003 0.091 0.075 0.101 0.081 0.007 0.066 0.038 0.012 0.060 0.007 0.079 0.082 0.069 0.015 0.086 0.045 0.066 0.019 
 78 QAc-G-0249    (0)   12 :  0.021 0.049 0.045 0.103 0.018 0.007 0.051 0.030 0.015 0.048 0.008 0.040 0.038 0.049 0.012 0.161 0.003 0.056 0.245 
 79 QAc-W-0001    (0)   13 :  0.003 0.010 0.010 0.008 0.814 0.004 0.010 0.007 0.004 0.008 0.013 0.013 0.009 0.009 0.041 0.008 0.015 0.010 0.004 
 80 QAc-W-0002    (0)   13 :  0.036 0.030 0.038 0.025 0.019 0.007 0.031 0.032 0.006 0.032 0.026 0.033 0.046 0.035 0.521 0.038 0.004 0.030 0.011 
 81 QAc-W-0003    (0)   13 :  0.008 0.016 0.015 0.012 0.744 0.024 0.014 0.012 0.018 0.013 0.014 0.014 0.014 0.019 0.017 0.011 0.011 0.015 0.008 
 82 QAc-W-0004    (0)   13 :  0.008 0.006 0.007 0.005 0.883 0.004 0.005 0.005 0.008 0.005 0.004 0.007 0.007 0.007 0.017 0.007 0.004 0.005 0.004 
 83 QAc-W-0005    (0)   13 :  0.005 0.007 0.008 0.008 0.879 0.006 0.007 0.006 0.004 0.007 0.005 0.008 0.008 0.008 0.007 0.008 0.005 0.007 0.006 
 84 QAc-W-0007   (13)   13 :  0.005 0.008 0.008 0.008 0.867 0.006 0.007 0.007 0.005 0.008 0.005 0.009 0.009 0.007 0.015 0.009 0.006 0.007 0.007 
 85 QAc-W-0008    (6)   13 :  0.005 0.030 0.028 0.026 0.647 0.006 0.028 0.020 0.004 0.029 0.007 0.027 0.027 0.027 0.014 0.024 0.004 0.031 0.015 
 86 QAc-W-0009    (0)   13 :  0.017 0.081 0.062 0.056 0.017 0.007 0.060 0.035 0.009 0.056 0.156 0.084 0.058 0.061 0.089 0.066 0.010 0.061 0.016 
 87 QAc-W-0010    (0)   13 :  0.007 0.021 0.019 0.029 0.653 0.018 0.018 0.015 0.005 0.018 0.018 0.026 0.023 0.022 0.009 0.028 0.033 0.017 0.020 
 88 QAc-W-0011    (0)   13 :  0.034 0.055 0.046 0.038 0.337 0.013 0.047 0.031 0.013 0.039 0.011 0.053 0.051 0.047 0.061 0.063 0.011 0.042 0.008 
 89 QAc-W-0012    (0)   13 :  0.013 0.023 0.021 0.027 0.595 0.005 0.024 0.018 0.011 0.020 0.010 0.024 0.021 0.025 0.096 0.021 0.012 0.021 0.013 
 90 QAc-W-0013    (0)   13 :  0.017 0.054 0.056 0.040 0.014 0.007 0.038 0.045 0.143 0.041 0.051 0.054 0.087 0.059 0.148 0.091 0.009 0.038 0.007 
 91 QAc-W-0014    (0)   13 :  0.004 0.012 0.013 0.017 0.805 0.010 0.011 0.008 0.005 0.011 0.004 0.014 0.012 0.014 0.018 0.016 0.005 0.010 0.011 
 92 QAc-W-0015    (0)   13 :  0.020 0.028 0.037 0.035 0.012 0.121 0.027 0.035 0.014 0.022 0.012 0.046 0.072 0.061 0.358 0.058 0.004 0.027 0.011 
 93 QAc-W-0017    (0)   13 :  0.010 0.073 0.075 0.069 0.009 0.040 0.074 0.057 0.021 0.070 0.014 0.079 0.084 0.111 0.037 0.067 0.006 0.074 0.031 
 94 QAc-W-0018    (0)   13 :  0.005 0.052 0.052 0.054 0.338 0.004 0.055 0.037 0.038 0.047 0.023 0.047 0.054 0.050 0.022 0.037 0.014 0.055 0.017 
 95 QAc-W-0020    (0)   13 :  0.005 0.023 0.024 0.021 0.732 0.005 0.021 0.017 0.004 0.020 0.004 0.021 0.021 0.025 0.007 0.011 0.012 0.020 0.007 
 96 QAc-W-0021    (0)   13 :  0.011 0.059 0.054 0.044 0.266 0.003 0.064 0.031 0.091 0.063 0.017 0.054 0.054 0.057 0.015 0.034 0.008 0.063 0.011 
 97 QAc-W-0022    (0)   13 :  0.013 0.081 0.085 0.085 0.019 0.026 0.056 0.038 0.011 0.062 0.007 0.075 0.101 0.096 0.091 0.072 0.007 0.057 0.017 
 98 QAc-W-0023    (6)   13 :  0.004 0.075 0.063 0.065 0.084 0.005 0.063 0.036 0.019 0.063 0.026 0.072 0.079 0.067 0.094 0.076 0.030 0.061 0.019 
 99 QAc-W-0024    (0)   13 :  0.053 0.047 0.055 0.044 0.293 0.005 0.046 0.033 0.081 0.049 0.010 0.052 0.052 0.073 0.020 0.028 0.006 0.042 0.011 
100 QAc-W-0025    (0)   13 :  0.007 0.039 0.030 0.032 0.287 0.005 0.025 0.022 0.015 0.024 0.009 0.034 0.029 0.032 0.323 0.045 0.004 0.028 0.010 
101 QAc-W-0026    (0)   13 :  0.046 0.032 0.033 0.030 0.397 0.014 0.035 0.025 0.085 0.039 0.014 0.030 0.028 0.030 0.051 0.029 0.024 0.036 0.022 
102 QAc-W-0027    (0)   13 :  0.005 0.026 0.016 0.014 0.074 0.004 0.017 0.011 0.005 0.015 0.013 0.019 0.018 0.016 0.700 0.016 0.004 0.016 0.009 
103 QAc-W-0028    (0)   13 :  0.008 0.025 0.031 0.028 0.523 0.007 0.021 0.030 0.004 0.024 0.006 0.039 0.031 0.040 0.126 0.020 0.003 0.026 0.007 
104 QAc-W-0029    (0)   13 :  0.004 0.061 0.038 0.057 0.216 0.004 0.027 0.042 0.007 0.029 0.012 0.058 0.068 0.042 0.175 0.101 0.019 0.027 0.014 
105 QAc-W-0032    (0)   13 :  0.003 0.016 0.013 0.020 0.781 0.003 0.010 0.008 0.007 0.011 0.004 0.013 0.013 0.013 0.021 0.015 0.030 0.011 0.008 
106 QAc-W-0033    (0)   13 :  0.004 0.073 0.072 0.054 0.130 0.008 0.086 0.061 0.013 0.094 0.010 0.068 0.052 0.065 0.017 0.036 0.031 0.087 0.037 
107 QAc-W-0035    (0)   13 :  0.019 0.060 0.047 0.041 0.090 0.013 0.036 0.030 0.017 0.038 0.006 0.048 0.044 0.040 0.362 0.043 0.007 0.037 0.021 
108 QAc-W-0037    (0)   13 :  0.009 0.016 0.014 0.011 0.024 0.006 0.012 0.011 0.015 0.013 0.006 0.013 0.015 0.013 0.774 0.012 0.018 0.012 0.008 
109 QAc-W-0038    (0)   13 :  0.009 0.069 0.078 0.080 0.110 0.028 0.059 0.050 0.006 0.062 0.011 0.069 0.086 0.088 0.070 0.043 0.009 0.062 0.011 
110 QAc-W-0040    (0)   13 :  0.009 0.025 0.026 0.033 0.564 0.010 0.027 0.011 0.013 0.027 0.008 0.025 0.018 0.019 0.017 0.060 0.018 0.028 0.062 
111 QAc-W-0041    (0)   13 :  0.035 0.033 0.046 0.025 0.039 0.006 0.030 0.051 0.051 0.029 0.027 0.046 0.078 0.047 0.329 0.072 0.006 0.032 0.017 
112 QAc-W-0042    (0)   14 :  0.038 0.016 0.018 0.017 0.006 0.011 0.014 0.036 0.016 0.016 0.321 0.022 0.030 0.023 0.015 0.027 0.332 0.014 0.026 
113 QAc-W-0044    (0)   14 :  0.041 0.033 0.042 0.040 0.009 0.077 0.030 0.042 0.005 0.029 0.073 0.058 0.085 0.065 0.071 0.089 0.160 0.029 0.022 
114 QAc-W-0045    (0)   14 :  0.011 0.016 0.017 0.019 0.006 0.007 0.018 0.044 0.008 0.016 0.668 0.017 0.018 0.019 0.013 0.015 0.032 0.016 0.039 
115 QAc-W-0048    (0)   14 :  0.005 0.025 0.025 0.016 0.010 0.006 0.029 0.014 0.015 0.028 0.628 0.019 0.020 0.017 0.013 0.014 0.082 0.029 0.007 
116 QAc-W-0050    (0)   14 :  0.009 0.022 0.020 0.020 0.004 0.005 0.025 0.306 0.006 0.024 0.185 0.018 0.020 0.020 0.008 0.012 0.019 0.020 0.257 
117 QAc-W-0051    (0)   14 :  0.006 0.011 0.013 0.011 0.007 0.037 0.014 0.352 0.015 0.015 0.058 0.012 0.012 0.012 0.006 0.011 0.091 0.013 0.304 
118 QAc-W-0052    (0)   14 :  0.006 0.005 0.005 0.005 0.009 0.006 0.005 0.004 0.003 0.005 0.006 0.005 0.005 0.005 0.005 0.005 0.906 0.005 0.004 
119 QAc-W-0053    (0)   14 :  0.005 0.014 0.013 0.013 0.009 0.007 0.012 0.011 0.005 0.013 0.801 0.013 0.012 0.012 0.008 0.012 0.017 0.012 0.011 
120 QAc-W-0054    (0)   14 :  0.092 0.057 0.045 0.040 0.009 0.065 0.050 0.104 0.008 0.053 0.036 0.061 0.046 0.056 0.011 0.040 0.075 0.064 0.089 
121 QAc-W-0056    (0)   14 :  0.008 0.060 0.050 0.035 0.038 0.010 0.072 0.194 0.010 0.061 0.019 0.048 0.040 0.048 0.059 0.026 0.007 0.059 0.156 
122 QAc-W-0057    (0)   14 :  0.008 0.033 0.026 0.023 0.006 0.084 0.042 0.248 0.029 0.034 0.086 0.027 0.027 0.025 0.016 0.018 0.010 0.035 0.224 
123 QAc-W-0060    (0)   14 :  0.010 0.007 0.007 0.007 0.003 0.848 0.007 0.006 0.004 0.007 0.005 0.006 0.006 0.007 0.020 0.006 0.031 0.007 0.005 
124 QAc-W-0061    (0)   14 :  0.015 0.024 0.025 0.031 0.011 0.616 0.026 0.020 0.012 0.026 0.014 0.024 0.020 0.021 0.029 0.025 0.005 0.026 0.029 
125 QAc-W-0062    (0)   14 :  0.007 0.004 0.004 0.004 0.003 0.916 0.005 0.004 0.005 0.004 0.004 0.004 0.004 0.004 0.004 0.005 0.008 0.005 0.005 
126 QAc-W-0063    (0)   14 :  0.020 0.014 0.012 0.013 0.016 0.757 0.014 0.009 0.020 0.013 0.007 0.015 0.013 0.014 0.006 0.011 0.021 0.014 0.009 
127 QAc-W-0064    (0)   14 :  0.025 0.008 0.008 0.008 0.010 0.845 0.008 0.008 0.006 0.009 0.005 0.008 0.008 0.009 0.006 0.009 0.005 0.008 0.008 
128 QAc-W-0065    (0)   14 :  0.011 0.016 0.017 0.016 0.008 0.734 0.016 0.022 0.011 0.017 0.009 0.016 0.017 0.018 0.015 0.015 0.006 0.017 0.021 
129 QAc-W-0066    (0)   14 :  0.941 0.003 0.003 0.003 0.003 0.005 0.003 0.003 0.004 0.003 0.003 0.003 0.003 0.003 0.004 0.003 0.003 0.003 0.003 
130 QAc-W-0072    (0)   14 :  0.006 0.013 0.013 0.021 0.015 0.688 0.015 0.022 0.010 0.014 0.006 0.012 0.015 0.017 0.006 0.043 0.004 0.014 0.066 
131 QAc-W-0073    (0)   14 :  0.006 0.012 0.013 0.013 0.006 0.799 0.012 0.011 0.007 0.013 0.014 0.014 0.015 0.016 0.008 0.011 0.007 0.013 0.008 
132 QAc-W-0077    (0)   14 :  0.223 0.006 0.006 0.006 0.006 0.674 0.006 0.007 0.004 0.007 0.008 0.006 0.007 0.006 0.006 0.005 0.005 0.006 0.006 
133 QAc-W-0078    (0)   15 :  0.030 0.033 0.033 0.022 0.012 0.007 0.030 0.021 0.588 0.040 0.005 0.026 0.026 0.025 0.019 0.020 0.013 0.037 0.012 
134 QAc-W-0079    (6)   15 :  0.012 0.007 0.006 0.007 0.005 0.004 0.007 0.006 0.884 0.007 0.007 0.007 0.006 0.006 0.008 0.006 0.003 0.006 0.006 
135 QAc-W-0081    (0)   15 :  0.004 0.007 0.006 0.007 0.008 0.007 0.007 0.006 0.883 0.006 0.004 0.007 0.009 0.006 0.005 0.007 0.010 0.006 0.005 
136 QAc-W-0082    (0)   15 :  0.005 0.006 0.007 0.005 0.003 0.005 0.006 0.242 0.443 0.007 0.020 0.006 0.005 0.006 0.006 0.005 0.003 0.006 0.212 
137 QAc-W-0083    (0)   15 :  0.007 0.009 0.008 0.010 0.007 0.034 0.010 0.012 0.811 0.009 0.008 0.010 0.009 0.009 0.007 0.011 0.009 0.008 0.011 
138 QAc-W-0086    (0)   15 :  0.014 0.008 0.008 0.009 0.007 0.005 0.008 0.008 0.857 0.008 0.005 0.007 0.008 0.008 0.007 0.008 0.005 0.008 0.010 
139 QAc-W-0087    (0)   15 :  0.005 0.006 0.006 0.006 0.004 0.003 0.006 0.006 0.897 0.007 0.008 0.006 0.007 0.006 0.005 0.007 0.003 0.006 0.006 
140 QAc-W-0088    (0)   15 :  0.006 0.019 0.017 0.015 0.006 0.006 0.020 0.014 0.772 0.017 0.010 0.015 0.014 0.018 0.012 0.011 0.004 0.016 0.008 
141 QAc-W-0092    (0)   15 :  0.011 0.024 0.027 0.023 0.019 0.005 0.027 0.018 0.541 0.026 0.016 0.025 0.034 0.026 0.094 0.033 0.019 0.024 0.008 
142 QAc-W-0093    (0)   15 :  0.003 0.025 0.025 0.027 0.023 0.005 0.030 0.018 0.641 0.025 0.010 0.029 0.023 0.030 0.016 0.018 0.008 0.028 0.014 
143 QAc-W-0094    (0)   15 :  0.007 0.043 0.037 0.043 0.046 0.052 0.042 0.029 0.198 0.043 0.022 0.049 0.045 0.061 0.008 0.032 0.196 0.039 0.009 
144 QAc-W-0097    (0)   15 :  0.007 0.028 0.029 0.029 0.023 0.006 0.030 0.020 0.588 0.025 0.013 0.025 0.028 0.025 0.050 0.024 0.013 0.031 0.007 
145 QAc-W-0099    (0)   15 :  0.005 0.039 0.030 0.034 0.004 0.004 0.040 0.018 0.564 0.034 0.013 0.032 0.044 0.033 0.009 0.030 0.015 0.036 0.015 
146 QAc-W-0107    (0)   15 :  0.013 0.010 0.010 0.009 0.006 0.028 0.010 0.008 0.826 0.010 0.004 0.009 0.009 0.009 0.006 0.008 0.007 0.011 0.007 
147 QAc-W-0115    (0)   16 :  0.005 0.016 0.013 0.065 0.012 0.007 0.016 0.010 0.009 0.014 0.004 0.023 0.018 0.015 0.021 0.324 0.006 0.015 0.407 
148 QAc-W-0116    (0)   16 :  0.003 0.033 0.029 0.108 0.007 0.005 0.035 0.021 0.006 0.035 0.020 0.038 0.033 0.037 0.016 0.219 0.012 0.031 0.312 
149 QAc-W-0117    (0)   16 :  0.004 0.013 0.016 0.131 0.005 0.004 0.011 0.009 0.004 0.012 0.013 0.011 0.013 0.013 0.008 0.278 0.004 0.012 0.440 
150 QAc-W-0118    (0)   16 :  0.039 0.019 0.017 0.079 0.007 0.021 0.018 0.014 0.021 0.019 0.008 0.021 0.029 0.020 0.006 0.272 0.005 0.019 0.366 
151 QAc-W-0119    (0)   16 :  0.017 0.026 0.026 0.122 0.006 0.004 0.022 0.023 0.007 0.025 0.007 0.022 0.025 0.020 0.008 0.229 0.007 0.026 0.378 
152 QAc-W-0120    (0)   16 :  0.018 0.038 0.040 0.090 0.009 0.008 0.044 0.021 0.010 0.055 0.011 0.035 0.031 0.036 0.008 0.210 0.005 0.040 0.293 
153 QAc-W-0121    (0)   16 :  0.071 0.017 0.017 0.129 0.008 0.010 0.015 0.027 0.004 0.015 0.008 0.017 0.017 0.022 0.006 0.228 0.003 0.017 0.371 
154 QAc-W-0122    (0)   16 :  0.004 0.038 0.039 0.107 0.018 0.007 0.032 0.021 0.007 0.026 0.011 0.064 0.073 0.058 0.006 0.221 0.004 0.032 0.232 
155 QAc-W-0123    (6)   16 :  0.008 0.025 0.026 0.101 0.004 0.009 0.026 0.016 0.010 0.023 0.010 0.032 0.040 0.024 0.014 0.247 0.016 0.024 0.345 
156 QAc-W-0124    (0)   16 :  0.011 0.024 0.021 0.058 0.014 0.104 0.021 0.014 0.067 0.021 0.004 0.053 0.033 0.025 0.045 0.225 0.007 0.021 0.233 
157 QAc-W-0125    (0)   16 :  0.008 0.012 0.014 0.128 0.008 0.005 0.013 0.009 0.020 0.013 0.008 0.016 0.014 0.014 0.012 0.263 0.008 0.015 0.420 
158 QAc-W-0132    (6)   16 :  0.043 0.033 0.029 0.046 0.018 0.027 0.031 0.018 0.034 0.029 0.006 0.036 0.036 0.040 0.033 0.219 0.017 0.029 0.274 
159 QAc-W-0134    (0)   16 :  0.005 0.007 0.007 0.139 0.005 0.007 0.007 0.005 0.006 0.008 0.006 0.008 0.008 0.007 0.007 0.294 0.006 0.007 0.462 
160 QAc-W-0135    (0)   16 :  0.015 0.025 0.022 0.068 0.087 0.030 0.021 0.014 0.009 0.022 0.007 0.038 0.031 0.024 0.025 0.246 0.004 0.025 0.287 
161 QAc-W-0136    (0)   16 :  0.003 0.008 0.007 0.110 0.005 0.006 0.008 0.006 0.005 0.008 0.005 0.009 0.010 0.008 0.005 0.311 0.006 0.008 0.473 
162 QAc-W-0138    (0)   16 :  0.004 0.007 0.009 0.124 0.008 0.004 0.008 0.007 0.003 0.008 0.004 0.009 0.010 0.009 0.005 0.298 0.006 0.008 0.468 
163 QAc-W-0140    (0)   16 :  0.006 0.021 0.023 0.136 0.008 0.005 0.019 0.015 0.006 0.017 0.020 0.028 0.030 0.021 0.015 0.246 0.004 0.017 0.364 
164 QAc-W-0141    (6)   16 :  0.026 0.079 0.091 0.108 0.017 0.008 0.056 0.040 0.008 0.054 0.014 0.086 0.094 0.087 0.035 0.083 0.007 0.057 0.050 
165 QAc-W-0142    (0)   16 :  0.012 0.007 0.008 0.133 0.004 0.014 0.007 0.010 0.005 0.007 0.005 0.008 0.011 0.008 0.004 0.289 0.003 0.007 0.457 
166 QAc-W-0143    (0)   16 :  0.003 0.016 0.016 0.104 0.008 0.006 0.018 0.014 0.030 0.016 0.011 0.019 0.022 0.016 0.005 0.267 0.006 0.017 0.406 
167 QAc-W-0145    (0)   16 :  0.004 0.012 0.013 0.075 0.004 0.007 0.013 0.007 0.004 0.011 0.006 0.028 0.034 0.016 0.006 0.340 0.004 0.012 0.406 
168 QAc-W-0148    (0)   16 :  0.004 0.007 0.007 0.076 0.007 0.008 0.007 0.006 0.004 0.008 0.005 0.008 0.007 0.008 0.013 0.342 0.007 0.007 0.470 
169 QAc-W-0149    (0)   16 :  0.004 0.053 0.060 0.090 0.011 0.013 0.044 0.028 0.010 0.046 0.014 0.075 0.093 0.074 0.007 0.162 0.033 0.049 0.134 
170 QAc-W-0150    (0)   16 :  0.006 0.049 0.040 0.084 0.083 0.008 0.036 0.025 0.027 0.035 0.006 0.073 0.066 0.049 0.032 0.166 0.018 0.040 0.158 
171 QAc-W-0151    (0)   16 :  0.004 0.015 0.018 0.066 0.010 0.007 0.017 0.013 0.011 0.017 0.006 0.028 0.020 0.017 0.055 0.296 0.006 0.018 0.376 
172 QAc-W-0152    (0)   16 :  0.006 0.011 0.011 0.063 0.005 0.035 0.011 0.011 0.005 0.011 0.011 0.035 0.027 0.013 0.009 0.322 0.005 0.012 0.397 
173 QAc-W-0153    (0)   16 :  0.006 0.082 0.119 0.106 0.005 0.022 0.053 0.049 0.027 0.066 0.006 0.096 0.107 0.089 0.028 0.061 0.004 0.057 0.018 
174 QAc-W-0154    (0)   16 :  0.004 0.025 0.030 0.100 0.042 0.004 0.031 0.018 0.005 0.034 0.005 0.029 0.028 0.025 0.008 0.234 0.004 0.035 0.342 
175 QAc-W-0157    (0)   16 :  0.014 0.040 0.039 0.120 0.005 0.016 0.043 0.020 0.005 0.045 0.012 0.035 0.034 0.034 0.020 0.179 0.027 0.042 0.269 
176 QAc-W-0158    (0)   16 :  0.025 0.025 0.027 0.070 0.038 0.008 0.020 0.017 0.028 0.021 0.006 0.030 0.040 0.030 0.056 0.226 0.008 0.021 0.305 
177 QAc-W-0159    (0)   16 :  0.004 0.010 0.009 0.136 0.008 0.003 0.011 0.009 0.007 0.011 0.006 0.010 0.010 0.009 0.007 0.282 0.009 0.011 0.449 
178 QAc-W-0160    (0)   16 :  0.004 0.029 0.030 0.089 0.023 0.005 0.029 0.019 0.009 0.025 0.005 0.034 0.026 0.021 0.021 0.236 0.004 0.030 0.362 
179 QAc-W-0162    (0)   16 :  0.006 0.015 0.015 0.088 0.003 0.091 0.018 0.023 0.007 0.016 0.025 0.015 0.015 0.015 0.004 0.233 0.017 0.019 0.376 
180 QAc-W-0163    (0)   16 :  0.007 0.033 0.034 0.095 0.006 0.010 0.041 0.076 0.005 0.037 0.034 0.032 0.026 0.031 0.008 0.170 0.009 0.038 0.306 
181 QAc-W-0164    (0)   16 :  0.008 0.032 0.031 0.058 0.008 0.083 0.032 0.027 0.010 0.034 0.011 0.030 0.030 0.032 0.007 0.225 0.009 0.035 0.300 
182 QAc-W-0167    (0)   17 :  0.006 0.085 0.114 0.096 0.006 0.009 0.080 0.058 0.019 0.079 0.009 0.088 0.088 0.118 0.006 0.037 0.006 0.088 0.008 
183 QAc-W-0168    (0)   17 :  0.040 0.078 0.081 0.076 0.009 0.019 0.095 0.043 0.013 0.097 0.015 0.065 0.072 0.078 0.014 0.054 0.007 0.088 0.056 
184 QAc-W-0169    (0)   17 :  0.011 0.086 0.105 0.054 0.017 0.010 0.115 0.062 0.004 0.109 0.013 0.081 0.067 0.084 0.015 0.025 0.004 0.112 0.026 
185 QAc-W-0170    (0)   17 :  0.003 0.088 0.092 0.076 0.009 0.005 0.110 0.043 0.007 0.099 0.008 0.087 0.089 0.078 0.049 0.039 0.004 0.103 0.013 
186 QAc-W-0172    (0)   17 :  0.002 0.102 0.089 0.066 0.008 0.002 0.134 0.040 0.011 0.123 0.005 0.075 0.060 0.077 0.010 0.037 0.012 0.138 0.009 
187 QAc-W-0173    (0)   17 :  0.004 0.082 0.110 0.115 0.012 0.012 0.060 0.070 0.006 0.061 0.006 0.087 0.102 0.130 0.015 0.047 0.006 0.061 0.015 
188 QAc-W-0174    (0)   17 :  0.011 0.082 0.121 0.087 0.005 0.010 0.082 0.062 0.006 0.081 0.010 0.081 0.095 0.117 0.009 0.038 0.004 0.086 0.015 


Estimated Allele Frequencies in each cluster
First column gives estimated ancestral frequencies


Locus 1 : 
18 alleles
0.0% missing data
 210   (0.105) 0.007 0.109 0.108 0.125 0.016 0.021 0.105 0.088 0.150 0.105 0.272 0.114 0.109 0.105 0.068 0.132 0.027 0.105 0.135 
 212   (0.112) 0.195 0.123 0.115 0.112 0.044 0.014 0.112 0.100 0.275 0.112 0.031 0.134 0.124 0.114 0.420 0.123 0.022 0.112 0.074 
 202   (0.057) 0.003 0.053 0.054 0.043 0.060 0.007 0.057 0.034 0.142 0.057 0.017 0.047 0.047 0.048 0.034 0.025 0.323 0.057 0.013 
 226   (0.042) 0.250 0.035 0.036 0.027 0.005 0.130 0.042 0.032 0.013 0.042 0.024 0.032 0.030 0.032 0.005 0.015 0.220 0.042 0.017 
 216   (0.072) 0.005 0.067 0.065 0.077 0.017 0.053 0.072 0.045 0.171 0.072 0.051 0.062 0.058 0.061 0.010 0.083 0.167 0.072 0.091 
 200   (0.263) 0.508 0.287 0.286 0.281 0.527 0.125 0.263 0.222 0.086 0.263 0.195 0.301 0.328 0.310 0.373 0.294 0.127 0.263 0.144 
 224   (0.043) 0.004 0.041 0.043 0.036 0.008 0.265 0.043 0.032 0.011 0.043 0.010 0.040 0.044 0.046 0.021 0.026 0.009 0.043 0.012 
 218   (0.052) 0.004 0.050 0.049 0.060 0.080 0.018 0.052 0.042 0.108 0.052 0.012 0.046 0.044 0.048 0.010 0.080 0.010 0.052 0.107 
 228   (0.011) 0.001 0.008 0.009 0.006 0.001 0.131 0.011 0.004 0.001 0.011 0.002 0.007 0.006 0.007 0.001 0.003 0.002 0.011 0.002 
 214   (0.059) 0.012 0.052 0.054 0.044 0.007 0.215 0.059 0.280 0.007 0.059 0.173 0.052 0.048 0.053 0.007 0.035 0.037 0.059 0.228 
 208   (0.063) 0.004 0.070 0.070 0.064 0.217 0.007 0.063 0.053 0.021 0.063 0.072 0.072 0.071 0.078 0.036 0.039 0.016 0.063 0.015 
 220   (0.030) 0.002 0.027 0.030 0.026 0.003 0.003 0.030 0.019 0.003 0.030 0.007 0.026 0.027 0.029 0.006 0.014 0.005 0.030 0.010 
 196   (0.011) 0.001 0.010 0.010 0.007 0.001 0.001 0.011 0.006 0.001 0.011 0.003 0.008 0.007 0.008 0.001 0.004 0.002 0.011 0.002 
 238   (0.011) 0.001 0.010 0.011 0.008 0.001 0.002 0.011 0.007 0.001 0.011 0.003 0.009 0.009 0.010 0.001 0.004 0.002 0.011 0.003 
 206   (0.022) 0.001 0.019 0.019 0.017 0.003 0.002 0.022 0.012 0.003 0.022 0.057 0.016 0.015 0.016 0.002 0.016 0.005 0.022 0.016 
 190   (0.010) 0.001 0.008 0.008 0.006 0.001 0.001 0.010 0.005 0.001 0.010 0.002 0.007 0.006 0.008 0.001 0.003 0.001 0.010 0.002 
 222   (0.025) 0.002 0.021 0.022 0.052 0.007 0.003 0.025 0.013 0.003 0.025 0.006 0.020 0.019 0.019 0.003 0.099 0.022 0.025 0.126 
 232   (0.013) 0.001 0.010 0.011 0.008 0.001 0.001 0.013 0.007 0.001 0.013 0.063 0.008 0.008 0.009 0.001 0.004 0.005 0.013 0.003 

Locus 2 : 
15 alleles
2.1% missing data
 171   (0.223) 0.018 0.226 0.225 0.204 0.312 0.043 0.223 0.227 0.178 0.223 0.484 0.226 0.237 0.225 0.440 0.181 0.238 0.223 0.133 
 175   (0.094) 0.023 0.088 0.086 0.073 0.042 0.026 0.094 0.199 0.263 0.094 0.027 0.084 0.078 0.082 0.053 0.054 0.210 0.094 0.141 
 185   (0.053) 0.005 0.050 0.049 0.079 0.008 0.015 0.053 0.032 0.081 0.053 0.013 0.053 0.052 0.050 0.006 0.111 0.011 0.053 0.130 
 179   (0.067) 0.034 0.064 0.069 0.091 0.008 0.507 0.066 0.045 0.008 0.066 0.016 0.078 0.077 0.074 0.009 0.165 0.255 0.067 0.163 
 181   (0.089) 0.564 0.088 0.093 0.079 0.027 0.042 0.089 0.082 0.352 0.089 0.114 0.089 0.101 0.094 0.129 0.069 0.036 0.089 0.041 
 173   (0.192) 0.331 0.210 0.197 0.210 0.184 0.136 0.192 0.202 0.040 0.192 0.169 0.210 0.197 0.198 0.205 0.211 0.170 0.192 0.204 
 177   (0.033) 0.003 0.030 0.029 0.032 0.004 0.187 0.033 0.030 0.004 0.033 0.009 0.029 0.025 0.026 0.004 0.046 0.006 0.033 0.063 
 187   (0.094) 0.009 0.095 0.100 0.087 0.103 0.025 0.094 0.085 0.012 0.094 0.045 0.092 0.092 0.102 0.122 0.053 0.018 0.094 0.044 
 183   (0.060) 0.006 0.063 0.066 0.076 0.007 0.007 0.060 0.046 0.019 0.060 0.082 0.059 0.067 0.065 0.008 0.062 0.015 0.060 0.057 
 189   (0.034) 0.003 0.032 0.032 0.028 0.297 0.004 0.034 0.019 0.004 0.034 0.008 0.031 0.026 0.030 0.017 0.021 0.006 0.034 0.013 
 191   (0.019) 0.002 0.017 0.017 0.015 0.003 0.003 0.019 0.012 0.034 0.019 0.024 0.019 0.016 0.019 0.002 0.011 0.029 0.019 0.004 
 163   (0.011) 0.001 0.009 0.009 0.007 0.001 0.001 0.011 0.005 0.001 0.011 0.002 0.008 0.007 0.008 0.001 0.004 0.002 0.011 0.002 
 165   (0.011) 0.001 0.009 0.009 0.006 0.001 0.001 0.011 0.005 0.001 0.011 0.002 0.007 0.007 0.008 0.001 0.004 0.002 0.011 0.002 
 193   (0.010) 0.001 0.010 0.010 0.008 0.001 0.001 0.010 0.007 0.001 0.010 0.002 0.009 0.010 0.010 0.001 0.004 0.002 0.010 0.002 
 167   (0.010) 0.001 0.009 0.009 0.007 0.001 0.001 0.010 0.005 0.001 0.010 0.002 0.007 0.007 0.008 0.001 0.004 0.002 0.010 0.002 

Locus 3 : 
4 alleles
1.1% missing data
 206   (0.893) 0.989 0.902 0.896 0.919 0.678 0.886 0.893 0.928 0.977 0.893 0.903 0.909 0.912 0.904 0.984 0.951 0.906 0.893 0.967 
 208   (0.055) 0.004 0.049 0.051 0.039 0.316 0.051 0.055 0.042 0.007 0.055 0.065 0.044 0.042 0.049 0.009 0.025 0.011 0.055 0.021 
 204   (0.039) 0.007 0.035 0.035 0.026 0.005 0.061 0.039 0.021 0.014 0.039 0.029 0.032 0.030 0.032 0.005 0.015 0.081 0.039 0.009 
 212   (0.014) 0.001 0.014 0.018 0.016 0.001 0.002 0.014 0.009 0.002 0.014 0.003 0.015 0.016 0.014 0.002 0.009 0.002 0.014 0.003 

Locus 4 : 
15 alleles
1.1% missing data
 165   (0.082) 0.005 0.091 0.089 0.089 0.014 0.317 0.082 0.073 0.472 0.082 0.021 0.092 0.087 0.085 0.028 0.065 0.042 0.082 0.038 
 163   (0.211) 0.016 0.217 0.225 0.252 0.081 0.077 0.211 0.196 0.029 0.211 0.293 0.220 0.232 0.234 0.058 0.245 0.075 0.211 0.236 
 167   (0.141) 0.009 0.141 0.139 0.148 0.243 0.019 0.141 0.140 0.063 0.141 0.095 0.140 0.134 0.139 0.196 0.126 0.502 0.141 0.145 
 161   (0.363) 0.956 0.364 0.360 0.356 0.482 0.566 0.363 0.439 0.120 0.363 0.428 0.378 0.377 0.365 0.683 0.451 0.327 0.363 0.487 
 153   (0.015) 0.001 0.016 0.015 0.012 0.009 0.002 0.015 0.009 0.002 0.015 0.003 0.015 0.014 0.014 0.003 0.014 0.003 0.015 0.003 
 173   (0.028) 0.002 0.024 0.025 0.020 0.003 0.003 0.028 0.040 0.273 0.028 0.023 0.020 0.023 0.023 0.003 0.010 0.005 0.028 0.027 
 171   (0.036) 0.003 0.037 0.037 0.032 0.004 0.004 0.036 0.032 0.005 0.036 0.039 0.036 0.037 0.039 0.004 0.020 0.026 0.036 0.011 
 179   (0.011) 0.001 0.009 0.010 0.007 0.001 0.001 0.011 0.006 0.001 0.011 0.003 0.008 0.008 0.008 0.003 0.004 0.002 0.011 0.002 
 157   (0.021) 0.001 0.019 0.019 0.014 0.150 0.002 0.021 0.012 0.003 0.021 0.015 0.017 0.016 0.016 0.012 0.009 0.004 0.021 0.005 
 149   (0.011) 0.001 0.009 0.009 0.007 0.001 0.001 0.011 0.006 0.001 0.011 0.026 0.007 0.007 0.007 0.001 0.003 0.002 0.011 0.003 
 177   (0.020) 0.001 0.019 0.019 0.018 0.002 0.002 0.020 0.012 0.010 0.020 0.005 0.018 0.020 0.019 0.003 0.012 0.004 0.020 0.005 
 155   (0.015) 0.001 0.013 0.014 0.010 0.005 0.001 0.015 0.008 0.002 0.015 0.004 0.012 0.011 0.012 0.002 0.007 0.002 0.015 0.003 
 175   (0.009) 0.001 0.008 0.008 0.006 0.001 0.001 0.009 0.005 0.001 0.009 0.006 0.007 0.007 0.007 0.001 0.003 0.001 0.009 0.002 
 169   (0.018) 0.001 0.018 0.017 0.015 0.002 0.002 0.018 0.013 0.015 0.018 0.034 0.016 0.016 0.016 0.002 0.007 0.003 0.018 0.005 
 159   (0.018) 0.001 0.016 0.015 0.017 0.002 0.002 0.018 0.009 0.002 0.018 0.004 0.014 0.013 0.014 0.002 0.025 0.003 0.018 0.029 

Locus 5 : 
16 alleles
0.0% missing data
 148   (0.118) 0.358 0.123 0.116 0.110 0.098 0.047 0.118 0.071 0.285 0.118 0.091 0.113 0.114 0.116 0.197 0.085 0.027 0.118 0.042 
 160   (0.024) 0.002 0.020 0.021 0.016 0.003 0.003 0.024 0.012 0.059 0.024 0.023 0.018 0.017 0.019 0.003 0.010 0.063 0.024 0.004 
 154   (0.070) 0.009 0.069 0.067 0.092 0.017 0.178 0.070 0.055 0.025 0.070 0.019 0.071 0.067 0.073 0.008 0.125 0.050 0.070 0.149 
 150   (0.058) 0.012 0.056 0.056 0.048 0.060 0.010 0.059 0.249 0.010 0.059 0.081 0.055 0.056 0.054 0.027 0.039 0.013 0.058 0.197 
 138   (0.127) 0.009 0.128 0.122 0.137 0.024 0.188 0.127 0.084 0.146 0.127 0.086 0.134 0.113 0.121 0.050 0.173 0.293 0.127 0.159 
 166   (0.028) 0.002 0.023 0.024 0.017 0.032 0.003 0.028 0.014 0.012 0.028 0.214 0.019 0.019 0.021 0.005 0.011 0.290 0.028 0.006 
 146   (0.099) 0.340 0.092 0.096 0.079 0.031 0.223 0.099 0.061 0.165 0.099 0.092 0.087 0.085 0.094 0.024 0.050 0.071 0.099 0.026 
 164   (0.015) 0.001 0.013 0.014 0.010 0.002 0.002 0.015 0.008 0.002 0.015 0.004 0.012 0.011 0.012 0.002 0.006 0.036 0.015 0.003 
 142   (0.018) 0.008 0.015 0.016 0.015 0.002 0.002 0.018 0.124 0.002 0.018 0.008 0.012 0.012 0.013 0.002 0.010 0.003 0.018 0.103 
 144   (0.153) 0.229 0.161 0.165 0.162 0.067 0.300 0.153 0.120 0.027 0.153 0.249 0.166 0.183 0.169 0.401 0.170 0.055 0.153 0.112 
 140   (0.085) 0.007 0.085 0.091 0.108 0.192 0.010 0.085 0.060 0.019 0.085 0.021 0.090 0.092 0.092 0.245 0.140 0.017 0.085 0.135 
 158   (0.048) 0.004 0.049 0.050 0.044 0.009 0.006 0.048 0.034 0.088 0.048 0.027 0.051 0.058 0.052 0.010 0.054 0.036 0.048 0.017 
 162   (0.026) 0.002 0.024 0.027 0.021 0.003 0.003 0.026 0.020 0.134 0.026 0.007 0.023 0.022 0.025 0.004 0.011 0.005 0.026 0.009 
 152   (0.095) 0.015 0.109 0.101 0.114 0.456 0.024 0.095 0.062 0.013 0.095 0.034 0.120 0.117 0.107 0.016 0.099 0.020 0.095 0.032 
 134   (0.016) 0.001 0.015 0.016 0.013 0.002 0.002 0.016 0.016 0.002 0.016 0.039 0.015 0.016 0.016 0.002 0.008 0.003 0.016 0.004 
 156   (0.019) 0.001 0.018 0.018 0.016 0.003 0.002 0.019 0.011 0.011 0.019 0.005 0.017 0.017 0.017 0.003 0.010 0.019 0.019 0.004 

Locus 6 : 
12 alleles
0.0% missing data
 225   (0.042) 0.294 0.039 0.038 0.033 0.009 0.006 0.042 0.032 0.120 0.042 0.010 0.035 0.033 0.039 0.005 0.021 0.007 0.042 0.022 
 239   (0.099) 0.427 0.108 0.102 0.087 0.014 0.229 0.099 0.075 0.026 0.099 0.047 0.108 0.098 0.101 0.096 0.066 0.226 0.099 0.032 
 229   (0.017) 0.001 0.014 0.014 0.009 0.002 0.002 0.017 0.009 0.300 0.017 0.004 0.012 0.011 0.012 0.002 0.007 0.003 0.017 0.003 
 235   (0.300) 0.227 0.300 0.306 0.338 0.266 0.311 0.300 0.426 0.377 0.300 0.133 0.315 0.325 0.306 0.427 0.402 0.084 0.300 0.516 
 237   (0.216) 0.025 0.220 0.224 0.217 0.192 0.268 0.216 0.186 0.037 0.216 0.165 0.225 0.227 0.230 0.278 0.196 0.067 0.216 0.153 
 233   (0.101) 0.011 0.106 0.099 0.086 0.479 0.156 0.101 0.088 0.058 0.101 0.094 0.099 0.101 0.097 0.160 0.086 0.255 0.101 0.043 
 227   (0.032) 0.002 0.027 0.028 0.020 0.003 0.003 0.032 0.031 0.004 0.032 0.433 0.023 0.023 0.023 0.003 0.011 0.303 0.032 0.016 
 245   (0.069) 0.005 0.069 0.071 0.091 0.021 0.008 0.069 0.050 0.009 0.069 0.020 0.076 0.076 0.077 0.013 0.104 0.021 0.069 0.092 
 241   (0.038) 0.003 0.034 0.034 0.028 0.006 0.008 0.038 0.030 0.059 0.038 0.032 0.031 0.031 0.033 0.005 0.024 0.013 0.038 0.026 
 231   (0.046) 0.003 0.046 0.049 0.052 0.005 0.005 0.046 0.049 0.006 0.046 0.022 0.046 0.045 0.049 0.005 0.042 0.015 0.046 0.053 
 243   (0.029) 0.002 0.027 0.026 0.033 0.003 0.003 0.029 0.019 0.004 0.029 0.038 0.025 0.022 0.025 0.004 0.037 0.005 0.029 0.042 
 251   (0.011) 0.001 0.009 0.009 0.006 0.001 0.001 0.011 0.005 0.001 0.011 0.002 0.007 0.007 0.008 0.001 0.004 0.002 0.011 0.002 

Locus 7 : 
5 alleles
0.0% missing data
 118   (0.925) 0.993 0.930 0.929 0.939 0.927 0.992 0.925 0.740 0.990 0.925 0.977 0.936 0.940 0.937 0.939 0.961 0.657 0.925 0.803 
 124   (0.036) 0.002 0.036 0.035 0.033 0.069 0.004 0.036 0.019 0.005 0.036 0.008 0.034 0.031 0.031 0.056 0.023 0.336 0.036 0.007 
 116   (0.011) 0.003 0.009 0.009 0.006 0.001 0.001 0.011 0.225 0.003 0.011 0.009 0.007 0.006 0.007 0.001 0.003 0.002 0.011 0.184 
 114   (0.015) 0.001 0.015 0.016 0.014 0.002 0.002 0.015 0.009 0.002 0.015 0.003 0.014 0.014 0.015 0.002 0.008 0.003 0.015 0.003 
 122   (0.012) 0.001 0.010 0.011 0.008 0.001 0.001 0.012 0.006 0.001 0.012 0.003 0.009 0.008 0.009 0.001 0.004 0.002 0.012 0.003 

Locus 8 : 
5 alleles
0.0% missing data
 135   (0.049) 0.010 0.062 0.060 0.071 0.011 0.006 0.049 0.033 0.021 0.049 0.011 0.079 0.068 0.058 0.029 0.071 0.009 0.049 0.021 
 139   (0.762) 0.925 0.766 0.769 0.745 0.938 0.958 0.762 0.637 0.818 0.762 0.657 0.765 0.777 0.778 0.920 0.740 0.949 0.762 0.610 
 137   (0.141) 0.062 0.131 0.130 0.144 0.046 0.031 0.141 0.303 0.156 0.141 0.320 0.119 0.121 0.125 0.046 0.150 0.033 0.141 0.329 
 143   (0.033) 0.002 0.029 0.030 0.029 0.004 0.004 0.034 0.020 0.004 0.034 0.008 0.026 0.025 0.029 0.004 0.024 0.006 0.034 0.023 
 141   (0.014) 0.001 0.012 0.012 0.011 0.002 0.001 0.014 0.006 0.002 0.014 0.003 0.010 0.010 0.010 0.002 0.016 0.002 0.014 0.017 

Locus 9 : 
11 alleles
0.0% missing data
 116   (0.299) 0.363 0.331 0.314 0.341 0.516 0.173 0.299 0.252 0.425 0.299 0.118 0.338 0.329 0.318 0.267 0.354 0.102 0.299 0.259 
 112   (0.085) 0.013 0.080 0.085 0.100 0.034 0.380 0.085 0.052 0.056 0.085 0.020 0.087 0.086 0.084 0.080 0.117 0.015 0.085 0.109 
 122   (0.059) 0.434 0.050 0.052 0.038 0.009 0.304 0.059 0.096 0.007 0.059 0.280 0.047 0.044 0.047 0.007 0.029 0.305 0.059 0.069 
 114   (0.230) 0.021 0.229 0.234 0.245 0.363 0.046 0.230 0.155 0.080 0.230 0.233 0.228 0.230 0.223 0.348 0.249 0.052 0.230 0.203 
 120   (0.039) 0.003 0.033 0.035 0.027 0.004 0.021 0.039 0.020 0.004 0.039 0.010 0.030 0.028 0.030 0.157 0.020 0.215 0.039 0.014 
 130   (0.039) 0.003 0.040 0.039 0.029 0.006 0.004 0.039 0.025 0.005 0.039 0.074 0.039 0.040 0.038 0.036 0.035 0.180 0.039 0.007 
 118   (0.126) 0.019 0.119 0.124 0.117 0.038 0.018 0.126 0.090 0.405 0.126 0.050 0.123 0.133 0.143 0.077 0.131 0.107 0.126 0.102 
 124   (0.056) 0.139 0.051 0.052 0.045 0.007 0.047 0.056 0.138 0.007 0.056 0.078 0.047 0.045 0.050 0.007 0.032 0.010 0.056 0.110 
 126   (0.037) 0.003 0.035 0.034 0.027 0.008 0.004 0.037 0.150 0.006 0.037 0.132 0.031 0.032 0.033 0.017 0.020 0.009 0.037 0.122 
 108   (0.012) 0.001 0.013 0.013 0.013 0.001 0.001 0.012 0.011 0.001 0.012 0.002 0.013 0.016 0.014 0.001 0.005 0.002 0.012 0.002 
 128   (0.019) 0.001 0.018 0.020 0.019 0.014 0.002 0.019 0.012 0.002 0.019 0.004 0.017 0.018 0.020 0.002 0.008 0.003 0.019 0.004 

Locus 10 : 
4 alleles
0.0% missing data
 232   (0.898) 0.993 0.901 0.904 0.912 0.988 0.989 0.898 0.933 0.988 0.898 0.673 0.912 0.910 0.908 0.950 0.930 0.975 0.898 0.948 
 238   (0.076) 0.005 0.073 0.070 0.066 0.010 0.009 0.076 0.049 0.009 0.076 0.321 0.065 0.064 0.067 0.047 0.060 0.021 0.076 0.048 
 234   (0.014) 0.001 0.016 0.015 0.014 0.002 0.001 0.014 0.012 0.002 0.014 0.003 0.015 0.017 0.016 0.002 0.005 0.002 0.014 0.003 
 244   (0.012) 0.001 0.010 0.011 0.008 0.001 0.001 0.012 0.006 0.001 0.012 0.003 0.009 0.009 0.009 0.001 0.004 0.002 0.012 0.002 

Locus 11 : 
7 alleles
0.0% missing data
 165   (0.776) 0.769 0.789 0.783 0.815 0.926 0.798 0.776 0.653 0.920 0.776 0.898 0.800 0.795 0.787 0.771 0.863 0.936 0.776 0.750 
 167   (0.073) 0.221 0.062 0.065 0.051 0.009 0.186 0.073 0.229 0.055 0.073 0.022 0.055 0.053 0.058 0.012 0.036 0.020 0.073 0.187 
 161   (0.107) 0.008 0.111 0.115 0.101 0.060 0.012 0.107 0.096 0.019 0.107 0.071 0.111 0.117 0.119 0.212 0.070 0.037 0.107 0.042 
 155   (0.011) 0.001 0.009 0.009 0.006 0.001 0.001 0.011 0.005 0.001 0.011 0.002 0.007 0.007 0.008 0.001 0.004 0.002 0.011 0.002 
 173   (0.010) 0.001 0.010 0.009 0.008 0.001 0.001 0.010 0.006 0.001 0.010 0.002 0.009 0.010 0.010 0.001 0.004 0.001 0.010 0.002 
 163   (0.013) 0.001 0.010 0.011 0.012 0.001 0.001 0.013 0.005 0.001 0.013 0.003 0.011 0.011 0.010 0.001 0.020 0.002 0.013 0.016 
 171   (0.011) 0.001 0.009 0.009 0.006 0.001 0.001 0.011 0.005 0.001 0.011 0.002 0.008 0.007 0.008 0.001 0.004 0.002 0.011 0.002 

Locus 12 : 
8 alleles
0.0% missing data
 137   (0.516) 0.449 0.515 0.515 0.578 0.323 0.419 0.516 0.625 0.401 0.516 0.551 0.523 0.525 0.528 0.233 0.633 0.851 0.516 0.784 
 140   (0.166) 0.016 0.181 0.170 0.150 0.606 0.049 0.166 0.123 0.208 0.166 0.070 0.181 0.182 0.173 0.511 0.160 0.032 0.166 0.060 
 134   (0.244) 0.530 0.238 0.244 0.216 0.054 0.524 0.244 0.207 0.381 0.244 0.323 0.234 0.232 0.235 0.248 0.161 0.104 0.244 0.127 
 149   (0.011) 0.001 0.010 0.010 0.007 0.001 0.001 0.011 0.006 0.001 0.011 0.003 0.008 0.007 0.008 0.001 0.004 0.002 0.011 0.002 
 143   (0.015) 0.002 0.014 0.013 0.010 0.002 0.002 0.015 0.010 0.002 0.015 0.038 0.011 0.012 0.012 0.002 0.006 0.004 0.015 0.003 
 128   (0.011) 0.001 0.009 0.009 0.006 0.001 0.001 0.011 0.006 0.001 0.011 0.006 0.008 0.008 0.008 0.001 0.003 0.002 0.011 0.002 
 125   (0.018) 0.001 0.016 0.015 0.014 0.011 0.002 0.018 0.009 0.002 0.018 0.004 0.016 0.013 0.014 0.003 0.022 0.003 0.018 0.018 
 146   (0.019) 0.001 0.019 0.024 0.020 0.002 0.002 0.019 0.014 0.002 0.019 0.004 0.019 0.020 0.021 0.002 0.010 0.003 0.019 0.004 

Locus 13 : 
19 alleles
0.5% missing data
 206   (0.134) 0.045 0.124 0.125 0.114 0.261 0.029 0.134 0.113 0.422 0.134 0.064 0.118 0.113 0.124 0.177 0.128 0.206 0.134 0.134 
 210   (0.096) 0.417 0.099 0.098 0.083 0.176 0.037 0.096 0.073 0.283 0.096 0.025 0.107 0.108 0.101 0.149 0.090 0.017 0.096 0.031 
 190   (0.069) 0.005 0.074 0.075 0.092 0.080 0.012 0.069 0.050 0.008 0.069 0.016 0.070 0.070 0.071 0.009 0.078 0.028 0.069 0.080 
 202   (0.087) 0.008 0.097 0.090 0.094 0.031 0.013 0.087 0.150 0.016 0.087 0.260 0.107 0.102 0.097 0.012 0.084 0.555 0.087 0.107 
 214   (0.042) 0.253 0.038 0.039 0.031 0.059 0.145 0.042 0.025 0.005 0.042 0.010 0.035 0.034 0.038 0.019 0.018 0.007 0.042 0.009 
 212   (0.035) 0.186 0.031 0.031 0.096 0.004 0.004 0.035 0.025 0.004 0.035 0.008 0.031 0.032 0.029 0.004 0.184 0.006 0.035 0.245 
 192   (0.112) 0.008 0.119 0.123 0.109 0.089 0.013 0.112 0.095 0.044 0.112 0.029 0.125 0.137 0.127 0.277 0.102 0.058 0.112 0.043 
 204   (0.034) 0.015 0.034 0.035 0.031 0.018 0.056 0.034 0.023 0.004 0.034 0.013 0.033 0.036 0.037 0.009 0.024 0.014 0.034 0.014 
 184   (0.054) 0.004 0.052 0.050 0.053 0.015 0.006 0.054 0.031 0.097 0.054 0.012 0.057 0.051 0.050 0.021 0.076 0.009 0.054 0.057 
 216   (0.020) 0.001 0.028 0.019 0.018 0.013 0.002 0.020 0.014 0.002 0.020 0.004 0.024 0.020 0.018 0.273 0.023 0.003 0.020 0.004 
 208   (0.044) 0.015 0.044 0.046 0.048 0.207 0.005 0.044 0.029 0.005 0.044 0.009 0.046 0.046 0.042 0.018 0.052 0.010 0.044 0.034 
 198   (0.042) 0.003 0.045 0.049 0.045 0.005 0.004 0.042 0.031 0.005 0.042 0.009 0.048 0.048 0.051 0.005 0.024 0.018 0.042 0.010 
 194   (0.062) 0.007 0.055 0.056 0.046 0.019 0.606 0.062 0.199 0.028 0.062 0.210 0.050 0.049 0.056 0.007 0.028 0.017 0.062 0.152 
 186   (0.018) 0.011 0.015 0.015 0.011 0.002 0.048 0.018 0.011 0.003 0.018 0.005 0.013 0.011 0.013 0.002 0.006 0.003 0.018 0.006 
 188   (0.021) 0.001 0.018 0.018 0.013 0.004 0.002 0.021 0.013 0.002 0.021 0.028 0.016 0.017 0.017 0.004 0.008 0.003 0.021 0.004 
 200   (0.067) 0.016 0.065 0.064 0.058 0.011 0.011 0.067 0.069 0.062 0.067 0.284 0.061 0.062 0.065 0.007 0.040 0.032 0.067 0.044 
 196   (0.039) 0.003 0.037 0.041 0.036 0.005 0.005 0.039 0.032 0.005 0.039 0.010 0.036 0.038 0.041 0.004 0.026 0.006 0.039 0.021 
 220   (0.010) 0.001 0.009 0.009 0.006 0.001 0.001 0.010 0.005 0.001 0.010 0.003 0.008 0.007 0.008 0.001 0.004 0.004 0.010 0.002 
 180   (0.015) 0.001 0.016 0.016 0.014 0.002 0.001 0.015 0.013 0.002 0.015 0.003 0.015 0.018 0.016 0.002 0.005 0.002 0.015 0.003 

Locus 14 : 
8 alleles
1.1% missing data
 139   (0.075) 0.187 0.066 0.069 0.052 0.011 0.167 0.075 0.085 0.091 0.075 0.054 0.063 0.068 0.065 0.253 0.046 0.042 0.075 0.055 
 145   (0.061) 0.008 0.056 0.056 0.067 0.010 0.009 0.061 0.037 0.142 0.061 0.036 0.064 0.060 0.057 0.021 0.108 0.012 0.061 0.096 
 151   (0.305) 0.335 0.299 0.300 0.317 0.679 0.552 0.305 0.241 0.467 0.305 0.279 0.306 0.307 0.306 0.173 0.349 0.358 0.305 0.303 
 157   (0.357) 0.148 0.394 0.383 0.387 0.260 0.157 0.357 0.438 0.217 0.357 0.301 0.394 0.392 0.392 0.487 0.365 0.473 0.357 0.369 
 154   (0.103) 0.316 0.097 0.103 0.105 0.028 0.103 0.103 0.115 0.015 0.103 0.030 0.092 0.094 0.097 0.054 0.079 0.018 0.103 0.122 
 163   (0.043) 0.003 0.038 0.040 0.031 0.005 0.005 0.043 0.044 0.061 0.043 0.013 0.034 0.034 0.036 0.005 0.018 0.087 0.043 0.026 
 160   (0.029) 0.002 0.025 0.025 0.018 0.003 0.003 0.029 0.018 0.004 0.029 0.271 0.022 0.019 0.023 0.003 0.011 0.005 0.029 0.008 
 142   (0.027) 0.002 0.025 0.025 0.024 0.003 0.003 0.027 0.023 0.003 0.027 0.016 0.026 0.026 0.024 0.004 0.025 0.005 0.027 0.022 

Locus 15 : 
13 alleles
1.6% missing data
 256   (0.144) 0.070 0.137 0.132 0.124 0.178 0.122 0.144 0.176 0.164 0.144 0.152 0.126 0.112 0.124 0.154 0.109 0.119 0.144 0.170 
 262   (0.023) 0.001 0.019 0.018 0.013 0.002 0.002 0.023 0.097 0.277 0.022 0.010 0.016 0.014 0.016 0.002 0.008 0.003 0.023 0.080 
 246   (0.118) 0.008 0.136 0.132 0.130 0.086 0.013 0.118 0.115 0.179 0.118 0.100 0.138 0.140 0.130 0.124 0.109 0.023 0.118 0.064 
 258   (0.180) 0.014 0.197 0.194 0.205 0.240 0.024 0.180 0.192 0.024 0.180 0.157 0.208 0.224 0.204 0.298 0.231 0.549 0.180 0.182 
 254   (0.106) 0.155 0.102 0.100 0.095 0.166 0.341 0.106 0.090 0.013 0.106 0.069 0.100 0.101 0.103 0.027 0.075 0.182 0.106 0.061 
 250   (0.033) 0.649 0.028 0.028 0.023 0.003 0.083 0.032 0.021 0.004 0.033 0.010 0.025 0.023 0.026 0.004 0.017 0.008 0.033 0.016 
 242   (0.102) 0.075 0.098 0.110 0.123 0.012 0.148 0.102 0.082 0.187 0.102 0.062 0.108 0.106 0.115 0.012 0.132 0.021 0.102 0.127 
 252   (0.066) 0.007 0.064 0.066 0.058 0.024 0.041 0.066 0.058 0.106 0.066 0.021 0.069 0.069 0.065 0.028 0.056 0.013 0.066 0.039 
 248   (0.132) 0.012 0.127 0.126 0.147 0.038 0.215 0.132 0.108 0.023 0.132 0.388 0.127 0.130 0.126 0.332 0.196 0.068 0.132 0.205 
 260   (0.044) 0.003 0.045 0.043 0.037 0.245 0.004 0.044 0.029 0.006 0.044 0.020 0.042 0.038 0.043 0.014 0.027 0.007 0.044 0.010 
 264   (0.016) 0.001 0.015 0.017 0.013 0.002 0.002 0.016 0.010 0.002 0.016 0.004 0.014 0.014 0.018 0.002 0.007 0.002 0.016 0.004 
 244   (0.027) 0.002 0.024 0.025 0.027 0.003 0.003 0.027 0.018 0.014 0.027 0.007 0.020 0.022 0.020 0.003 0.029 0.004 0.027 0.039 
 276   (0.011) 0.001 0.009 0.009 0.006 0.001 0.001 0.011 0.005 0.001 0.011 0.002 0.007 0.007 0.008 0.001 0.004 0.002 0.011 0.002 

Values of parameters used in structure:
DATAFILE=G:\Shared drives\Emily_Schumacher\QUAC_analyses\QUAC_structure_wild_relate\QUAC_allpop_relate_red_12_15_21\project_data,	OUTFILE=G:\Shared drives\Emily_Schumacher\QUAC_analyses\QUAC_structure_wild_relate\QUAC_allpop_relate_red_12_15_21\50-100\Results\50-100_run_95,	NUMINDS=188,	NUMLOCI=15,	MISSING=-9,	LABEL=1,	POPDATA=1,	POPFLAG=0,	PHENOTYPE=0,	EXTRACOLS=0,	MAXPOPS=19,	BURNIN=50000,	NUMREPS=100000,	USEPOPINFO=0,	INFERALPHA=1,	INFERLAMBDA=0,	POPSPECIFICLAMBDA=0,	POPALPHAS=0,	COMPUTEPROB=1,	NOADMIX=0,	ADMBURNIN=2500,	UPDATEFREQ=1,	PRINTLIKES=0,	INTERMEDSAVE=0,	PRINTKLD=0,	PRINTNET=0,	PRINTLAMBDA=0,	ANCESTDIST=0,	NUMBOXES=1000,	ANCESTPINT=0.90000,	GENSBACK=2,	MIGRPRIOR=0.05000,	PRINTQHAT=0,	PRINTQSUM=0,	ALPHA=1.0000,	FREQSCORR=1,	FPRIORMEAN=0.0100,	FPRIORSD=0.0500,	ONEFST=0,	LAMBDA=1.0000,	UNIFPRIORALPHA=1,	ALPHAMAX=10.0000,	ALPHAPRIORA=1.0000,	ALPHAPRIORB=2.0000,	ALPHAPROPSD=0.0250,	STARTATPOPINFO=0,	RANDOMIZE=1,	LINKAGE=0,	METROFREQ=10,	REPORTHITRATE=0,	MARKOVPHASE=-1,	PHASED=0,	PLOIDY=2,	PHASEINFO=0	LOCPRIOR=0, 	LOCPRIORINIT=1.000000, 	LOCDATA=0, 	LOCISPOP=0, 	LOCPRIORSTEP=0.100000, 	MAXLOCPRIOR=20.000000, 	SEED=1639615791,	
[STRAT parameters]:    NUMSIMSTATS=1000,	PHENOTYPECOL=-9,	POOLFREQ=10,	LOCUSxONLY=0,	EMERROR=0.00100,	MISSINGPHENO=-9,	