

----------------------------------------------------
STRUCTURE by Pritchard, Stephens and Donnelly (2000)
     and Falush, Stephens and Pritchard (2003)
       Code by Pritchard, Falush and Hubisz
             Version 2.3.4 (Jul 2012)
----------------------------------------------------



Command line arguments:   bin\structure -m G:\Shared drives\Emily_Schumacher\QUAC_analyses\QUAC_structure_wild_relate\QUAC_allpop_relate_red_12_15_21\50-100\mainparams -e G:\Shared drives\Emily_Schumacher\QUAC_analyses\QUAC_structure_wild_relate\QUAC_allpop_relate_red_12_15_21\50-100\extraparams 
Input File:    G:\Shared drives\Emily_Schumacher\QUAC_analyses\QUAC_structure_wild_relate\QUAC_allpop_relate_red_12_15_21\project_data

Run parameters:
   188 individuals
   15 loci
   16 populations assumed
   50000 Burn-in period
   100000 Reps


--------------------------------------------
Proportion of membership of each pre-defined
 population in each of the 16 clusters

Given    Inferred Clusters                                                                                                  Number of
 Pop       1      2      3      4      5      6      7      8      9     10     11     12     13     14     15     16      Individuals

  1:     0.009  0.010  0.006  0.008  0.010  0.004  0.007  0.005  0.007  0.014  0.008  0.009  0.007  0.874  0.006  0.015        2
  2:     0.031  0.034  0.019  0.026  0.038  0.020  0.022  0.188  0.033  0.112  0.042  0.033  0.078  0.040  0.015  0.269       17
  3:     0.046  0.051  0.010  0.039  0.053  0.027  0.072  0.014  0.029  0.214  0.036  0.047  0.097  0.056  0.064  0.147       19
  4:     0.054  0.064  0.017  0.057  0.075  0.065  0.043  0.011  0.026  0.331  0.044  0.048  0.011  0.111  0.032  0.010       10
  5:     0.015  0.013  0.007  0.014  0.015  0.027  0.010  0.005  0.012  0.014  0.013  0.014  0.264  0.009  0.009  0.559        2
  6:     0.038  0.031  0.011  0.031  0.035  0.006  0.079  0.146  0.029  0.427  0.030  0.030  0.016  0.007  0.077  0.007        2
  7:     0.053  0.052  0.009  0.060  0.062  0.009  0.037  0.010  0.107  0.005  0.100  0.054  0.264  0.009  0.044  0.126        1
  8:     0.007  0.007  0.009  0.007  0.007  0.007  0.006  0.005  0.009  0.008  0.009  0.007  0.028  0.007  0.006  0.872        1
  9:     0.136  0.094  0.070  0.110  0.089  0.005  0.078  0.005  0.092  0.008  0.056  0.144  0.054  0.005  0.048  0.004        1
 10:     0.057  0.077  0.012  0.089  0.051  0.011  0.205  0.139  0.028  0.007  0.026  0.037  0.008  0.006  0.234  0.012        6
 11:     0.056  0.057  0.022  0.057  0.057  0.043  0.105  0.087  0.039  0.109  0.039  0.051  0.115  0.015  0.109  0.039       16
 12:     0.055  0.062  0.513  0.070  0.045  0.021  0.034  0.004  0.026  0.015  0.029  0.041  0.008  0.016  0.036  0.025        1
 13:     0.041  0.046  0.018  0.036  0.054  0.408  0.034  0.012  0.026  0.166  0.032  0.046  0.014  0.025  0.027  0.014       33
 14:     0.021  0.022  0.016  0.021  0.025  0.010  0.083  0.086  0.075  0.017  0.077  0.021  0.356  0.010  0.090  0.070       21
 15:     0.021  0.019  0.009  0.020  0.020  0.014  0.015  0.026  0.031  0.020  0.032  0.021  0.012  0.714  0.015  0.009       14
 16:     0.030  0.027  0.680  0.025  0.029  0.016  0.020  0.009  0.027  0.017  0.024  0.035  0.017  0.013  0.018  0.012       35
 17:     0.132  0.107  0.024  0.123  0.104  0.010  0.075  0.007  0.096  0.017  0.067  0.148  0.010  0.010  0.057  0.012        7
--------------------------------------------

Allele-freq. divergence among pops (Net nucleotide distance),
computed using point estimates of P.

      1       2       3       4       5       6       7       8       9      10      11      12      13      14      15      16      
 1      -    0.0001  0.0307  0.0003  0.0006  0.0450  0.0070  0.0530  0.0101  0.0315  0.0101  0.0003  0.0530  0.0425  0.0084  0.0813  
 2   0.0001     -    0.0314  0.0005  0.0004  0.0435  0.0069  0.0523  0.0102  0.0307  0.0099  0.0005  0.0539  0.0423  0.0084  0.0811  
 3   0.0307  0.0314     -    0.0299  0.0323  0.0859  0.0384  0.0821  0.0390  0.0740  0.0407  0.0307  0.0760  0.0757  0.0385  0.1171  
 4   0.0003  0.0005  0.0299     -    0.0014  0.0464  0.0066  0.0519  0.0092  0.0332  0.0095  0.0010  0.0510  0.0410  0.0074  0.0800  
 5   0.0006  0.0004  0.0323  0.0014     -    0.0424  0.0077  0.0536  0.0116  0.0292  0.0108  0.0006  0.0556  0.0439  0.0096  0.0806  
 6   0.0450  0.0435  0.0859  0.0464  0.0424     -    0.0584  0.0995  0.0670  0.0571  0.0645  0.0451  0.1057  0.0892  0.0607  0.1297  
 7   0.0070  0.0069  0.0384  0.0066  0.0077  0.0584     -    0.0528  0.0147  0.0402  0.0145  0.0079  0.0587  0.0554  0.0004  0.0910  
 8   0.0530  0.0523  0.0821  0.0519  0.0536  0.0995  0.0528     -    0.0576  0.0973  0.0577  0.0546  0.1000  0.1010  0.0527  0.1401  
 9   0.0101  0.0102  0.0390  0.0092  0.0116  0.0670  0.0147  0.0576     -    0.0482  0.0004  0.0111  0.0589  0.0552  0.0149  0.0925  
10   0.0315  0.0307  0.0740  0.0332  0.0292  0.0571  0.0402  0.0973  0.0482     -    0.0466  0.0313  0.0921  0.0805  0.0425  0.1009  
11   0.0101  0.0099  0.0407  0.0095  0.0108  0.0645  0.0145  0.0577  0.0004  0.0466     -    0.0110  0.0611  0.0559  0.0151  0.0925  
12   0.0003  0.0005  0.0307  0.0010  0.0006  0.0451  0.0079  0.0546  0.0111  0.0313  0.0110     -    0.0546  0.0433  0.0097  0.0833  
13   0.0530  0.0539  0.0760  0.0510  0.0556  0.1057  0.0587  0.1000  0.0589  0.0921  0.0611  0.0546     -    0.0905  0.0576  0.0882  
14   0.0425  0.0423  0.0757  0.0410  0.0439  0.0892  0.0554  0.1010  0.0552  0.0805  0.0559  0.0433  0.0905     -    0.0559  0.1110  
15   0.0084  0.0084  0.0385  0.0074  0.0096  0.0607  0.0004  0.0527  0.0149  0.0425  0.0151  0.0097  0.0576  0.0559     -    0.0898  
16   0.0813  0.0811  0.1171  0.0800  0.0806  0.1297  0.0910  0.1401  0.0925  0.1009  0.0925  0.0833  0.0882  0.1110  0.0898     -    

Average distances (expected heterozygosity) between individuals in same cluster:
cluster  1  : 0.6383 
cluster  2  : 0.6372 
cluster  3  : 0.5343 
cluster  4  : 0.6490 
cluster  5  : 0.6258 
cluster  6  : 0.5167 
cluster  7  : 0.6331 
cluster  8  : 0.5244 
cluster  9  : 0.6471 
cluster 10  : 0.5190 
cluster 11  : 0.6414 
cluster 12  : 0.6268 
cluster 13  : 0.5115 
cluster 14  : 0.5350 
cluster 15  : 0.6400 
cluster 16  : 0.4299 

--------------------------------------------
Estimated Ln Prob of Data   = -8055.2
Mean value of ln likelihood = -6975.7
Variance of ln likelihood   = 2159.1
Mean value of alpha         = 0.0394

Mean value of Fst_1         = 0.0462
Mean value of Fst_2         = 0.0390
Mean value of Fst_3         = 0.1527
Mean value of Fst_4         = 0.0032
Mean value of Fst_5         = 0.0706
Mean value of Fst_6         = 0.2249
Mean value of Fst_7         = 0.1082
Mean value of Fst_8         = 0.2547
Mean value of Fst_9         = 0.1436
Mean value of Fst_10         = 0.2048
Mean value of Fst_11         = 0.1607
Mean value of Fst_12         = 0.0818
Mean value of Fst_13         = 0.2486
Mean value of Fst_14         = 0.2014
Mean value of Fst_15         = 0.0811
Mean value of Fst_16         = 0.4034


Inferred ancestry of individuals:
        Label (%Miss) Pop:  Inferred clusters
  1 QAc-G-0029    (0)    1 :  0.013 0.015 0.005 0.012 0.015 0.005 0.011 0.006 0.010 0.024 0.012 0.013 0.006 0.820 0.008 0.026 
  2 QAc-G-0030    (0)    1 :  0.005 0.005 0.006 0.005 0.005 0.003 0.004 0.005 0.004 0.004 0.004 0.005 0.007 0.928 0.004 0.004 
  3 QAc-G-0062    (0)    2 :  0.027 0.029 0.036 0.027 0.023 0.005 0.019 0.402 0.044 0.006 0.044 0.027 0.263 0.006 0.017 0.026 
  4 QAc-G-0063    (0)    2 :  0.034 0.038 0.016 0.032 0.032 0.019 0.025 0.010 0.024 0.029 0.030 0.032 0.056 0.006 0.022 0.594 
  5 QAc-G-0064    (0)    2 :  0.006 0.005 0.007 0.006 0.006 0.005 0.006 0.895 0.005 0.006 0.006 0.006 0.023 0.005 0.006 0.006 
  6 QAc-G-0065    (0)    2 :  0.005 0.005 0.003 0.005 0.005 0.005 0.006 0.929 0.004 0.004 0.004 0.005 0.003 0.007 0.007 0.003 
  7 QAc-G-0066    (0)    2 :  0.004 0.003 0.004 0.004 0.004 0.003 0.003 0.003 0.004 0.004 0.004 0.004 0.005 0.005 0.003 0.942 
  8 QAc-G-0067    (0)    2 :  0.013 0.015 0.006 0.015 0.017 0.009 0.011 0.822 0.011 0.013 0.010 0.018 0.004 0.016 0.014 0.005 
  9 QAc-G-0068    (0)    2 :  0.005 0.005 0.007 0.006 0.004 0.004 0.004 0.006 0.242 0.003 0.237 0.004 0.005 0.004 0.006 0.456 
 10 QAc-G-0070    (0)    2 :  0.029 0.029 0.097 0.029 0.027 0.007 0.013 0.024 0.021 0.010 0.022 0.025 0.137 0.014 0.016 0.501 
 11 QAc-G-0071   (13)    2 :  0.006 0.006 0.006 0.005 0.006 0.003 0.005 0.003 0.006 0.008 0.006 0.007 0.039 0.009 0.005 0.880 
 12 QAc-G-0072    (0)    2 :  0.005 0.004 0.006 0.005 0.005 0.004 0.004 0.004 0.005 0.006 0.005 0.005 0.004 0.005 0.004 0.928 
 13 QAc-G-0073    (0)    2 :  0.040 0.055 0.012 0.018 0.088 0.019 0.036 0.004 0.014 0.578 0.050 0.054 0.004 0.011 0.014 0.005 
 14 QAc-G-0074    (0)    2 :  0.045 0.040 0.013 0.040 0.055 0.021 0.019 0.006 0.018 0.434 0.028 0.046 0.051 0.004 0.019 0.161 
 15 QAc-G-0075    (0)    2 :  0.027 0.030 0.007 0.026 0.025 0.038 0.021 0.011 0.019 0.693 0.019 0.030 0.012 0.017 0.015 0.012 
 16 QAc-G-0076    (0)    2 :  0.098 0.126 0.007 0.049 0.178 0.089 0.078 0.030 0.029 0.076 0.092 0.094 0.005 0.009 0.031 0.010 
 17 QAc-G-0080    (0)    2 :  0.049 0.055 0.006 0.058 0.043 0.004 0.029 0.026 0.037 0.014 0.025 0.053 0.019 0.543 0.028 0.010 
 18 QAc-G-0081    (0)    2 :  0.107 0.114 0.074 0.102 0.109 0.013 0.086 0.007 0.072 0.005 0.116 0.126 0.012 0.008 0.044 0.005 
 19 QAc-G-0083    (0)    2 :  0.023 0.018 0.011 0.016 0.019 0.087 0.012 0.013 0.010 0.023 0.012 0.018 0.685 0.016 0.010 0.029 
 20 QAc-G-0285    (0)    3 :  0.007 0.007 0.007 0.007 0.007 0.005 0.009 0.004 0.007 0.005 0.008 0.007 0.828 0.012 0.008 0.072 
 21 QAc-G-0287    (0)    3 :  0.003 0.003 0.004 0.003 0.003 0.003 0.003 0.003 0.003 0.004 0.003 0.003 0.005 0.003 0.003 0.951 
 22 QAc-G-0288    (6)    3 :  0.008 0.007 0.010 0.007 0.006 0.008 0.007 0.005 0.008 0.007 0.008 0.007 0.005 0.016 0.007 0.886 
 23 QAc-G-0292    (0)    3 :  0.011 0.011 0.010 0.010 0.012 0.005 0.009 0.006 0.013 0.006 0.010 0.012 0.727 0.005 0.009 0.144 
 24 QAc-G-0294    (0)    3 :  0.085 0.137 0.005 0.044 0.181 0.046 0.108 0.017 0.040 0.051 0.128 0.111 0.004 0.015 0.024 0.005 
 25 QAc-G-0295    (0)    3 :  0.065 0.092 0.005 0.025 0.051 0.033 0.037 0.021 0.033 0.453 0.039 0.067 0.024 0.021 0.017 0.016 
 26 QAc-G-0296    (0)    3 :  0.040 0.055 0.007 0.022 0.109 0.041 0.037 0.036 0.021 0.506 0.040 0.046 0.012 0.005 0.016 0.007 
 27 QAc-G-0297    (0)    3 :  0.102 0.102 0.007 0.127 0.085 0.037 0.050 0.003 0.045 0.220 0.039 0.101 0.004 0.006 0.068 0.003 
 28 QAc-G-0298    (6)    3 :  0.022 0.028 0.005 0.016 0.020 0.010 0.016 0.009 0.017 0.777 0.013 0.020 0.017 0.016 0.010 0.004 
 29 QAc-G-0299    (0)    3 :  0.017 0.023 0.004 0.012 0.018 0.117 0.014 0.005 0.010 0.722 0.012 0.015 0.005 0.005 0.011 0.010 
 30 QAc-G-0300    (0)    3 :  0.050 0.069 0.019 0.028 0.105 0.096 0.049 0.037 0.028 0.392 0.050 0.047 0.004 0.005 0.017 0.005 
 31 QAc-G-0301    (0)    3 :  0.012 0.012 0.005 0.010 0.011 0.018 0.008 0.040 0.007 0.820 0.007 0.011 0.010 0.008 0.009 0.012 
 32 QAc-G-0302    (0)    3 :  0.019 0.019 0.005 0.018 0.017 0.023 0.389 0.004 0.019 0.011 0.018 0.024 0.006 0.005 0.418 0.005 
 33 QAc-G-0303    (0)    3 :  0.019 0.020 0.026 0.021 0.020 0.004 0.378 0.011 0.028 0.004 0.028 0.017 0.014 0.008 0.398 0.005 
 34 QAc-G-0305    (0)    3 :  0.022 0.021 0.012 0.022 0.018 0.004 0.022 0.006 0.033 0.006 0.031 0.022 0.097 0.022 0.024 0.636 
 35 QAc-G-0307    (0)    3 :  0.011 0.010 0.020 0.011 0.010 0.006 0.008 0.006 0.010 0.007 0.008 0.012 0.010 0.858 0.010 0.004 
 36 QAc-G-0313    (0)    3 :  0.117 0.126 0.013 0.149 0.114 0.008 0.068 0.017 0.075 0.007 0.068 0.093 0.053 0.010 0.071 0.010 
 37 QAc-G-0314    (0)    3 :  0.138 0.129 0.011 0.114 0.094 0.027 0.080 0.010 0.066 0.051 0.085 0.117 0.003 0.010 0.060 0.004 
 38 QAc-G-0316    (0)    3 :  0.129 0.093 0.022 0.095 0.118 0.015 0.082 0.014 0.096 0.007 0.081 0.163 0.007 0.025 0.043 0.010 
 39 QAc-G-0033    (0)    4 :  0.010 0.012 0.007 0.008 0.016 0.149 0.011 0.012 0.009 0.721 0.008 0.014 0.004 0.007 0.007 0.006 
 40 QAc-G-0034    (0)    4 :  0.012 0.011 0.014 0.011 0.012 0.010 0.009 0.008 0.008 0.837 0.008 0.011 0.005 0.028 0.011 0.005 
 41 QAc-G-0035    (0)    4 :  0.050 0.078 0.006 0.036 0.110 0.388 0.063 0.023 0.022 0.024 0.074 0.062 0.015 0.013 0.021 0.015 
 42 QAc-G-0036    (0)    4 :  0.011 0.012 0.007 0.010 0.012 0.008 0.007 0.012 0.008 0.862 0.008 0.012 0.007 0.006 0.008 0.012 
 43 QAc-G-0039    (0)    4 :  0.085 0.129 0.011 0.048 0.165 0.023 0.124 0.007 0.037 0.027 0.154 0.117 0.004 0.031 0.029 0.010 
 44 QAc-G-0040    (0)    4 :  0.091 0.114 0.079 0.073 0.156 0.036 0.082 0.009 0.036 0.055 0.064 0.090 0.042 0.011 0.042 0.019 
 45 QAc-G-0045    (0)    4 :  0.023 0.013 0.005 0.007 0.069 0.022 0.008 0.007 0.006 0.770 0.015 0.023 0.004 0.012 0.006 0.009 
 46 QAc-G-0050    (0)    4 :  0.116 0.113 0.012 0.168 0.088 0.004 0.065 0.006 0.080 0.004 0.070 0.062 0.015 0.095 0.089 0.012 
 47 QAc-G-0052    (0)    4 :  0.011 0.011 0.007 0.011 0.011 0.005 0.008 0.020 0.009 0.006 0.008 0.014 0.004 0.861 0.008 0.004 
 48 QAc-G-0056    (0)    4 :  0.132 0.150 0.026 0.200 0.108 0.007 0.052 0.009 0.046 0.008 0.032 0.073 0.007 0.045 0.099 0.007 
 49 QAc-G-0276    (0)    5 :  0.014 0.011 0.005 0.012 0.015 0.022 0.010 0.003 0.011 0.016 0.011 0.015 0.515 0.010 0.008 0.322 
 50 QAc-G-0280    (6)    5 :  0.016 0.014 0.008 0.016 0.015 0.032 0.011 0.006 0.013 0.012 0.015 0.013 0.014 0.009 0.011 0.795 
 51 QAc-G-0018    (0)    6 :  0.011 0.013 0.006 0.011 0.013 0.008 0.015 0.007 0.015 0.839 0.017 0.012 0.004 0.011 0.014 0.006 
 52 QAc-G-0017    (0)    6 :  0.064 0.048 0.015 0.051 0.057 0.005 0.144 0.286 0.043 0.015 0.043 0.048 0.029 0.004 0.140 0.009 
 53 QAc-G-0250    (0)    7 :  0.053 0.052 0.009 0.060 0.062 0.009 0.037 0.010 0.107 0.005 0.100 0.054 0.264 0.009 0.044 0.126 
 54 QAc-G-0003    (6)    8 :  0.007 0.007 0.009 0.007 0.007 0.007 0.006 0.005 0.009 0.008 0.009 0.007 0.028 0.007 0.006 0.872 
 55 QAc-G-0283    (0)    9 :  0.136 0.094 0.070 0.110 0.089 0.005 0.078 0.005 0.092 0.008 0.056 0.144 0.054 0.005 0.048 0.004 
 56 QAc-G-0255    (0)   10 :  0.047 0.041 0.007 0.040 0.043 0.028 0.299 0.008 0.034 0.008 0.043 0.051 0.006 0.004 0.333 0.005 
 57 QAc-G-0256    (0)   10 :  0.007 0.007 0.004 0.008 0.008 0.009 0.422 0.019 0.008 0.008 0.008 0.007 0.014 0.006 0.448 0.017 
 58 QAc-G-0257    (0)   10 :  0.018 0.022 0.016 0.023 0.015 0.003 0.364 0.077 0.011 0.006 0.013 0.015 0.006 0.011 0.397 0.003 
 59 QAc-G-0259    (0)   10 :  0.115 0.219 0.006 0.274 0.097 0.009 0.048 0.003 0.042 0.003 0.027 0.037 0.003 0.003 0.112 0.003 
 60 QAc-G-0260    (0)   10 :  0.099 0.122 0.032 0.136 0.094 0.011 0.060 0.161 0.034 0.009 0.034 0.062 0.016 0.008 0.079 0.042 
 61 QAc-G-0261    (0)   10 :  0.055 0.052 0.005 0.054 0.048 0.005 0.034 0.568 0.036 0.011 0.030 0.050 0.006 0.006 0.035 0.004 
 62 QAc-G-0109    (0)   11 :  0.071 0.064 0.021 0.081 0.055 0.005 0.235 0.057 0.044 0.018 0.027 0.054 0.010 0.015 0.238 0.005 
 63 QAc-G-0113    (0)   11 :  0.029 0.022 0.007 0.033 0.023 0.006 0.304 0.022 0.059 0.013 0.076 0.019 0.053 0.020 0.303 0.011 
 64 QAc-G-0114    (0)   11 :  0.030 0.032 0.006 0.039 0.030 0.096 0.313 0.004 0.019 0.025 0.020 0.024 0.008 0.007 0.335 0.011 
 65 QAc-G-0117    (0)   11 :  0.078 0.070 0.008 0.061 0.100 0.042 0.098 0.082 0.069 0.064 0.085 0.078 0.054 0.014 0.090 0.007 
 66 QAc-G-0120    (0)   11 :  0.081 0.115 0.010 0.138 0.082 0.012 0.164 0.008 0.043 0.013 0.034 0.072 0.010 0.008 0.205 0.004 
 67 QAc-G-0125    (0)   11 :  0.026 0.024 0.028 0.029 0.021 0.005 0.022 0.652 0.018 0.004 0.016 0.022 0.055 0.036 0.024 0.016 
 68 QAc-G-0141    (0)   11 :  0.093 0.094 0.018 0.084 0.120 0.015 0.082 0.023 0.082 0.037 0.089 0.122 0.017 0.029 0.076 0.020 
 69 QAc-G-0143    (0)   11 :  0.165 0.121 0.004 0.148 0.125 0.004 0.068 0.003 0.091 0.008 0.036 0.126 0.004 0.006 0.085 0.006 
 70 QAc-G-0147    (0)   11 :  0.042 0.048 0.070 0.051 0.037 0.009 0.063 0.409 0.041 0.030 0.040 0.037 0.042 0.009 0.068 0.005 
 71 QAc-G-0174    (0)   11 :  0.005 0.005 0.004 0.005 0.006 0.005 0.005 0.004 0.005 0.007 0.005 0.005 0.870 0.006 0.004 0.059 
 72 QAc-G-0182    (0)   11 :  0.006 0.006 0.004 0.007 0.006 0.004 0.006 0.011 0.005 0.005 0.006 0.005 0.677 0.003 0.006 0.243 
 73 QAc-G-0188    (0)   11 :  0.059 0.059 0.005 0.060 0.062 0.018 0.158 0.007 0.031 0.008 0.057 0.062 0.014 0.004 0.192 0.204 
 74 QAc-G-0229    (0)   11 :  0.011 0.011 0.012 0.011 0.011 0.007 0.009 0.004 0.009 0.868 0.008 0.011 0.009 0.006 0.009 0.005 
 75 QAc-G-0233    (0)   11 :  0.085 0.082 0.113 0.086 0.063 0.336 0.029 0.011 0.031 0.013 0.022 0.041 0.004 0.038 0.039 0.006 
 76 QAc-G-0237    (0)   11 :  0.032 0.046 0.013 0.022 0.030 0.029 0.031 0.052 0.025 0.613 0.023 0.027 0.007 0.019 0.023 0.009 
 77 QAc-G-0243    (0)   11 :  0.090 0.122 0.026 0.060 0.144 0.096 0.088 0.050 0.051 0.016 0.088 0.102 0.008 0.013 0.042 0.004 
 78 QAc-G-0249    (0)   12 :  0.055 0.062 0.513 0.070 0.045 0.021 0.034 0.004 0.026 0.015 0.029 0.041 0.008 0.016 0.036 0.025 
 79 QAc-W-0001    (0)   13 :  0.009 0.010 0.005 0.008 0.010 0.848 0.011 0.013 0.007 0.043 0.006 0.008 0.003 0.005 0.010 0.003 
 80 QAc-W-0002    (0)   13 :  0.033 0.034 0.013 0.024 0.047 0.017 0.027 0.004 0.017 0.650 0.025 0.035 0.008 0.006 0.023 0.037 
 81 QAc-W-0003    (0)   13 :  0.015 0.015 0.005 0.014 0.016 0.773 0.015 0.012 0.012 0.021 0.013 0.017 0.025 0.022 0.017 0.008 
 82 QAc-W-0004    (0)   13 :  0.005 0.006 0.004 0.005 0.007 0.907 0.006 0.004 0.004 0.017 0.005 0.006 0.004 0.007 0.004 0.008 
 83 QAc-W-0005    (0)   13 :  0.007 0.007 0.007 0.007 0.007 0.907 0.007 0.005 0.005 0.008 0.006 0.008 0.006 0.004 0.006 0.005 
 84 QAc-W-0007   (13)   13 :  0.008 0.008 0.007 0.007 0.010 0.892 0.007 0.006 0.006 0.014 0.007 0.008 0.005 0.005 0.007 0.005 
 85 QAc-W-0008    (6)   13 :  0.032 0.033 0.012 0.039 0.028 0.702 0.018 0.004 0.023 0.017 0.023 0.028 0.007 0.004 0.023 0.006 
 86 QAc-W-0009    (0)   13 :  0.077 0.101 0.024 0.061 0.076 0.022 0.147 0.011 0.042 0.122 0.052 0.063 0.007 0.010 0.163 0.019 
 87 QAc-W-0010    (0)   13 :  0.021 0.023 0.030 0.017 0.031 0.698 0.021 0.034 0.017 0.011 0.020 0.025 0.018 0.005 0.020 0.008 
 88 QAc-W-0011    (0)   13 :  0.051 0.066 0.007 0.046 0.075 0.410 0.043 0.011 0.021 0.073 0.048 0.055 0.016 0.016 0.023 0.039 
 89 QAc-W-0012    (0)   13 :  0.020 0.025 0.014 0.023 0.025 0.643 0.018 0.010 0.017 0.115 0.020 0.021 0.006 0.012 0.017 0.014 
 90 QAc-W-0013    (0)   13 :  0.058 0.077 0.006 0.035 0.151 0.013 0.073 0.009 0.021 0.205 0.063 0.070 0.007 0.150 0.045 0.016 
 91 QAc-W-0014    (0)   13 :  0.011 0.012 0.016 0.010 0.016 0.841 0.008 0.005 0.010 0.019 0.009 0.014 0.010 0.005 0.008 0.004 
 92 QAc-W-0015    (0)   13 :  0.043 0.038 0.017 0.023 0.114 0.012 0.031 0.004 0.020 0.419 0.037 0.060 0.135 0.015 0.015 0.017 
 93 QAc-W-0017    (0)   13 :  0.104 0.101 0.047 0.090 0.121 0.012 0.064 0.006 0.082 0.050 0.050 0.139 0.046 0.025 0.054 0.010 
 94 QAc-W-0018    (0)   13 :  0.057 0.059 0.010 0.053 0.057 0.420 0.046 0.016 0.048 0.020 0.053 0.066 0.004 0.041 0.046 0.005 
 95 QAc-W-0020    (0)   13 :  0.023 0.021 0.004 0.019 0.019 0.801 0.013 0.010 0.016 0.007 0.015 0.025 0.005 0.004 0.013 0.004 
 96 QAc-W-0021    (0)   13 :  0.063 0.073 0.009 0.066 0.063 0.327 0.045 0.009 0.035 0.016 0.044 0.070 0.003 0.121 0.044 0.012 
 97 QAc-W-0022    (0)   13 :  0.097 0.113 0.029 0.070 0.144 0.020 0.073 0.008 0.044 0.117 0.087 0.109 0.029 0.012 0.034 0.015 
 98 QAc-W-0023    (6)   13 :  0.085 0.110 0.033 0.061 0.086 0.101 0.082 0.037 0.032 0.144 0.069 0.086 0.005 0.022 0.042 0.003 
 99 QAc-W-0024    (0)   13 :  0.056 0.042 0.010 0.048 0.064 0.382 0.033 0.006 0.037 0.022 0.028 0.083 0.005 0.099 0.028 0.057 
100 QAc-W-0025    (0)   13 :  0.028 0.031 0.011 0.029 0.035 0.350 0.017 0.005 0.021 0.379 0.015 0.034 0.004 0.019 0.015 0.008 
101 QAc-W-0026    (0)   13 :  0.037 0.041 0.029 0.044 0.035 0.462 0.018 0.024 0.022 0.059 0.021 0.030 0.016 0.080 0.031 0.052 
102 QAc-W-0027    (0)   13 :  0.016 0.015 0.011 0.015 0.013 0.082 0.014 0.004 0.015 0.759 0.012 0.015 0.004 0.005 0.014 0.005 
103 QAc-W-0028    (0)   13 :  0.030 0.036 0.010 0.024 0.041 0.596 0.020 0.004 0.021 0.129 0.020 0.034 0.009 0.004 0.013 0.008 
104 QAc-W-0029    (0)   13 :  0.060 0.078 0.004 0.020 0.097 0.268 0.064 0.020 0.032 0.208 0.059 0.057 0.004 0.008 0.018 0.004 
105 QAc-W-0032    (0)   13 :  0.010 0.014 0.008 0.008 0.014 0.844 0.009 0.023 0.008 0.024 0.008 0.013 0.003 0.006 0.006 0.003 
106 QAc-W-0033    (0)   13 :  0.086 0.117 0.022 0.131 0.096 0.157 0.042 0.027 0.073 0.019 0.074 0.069 0.009 0.014 0.059 0.004 
107 QAc-W-0035    (0)   13 :  0.046 0.061 0.023 0.044 0.052 0.119 0.030 0.008 0.034 0.420 0.035 0.049 0.014 0.020 0.024 0.020 
108 QAc-W-0037    (0)   13 :  0.011 0.012 0.007 0.012 0.013 0.024 0.009 0.017 0.010 0.823 0.013 0.013 0.006 0.014 0.008 0.008 
109 QAc-W-0038    (0)   13 :  0.083 0.082 0.010 0.070 0.094 0.149 0.061 0.012 0.071 0.103 0.047 0.131 0.035 0.007 0.035 0.009 
110 QAc-W-0040    (0)   13 :  0.018 0.023 0.150 0.025 0.018 0.630 0.012 0.023 0.013 0.016 0.012 0.016 0.010 0.013 0.012 0.010 
111 QAc-W-0041    (0)   13 :  0.049 0.044 0.010 0.033 0.102 0.041 0.033 0.005 0.025 0.412 0.060 0.062 0.006 0.058 0.029 0.032 
112 QAc-W-0042    (0)   14 :  0.024 0.022 0.005 0.016 0.045 0.006 0.186 0.297 0.035 0.015 0.043 0.021 0.011 0.017 0.223 0.035 
113 QAc-W-0044    (0)   14 :  0.049 0.068 0.029 0.024 0.143 0.009 0.084 0.149 0.032 0.086 0.067 0.074 0.083 0.005 0.054 0.044 
114 QAc-W-0045    (0)   14 :  0.017 0.014 0.005 0.016 0.013 0.006 0.367 0.032 0.038 0.013 0.040 0.012 0.007 0.008 0.401 0.011 
115 QAc-W-0048    (0)   14 :  0.029 0.023 0.006 0.031 0.022 0.010 0.339 0.070 0.014 0.013 0.014 0.018 0.006 0.016 0.384 0.005 
116 QAc-W-0050    (0)   14 :  0.020 0.018 0.011 0.021 0.022 0.004 0.085 0.020 0.330 0.008 0.325 0.019 0.006 0.006 0.097 0.008 
117 QAc-W-0051    (0)   14 :  0.014 0.014 0.005 0.013 0.015 0.007 0.034 0.088 0.351 0.006 0.351 0.011 0.034 0.014 0.036 0.006 
118 QAc-W-0052    (0)   14 :  0.005 0.005 0.004 0.005 0.006 0.009 0.006 0.922 0.004 0.005 0.004 0.005 0.006 0.003 0.006 0.006 
119 QAc-W-0053    (0)   14 :  0.012 0.013 0.007 0.012 0.017 0.009 0.412 0.018 0.014 0.008 0.015 0.011 0.009 0.005 0.434 0.005 
120 QAc-W-0054    (0)   14 :  0.067 0.073 0.020 0.078 0.063 0.009 0.047 0.079 0.127 0.010 0.121 0.068 0.068 0.008 0.061 0.101 
121 QAc-W-0056    (0)   14 :  0.056 0.068 0.009 0.073 0.054 0.046 0.035 0.008 0.219 0.067 0.223 0.064 0.010 0.012 0.046 0.008 
122 QAc-W-0057    (0)   14 :  0.029 0.030 0.012 0.037 0.026 0.007 0.056 0.011 0.288 0.016 0.292 0.024 0.082 0.028 0.055 0.007 
123 QAc-W-0060    (0)   14 :  0.007 0.008 0.006 0.008 0.006 0.003 0.006 0.034 0.006 0.018 0.005 0.006 0.867 0.004 0.006 0.009 
124 QAc-W-0061    (0)   14 :  0.030 0.024 0.046 0.030 0.025 0.013 0.024 0.006 0.026 0.030 0.022 0.025 0.649 0.012 0.023 0.014 
125 QAc-W-0062    (0)   14 :  0.004 0.004 0.005 0.004 0.004 0.003 0.004 0.008 0.004 0.004 0.004 0.004 0.931 0.005 0.004 0.006 
126 QAc-W-0063    (0)   14 :  0.012 0.012 0.010 0.014 0.012 0.016 0.009 0.026 0.008 0.007 0.010 0.011 0.800 0.020 0.010 0.022 
127 QAc-W-0064    (0)   14 :  0.008 0.008 0.008 0.009 0.007 0.010 0.007 0.005 0.008 0.005 0.007 0.008 0.879 0.007 0.007 0.018 
128 QAc-W-0065    (0)   14 :  0.019 0.016 0.015 0.018 0.015 0.009 0.015 0.007 0.025 0.014 0.023 0.022 0.766 0.011 0.014 0.010 
129 QAc-W-0066    (0)   14 :  0.003 0.003 0.003 0.003 0.003 0.003 0.003 0.003 0.003 0.004 0.003 0.003 0.004 0.004 0.003 0.951 
130 QAc-W-0072    (0)   14 :  0.014 0.015 0.107 0.016 0.012 0.016 0.010 0.004 0.030 0.005 0.022 0.013 0.708 0.011 0.011 0.006 
131 QAc-W-0073    (0)   14 :  0.015 0.012 0.007 0.012 0.016 0.007 0.015 0.008 0.012 0.009 0.014 0.015 0.831 0.008 0.012 0.006 
132 QAc-W-0077    (0)   14 :  0.007 0.006 0.005 0.006 0.006 0.006 0.007 0.005 0.007 0.006 0.007 0.006 0.723 0.004 0.007 0.192 
133 QAc-W-0078    (0)   15 :  0.038 0.037 0.019 0.043 0.031 0.013 0.018 0.016 0.019 0.022 0.019 0.030 0.007 0.630 0.023 0.032 
134 QAc-W-0079    (6)   15 :  0.006 0.006 0.006 0.006 0.006 0.006 0.007 0.003 0.006 0.007 0.006 0.005 0.004 0.907 0.006 0.012 
135 QAc-W-0081    (0)   15 :  0.007 0.007 0.004 0.006 0.007 0.009 0.005 0.009 0.005 0.005 0.006 0.007 0.008 0.905 0.005 0.004 
136 QAc-W-0082    (0)   15 :  0.006 0.006 0.004 0.007 0.006 0.003 0.008 0.003 0.251 0.006 0.250 0.006 0.005 0.425 0.010 0.005 
137 QAc-W-0083    (0)   15 :  0.009 0.009 0.010 0.008 0.008 0.008 0.008 0.009 0.010 0.007 0.012 0.009 0.033 0.845 0.008 0.007 
138 QAc-W-0086    (0)   15 :  0.008 0.008 0.009 0.008 0.009 0.007 0.007 0.005 0.011 0.008 0.012 0.009 0.005 0.874 0.007 0.014 
139 QAc-W-0087    (0)   15 :  0.006 0.006 0.008 0.005 0.006 0.004 0.007 0.003 0.006 0.005 0.005 0.006 0.003 0.918 0.007 0.005 
140 QAc-W-0088    (0)   15 :  0.018 0.017 0.007 0.020 0.014 0.006 0.015 0.005 0.012 0.011 0.014 0.019 0.006 0.814 0.015 0.006 
141 QAc-W-0092    (0)   15 :  0.029 0.029 0.010 0.029 0.038 0.027 0.021 0.019 0.013 0.097 0.016 0.037 0.006 0.597 0.021 0.011 
142 QAc-W-0093    (0)   15 :  0.029 0.023 0.014 0.027 0.028 0.028 0.019 0.008 0.021 0.018 0.021 0.030 0.005 0.708 0.018 0.003 
143 QAc-W-0094    (0)   15 :  0.051 0.042 0.009 0.050 0.037 0.049 0.040 0.248 0.029 0.009 0.025 0.051 0.048 0.277 0.029 0.006 
144 QAc-W-0097    (0)   15 :  0.032 0.031 0.005 0.028 0.034 0.026 0.025 0.014 0.021 0.064 0.021 0.037 0.007 0.626 0.021 0.007 
145 QAc-W-0099    (0)   15 :  0.048 0.042 0.017 0.040 0.043 0.004 0.031 0.016 0.027 0.010 0.031 0.042 0.005 0.609 0.029 0.005 
146 QAc-W-0107    (0)   15 :  0.010 0.008 0.006 0.008 0.009 0.006 0.006 0.007 0.009 0.006 0.008 0.009 0.032 0.856 0.007 0.012 
147 QAc-W-0115    (0)   16 :  0.014 0.014 0.831 0.013 0.012 0.012 0.009 0.006 0.011 0.020 0.008 0.021 0.007 0.009 0.008 0.005 
148 QAc-W-0116    (0)   16 :  0.037 0.028 0.670 0.035 0.037 0.008 0.025 0.015 0.028 0.018 0.021 0.038 0.005 0.006 0.027 0.003 
149 QAc-W-0117    (0)   16 :  0.012 0.011 0.869 0.010 0.011 0.005 0.012 0.004 0.013 0.008 0.009 0.014 0.004 0.003 0.011 0.004 
150 QAc-W-0118    (0)   16 :  0.016 0.014 0.763 0.018 0.014 0.008 0.012 0.006 0.014 0.006 0.011 0.024 0.020 0.023 0.011 0.042 
151 QAc-W-0119    (0)   16 :  0.023 0.027 0.753 0.028 0.023 0.006 0.016 0.007 0.021 0.007 0.021 0.026 0.004 0.007 0.015 0.017 
152 QAc-W-0120    (0)   16 :  0.033 0.030 0.685 0.041 0.028 0.010 0.020 0.005 0.028 0.009 0.016 0.032 0.009 0.010 0.025 0.020 
153 QAc-W-0121    (0)   16 :  0.015 0.016 0.735 0.017 0.022 0.007 0.010 0.003 0.025 0.006 0.026 0.017 0.010 0.004 0.013 0.074 
154 QAc-W-0122    (0)   16 :  0.043 0.046 0.525 0.034 0.050 0.022 0.031 0.004 0.068 0.006 0.038 0.091 0.007 0.006 0.024 0.004 
155 QAc-W-0123    (6)   16 :  0.030 0.024 0.718 0.023 0.025 0.004 0.019 0.019 0.026 0.014 0.017 0.035 0.009 0.010 0.018 0.008 
156 QAc-W-0124    (0)   16 :  0.030 0.020 0.503 0.018 0.025 0.018 0.011 0.007 0.040 0.048 0.015 0.046 0.105 0.088 0.015 0.012 
157 QAc-W-0125    (0)   16 :  0.013 0.012 0.831 0.014 0.011 0.008 0.011 0.008 0.013 0.012 0.009 0.015 0.005 0.019 0.011 0.008 
158 QAc-W-0132    (6)   16 :  0.037 0.028 0.578 0.030 0.026 0.016 0.017 0.020 0.021 0.039 0.018 0.033 0.029 0.035 0.018 0.054 
159 QAc-W-0134    (0)   16 :  0.007 0.006 0.912 0.006 0.006 0.004 0.006 0.006 0.006 0.007 0.005 0.007 0.007 0.006 0.006 0.005 
160 QAc-W-0135    (0)   16 :  0.021 0.022 0.615 0.023 0.024 0.106 0.016 0.004 0.019 0.023 0.017 0.037 0.032 0.010 0.015 0.017 
161 QAc-W-0136    (0)   16 :  0.008 0.008 0.906 0.007 0.008 0.005 0.006 0.007 0.006 0.005 0.006 0.008 0.005 0.005 0.006 0.003 
162 QAc-W-0138    (0)   16 :  0.008 0.009 0.897 0.007 0.010 0.007 0.007 0.006 0.007 0.006 0.009 0.009 0.005 0.003 0.006 0.004 
163 QAc-W-0140    (0)   16 :  0.021 0.022 0.748 0.017 0.026 0.009 0.027 0.004 0.019 0.018 0.021 0.029 0.005 0.006 0.023 0.005 
164 QAc-W-0141    (6)   16 :  0.093 0.095 0.113 0.061 0.107 0.018 0.078 0.008 0.069 0.046 0.093 0.131 0.009 0.007 0.042 0.028 
165 QAc-W-0142    (0)   16 :  0.007 0.006 0.895 0.007 0.007 0.004 0.006 0.004 0.010 0.004 0.009 0.007 0.012 0.005 0.006 0.012 
166 QAc-W-0143    (0)   16 :  0.013 0.013 0.827 0.016 0.016 0.007 0.012 0.006 0.013 0.005 0.011 0.012 0.005 0.031 0.011 0.004 
167 QAc-W-0145    (0)   16 :  0.012 0.013 0.848 0.012 0.012 0.004 0.010 0.004 0.023 0.005 0.008 0.025 0.007 0.004 0.010 0.003 
168 QAc-W-0148    (0)   16 :  0.007 0.007 0.899 0.006 0.008 0.007 0.006 0.007 0.007 0.012 0.006 0.009 0.007 0.004 0.006 0.004 
169 QAc-W-0149    (0)   16 :  0.088 0.078 0.261 0.055 0.112 0.013 0.054 0.033 0.053 0.007 0.080 0.099 0.016 0.012 0.033 0.005 
170 QAc-W-0150    (0)   16 :  0.057 0.057 0.346 0.038 0.077 0.085 0.032 0.017 0.046 0.037 0.054 0.082 0.008 0.029 0.030 0.006 
171 QAc-W-0151    (0)   16 :  0.019 0.019 0.755 0.018 0.015 0.011 0.011 0.006 0.020 0.055 0.011 0.028 0.006 0.010 0.013 0.004 
172 QAc-W-0152    (0)   16 :  0.013 0.010 0.807 0.012 0.011 0.006 0.010 0.006 0.022 0.010 0.011 0.025 0.036 0.005 0.011 0.006 
173 QAc-W-0153    (0)   16 :  0.141 0.103 0.015 0.077 0.104 0.006 0.090 0.004 0.111 0.023 0.076 0.153 0.022 0.024 0.048 0.006 
174 QAc-W-0154    (0)   16 :  0.027 0.024 0.721 0.031 0.028 0.054 0.016 0.004 0.015 0.009 0.017 0.025 0.004 0.006 0.017 0.004 
175 QAc-W-0157    (0)   16 :  0.053 0.039 0.596 0.056 0.036 0.005 0.024 0.026 0.025 0.020 0.022 0.034 0.017 0.005 0.029 0.012 
176 QAc-W-0158    (0)   16 :  0.030 0.026 0.602 0.019 0.037 0.045 0.019 0.008 0.013 0.075 0.020 0.030 0.009 0.030 0.012 0.026 
177 QAc-W-0159    (0)   16 :  0.010 0.009 0.884 0.009 0.009 0.009 0.007 0.008 0.009 0.007 0.009 0.009 0.004 0.007 0.007 0.004 
178 QAc-W-0160    (0)   16 :  0.026 0.027 0.753 0.028 0.022 0.024 0.015 0.004 0.011 0.021 0.015 0.022 0.005 0.008 0.017 0.004 
179 QAc-W-0162    (0)   16 :  0.016 0.014 0.707 0.017 0.014 0.004 0.022 0.016 0.030 0.004 0.022 0.016 0.085 0.007 0.021 0.006 
180 QAc-W-0163    (0)   16 :  0.027 0.034 0.584 0.038 0.027 0.006 0.030 0.010 0.080 0.008 0.078 0.024 0.009 0.005 0.033 0.007 
181 QAc-W-0164    (0)   16 :  0.035 0.034 0.648 0.039 0.025 0.007 0.017 0.010 0.022 0.007 0.020 0.028 0.066 0.011 0.023 0.009 
182 QAc-W-0167    (0)   17 :  0.152 0.086 0.007 0.067 0.102 0.006 0.089 0.006 0.131 0.006 0.075 0.198 0.009 0.019 0.040 0.006 
183 QAc-W-0168    (0)   17 :  0.110 0.109 0.118 0.128 0.092 0.010 0.053 0.007 0.063 0.016 0.051 0.085 0.020 0.015 0.075 0.047 
184 QAc-W-0169    (0)   17 :  0.147 0.119 0.005 0.191 0.092 0.019 0.065 0.004 0.080 0.014 0.065 0.099 0.010 0.004 0.073 0.011 
185 QAc-W-0170    (0)   17 :  0.114 0.118 0.011 0.146 0.105 0.011 0.071 0.005 0.086 0.054 0.067 0.131 0.006 0.007 0.063 0.003 
186 QAc-W-0172    (0)   17 :  0.107 0.142 0.007 0.194 0.133 0.009 0.055 0.017 0.058 0.010 0.063 0.110 0.003 0.009 0.081 0.002 
187 QAc-W-0173    (0)   17 :  0.149 0.085 0.013 0.064 0.104 0.013 0.097 0.005 0.119 0.013 0.075 0.212 0.011 0.007 0.030 0.004 
188 QAc-W-0174    (0)   17 :  0.148 0.089 0.009 0.069 0.103 0.005 0.093 0.004 0.132 0.009 0.072 0.201 0.011 0.006 0.040 0.009 


Estimated Allele Frequencies in each cluster
First column gives estimated ancestral frequencies


Locus 1 : 
18 alleles
0.0% missing data
 210   (0.113) 0.111 0.112 0.184 0.114 0.104 0.017 0.186 0.031 0.104 0.070 0.103 0.108 0.023 0.150 0.187 0.007 
 212   (0.118) 0.123 0.123 0.070 0.119 0.122 0.050 0.083 0.024 0.112 0.396 0.114 0.130 0.016 0.272 0.077 0.198 
 202   (0.057) 0.052 0.052 0.006 0.057 0.046 0.067 0.033 0.307 0.037 0.035 0.035 0.046 0.007 0.139 0.037 0.003 
 226   (0.044) 0.036 0.035 0.004 0.044 0.031 0.005 0.029 0.219 0.034 0.005 0.031 0.030 0.133 0.015 0.032 0.242 
 216   (0.080) 0.071 0.072 0.137 0.079 0.063 0.019 0.060 0.174 0.052 0.010 0.050 0.060 0.059 0.168 0.063 0.005 
 200   (0.236) 0.277 0.285 0.147 0.236 0.339 0.512 0.253 0.121 0.203 0.388 0.237 0.303 0.134 0.088 0.218 0.511 
 224   (0.042) 0.044 0.044 0.005 0.043 0.051 0.008 0.028 0.010 0.034 0.024 0.032 0.046 0.257 0.012 0.026 0.004 
 218   (0.054) 0.047 0.048 0.158 0.054 0.041 0.086 0.028 0.010 0.045 0.011 0.042 0.044 0.017 0.105 0.033 0.004 
 228   (0.012) 0.008 0.009 0.001 0.012 0.008 0.001 0.005 0.002 0.005 0.001 0.005 0.007 0.125 0.001 0.007 0.001 
 214   (0.062) 0.057 0.055 0.019 0.062 0.049 0.007 0.104 0.041 0.252 0.007 0.249 0.054 0.208 0.008 0.114 0.013 
 208   (0.064) 0.071 0.066 0.006 0.065 0.062 0.211 0.076 0.019 0.052 0.039 0.045 0.079 0.008 0.026 0.077 0.005 
 220   (0.031) 0.033 0.028 0.009 0.032 0.026 0.003 0.020 0.006 0.022 0.006 0.020 0.033 0.004 0.004 0.019 0.002 
 196   (0.011) 0.010 0.009 0.001 0.011 0.008 0.001 0.005 0.002 0.006 0.001 0.005 0.007 0.001 0.002 0.007 0.001 
 238   (0.011) 0.011 0.010 0.001 0.011 0.008 0.001 0.006 0.002 0.008 0.001 0.006 0.010 0.001 0.001 0.006 0.001 
 206   (0.020) 0.015 0.016 0.027 0.019 0.014 0.003 0.037 0.004 0.010 0.002 0.010 0.013 0.002 0.003 0.040 0.001 
 190   (0.011) 0.009 0.009 0.001 0.011 0.007 0.001 0.005 0.002 0.005 0.001 0.004 0.006 0.001 0.001 0.006 0.001 
 222   (0.020) 0.016 0.017 0.222 0.020 0.014 0.007 0.010 0.024 0.013 0.002 0.009 0.016 0.003 0.003 0.013 0.001 
 232   (0.012) 0.009 0.009 0.001 0.012 0.007 0.001 0.033 0.003 0.006 0.001 0.006 0.007 0.001 0.001 0.039 0.001 

Locus 2 : 
15 alleles
2.1% missing data
 171   (0.211) 0.216 0.227 0.057 0.211 0.239 0.307 0.345 0.243 0.217 0.431 0.238 0.227 0.044 0.181 0.332 0.018 
 175   (0.100) 0.092 0.094 0.024 0.100 0.086 0.047 0.058 0.203 0.174 0.055 0.170 0.082 0.029 0.258 0.063 0.028 
 185   (0.048) 0.045 0.044 0.227 0.048 0.040 0.008 0.027 0.012 0.036 0.005 0.030 0.045 0.015 0.083 0.030 0.004 
 179   (0.071) 0.076 0.069 0.272 0.071 0.069 0.008 0.047 0.243 0.062 0.010 0.051 0.087 0.488 0.009 0.043 0.037 
 181   (0.095) 0.095 0.097 0.010 0.094 0.117 0.032 0.105 0.035 0.082 0.130 0.090 0.101 0.051 0.341 0.110 0.557 
 173   (0.185) 0.192 0.207 0.195 0.185 0.205 0.189 0.184 0.174 0.198 0.218 0.210 0.180 0.150 0.040 0.179 0.330 
 177   (0.033) 0.027 0.028 0.088 0.032 0.024 0.004 0.017 0.006 0.032 0.004 0.029 0.025 0.178 0.004 0.020 0.003 
 187   (0.096) 0.107 0.090 0.022 0.098 0.089 0.109 0.077 0.019 0.098 0.115 0.084 0.115 0.026 0.012 0.071 0.009 
 183   (0.059) 0.064 0.059 0.084 0.059 0.055 0.007 0.079 0.016 0.046 0.008 0.049 0.064 0.007 0.021 0.082 0.006 
 189   (0.030) 0.027 0.027 0.015 0.031 0.026 0.283 0.017 0.005 0.017 0.016 0.018 0.025 0.004 0.004 0.019 0.003 
 191   (0.022) 0.018 0.018 0.002 0.021 0.015 0.003 0.021 0.036 0.012 0.002 0.011 0.017 0.003 0.041 0.024 0.002 
 163   (0.012) 0.010 0.010 0.001 0.012 0.008 0.001 0.005 0.002 0.006 0.001 0.005 0.007 0.001 0.001 0.007 0.001 
 165   (0.013) 0.010 0.011 0.001 0.013 0.008 0.001 0.005 0.002 0.006 0.001 0.005 0.007 0.001 0.001 0.007 0.001 
 193   (0.013) 0.012 0.010 0.001 0.013 0.010 0.001 0.007 0.002 0.008 0.001 0.006 0.010 0.001 0.001 0.008 0.001 
 167   (0.012) 0.010 0.010 0.001 0.012 0.009 0.001 0.006 0.002 0.006 0.001 0.006 0.009 0.001 0.001 0.007 0.001 

Locus 3 : 
4 alleles
1.1% missing data
 206   (0.886) 0.897 0.899 0.987 0.887 0.910 0.691 0.903 0.895 0.915 0.984 0.926 0.905 0.884 0.975 0.895 0.989 
 208   (0.058) 0.051 0.051 0.007 0.058 0.045 0.302 0.054 0.012 0.046 0.009 0.042 0.048 0.052 0.008 0.063 0.004 
 204   (0.041) 0.035 0.035 0.005 0.040 0.030 0.005 0.031 0.090 0.025 0.005 0.022 0.029 0.062 0.016 0.033 0.006 
 212   (0.015) 0.017 0.015 0.002 0.015 0.014 0.002 0.012 0.002 0.014 0.002 0.011 0.017 0.002 0.002 0.009 0.001 

Locus 4 : 
15 alleles
1.1% missing data
 165   (0.080) 0.086 0.094 0.008 0.079 0.092 0.014 0.065 0.048 0.078 0.030 0.087 0.088 0.304 0.463 0.049 0.005 
 163   (0.197) 0.221 0.213 0.285 0.198 0.227 0.088 0.264 0.080 0.214 0.064 0.211 0.249 0.080 0.029 0.230 0.015 
 167   (0.147) 0.143 0.140 0.144 0.147 0.135 0.242 0.117 0.479 0.157 0.190 0.145 0.143 0.019 0.072 0.123 0.010 
 161   (0.352) 0.348 0.353 0.494 0.352 0.365 0.476 0.370 0.330 0.394 0.677 0.401 0.342 0.573 0.127 0.397 0.955 
 153   (0.015) 0.016 0.018 0.002 0.015 0.019 0.010 0.011 0.003 0.009 0.004 0.012 0.014 0.002 0.002 0.009 0.001 
 173   (0.032) 0.027 0.026 0.003 0.032 0.023 0.003 0.025 0.006 0.040 0.003 0.039 0.022 0.004 0.260 0.027 0.002 
 171   (0.038) 0.040 0.036 0.004 0.039 0.034 0.004 0.042 0.029 0.029 0.004 0.032 0.038 0.004 0.005 0.046 0.003 
 179   (0.011) 0.009 0.009 0.001 0.011 0.008 0.001 0.006 0.002 0.006 0.003 0.005 0.009 0.001 0.001 0.007 0.001 
 157   (0.025) 0.020 0.021 0.003 0.024 0.018 0.144 0.018 0.004 0.013 0.013 0.012 0.017 0.003 0.003 0.021 0.002 
 149   (0.012) 0.009 0.009 0.001 0.011 0.008 0.001 0.017 0.002 0.007 0.001 0.006 0.007 0.001 0.001 0.019 0.001 
 177   (0.020) 0.021 0.021 0.002 0.020 0.020 0.002 0.014 0.004 0.013 0.004 0.016 0.019 0.002 0.012 0.013 0.001 
 155   (0.017) 0.015 0.014 0.003 0.017 0.013 0.007 0.008 0.003 0.009 0.002 0.008 0.011 0.002 0.002 0.010 0.001 
 175   (0.011) 0.009 0.010 0.001 0.011 0.008 0.001 0.008 0.002 0.006 0.001 0.005 0.008 0.001 0.001 0.010 0.001 
 169   (0.022) 0.020 0.019 0.002 0.023 0.016 0.003 0.026 0.004 0.014 0.002 0.011 0.017 0.002 0.018 0.029 0.001 
 159   (0.021) 0.017 0.017 0.046 0.021 0.015 0.002 0.010 0.004 0.011 0.002 0.010 0.015 0.002 0.002 0.012 0.001 

Locus 5 : 
16 alleles
0.0% missing data
 148   (0.115) 0.112 0.111 0.048 0.115 0.106 0.104 0.106 0.028 0.072 0.196 0.077 0.111 0.049 0.282 0.104 0.363 
 160   (0.027) 0.021 0.024 0.003 0.026 0.019 0.004 0.023 0.062 0.013 0.004 0.013 0.018 0.003 0.058 0.026 0.002 
 154   (0.072) 0.072 0.067 0.228 0.072 0.062 0.018 0.044 0.050 0.068 0.009 0.057 0.075 0.172 0.026 0.049 0.009 
 150   (0.062) 0.061 0.062 0.006 0.062 0.059 0.063 0.067 0.014 0.221 0.031 0.231 0.054 0.010 0.010 0.068 0.013 
 138   (0.123) 0.121 0.124 0.250 0.123 0.108 0.024 0.105 0.308 0.090 0.055 0.084 0.115 0.181 0.150 0.107 0.009 
 166   (0.032) 0.025 0.026 0.003 0.031 0.022 0.035 0.107 0.261 0.015 0.006 0.014 0.020 0.003 0.014 0.117 0.002 
 146   (0.098) 0.095 0.091 0.017 0.098 0.081 0.034 0.089 0.079 0.068 0.029 0.056 0.092 0.232 0.164 0.093 0.333 
 164   (0.016) 0.013 0.013 0.002 0.016 0.012 0.002 0.008 0.040 0.008 0.002 0.008 0.012 0.002 0.002 0.009 0.001 
 142   (0.018) 0.013 0.015 0.016 0.018 0.012 0.002 0.008 0.003 0.110 0.002 0.105 0.011 0.002 0.002 0.011 0.008 
 144   (0.155) 0.165 0.164 0.148 0.155 0.187 0.071 0.207 0.058 0.123 0.388 0.131 0.170 0.298 0.028 0.196 0.230 
 140   (0.082) 0.086 0.080 0.221 0.082 0.085 0.189 0.051 0.017 0.060 0.243 0.047 0.095 0.010 0.020 0.052 0.007 
 158   (0.045) 0.052 0.055 0.017 0.045 0.072 0.010 0.043 0.031 0.030 0.012 0.040 0.050 0.005 0.089 0.036 0.004 
 162   (0.028) 0.027 0.025 0.003 0.028 0.025 0.003 0.017 0.005 0.026 0.005 0.022 0.030 0.003 0.127 0.017 0.002 
 152   (0.089) 0.101 0.110 0.033 0.090 0.118 0.437 0.080 0.019 0.070 0.016 0.091 0.113 0.026 0.012 0.068 0.016 
 134   (0.018) 0.017 0.016 0.002 0.018 0.014 0.002 0.030 0.003 0.011 0.002 0.012 0.015 0.002 0.002 0.034 0.001 
 156   (0.021) 0.019 0.018 0.002 0.021 0.017 0.003 0.013 0.021 0.014 0.004 0.012 0.019 0.002 0.013 0.013 0.001 

Locus 6 : 
12 alleles
0.0% missing data
 225   (0.043) 0.038 0.038 0.018 0.043 0.035 0.010 0.024 0.008 0.037 0.005 0.033 0.038 0.007 0.119 0.026 0.293 
 239   (0.108) 0.110 0.111 0.016 0.108 0.093 0.014 0.077 0.235 0.079 0.103 0.074 0.096 0.232 0.029 0.082 0.423 
 229   (0.016) 0.013 0.014 0.002 0.016 0.012 0.002 0.007 0.003 0.007 0.002 0.008 0.011 0.002 0.286 0.010 0.001 
 235   (0.292) 0.298 0.294 0.496 0.291 0.314 0.269 0.226 0.088 0.408 0.418 0.412 0.318 0.311 0.375 0.215 0.231 
 237   (0.213) 0.226 0.216 0.162 0.215 0.219 0.200 0.204 0.068 0.192 0.272 0.190 0.236 0.264 0.039 0.197 0.026 
 233   (0.101) 0.097 0.104 0.014 0.100 0.111 0.464 0.094 0.256 0.081 0.165 0.086 0.091 0.156 0.063 0.095 0.010 
 227   (0.032) 0.025 0.027 0.003 0.032 0.023 0.003 0.208 0.285 0.029 0.003 0.028 0.021 0.003 0.004 0.219 0.002 
 245   (0.067) 0.073 0.078 0.145 0.068 0.085 0.022 0.051 0.022 0.051 0.014 0.060 0.074 0.008 0.008 0.044 0.005 
 241   (0.037) 0.032 0.033 0.023 0.037 0.029 0.007 0.032 0.013 0.032 0.005 0.029 0.031 0.007 0.065 0.036 0.003 
 231   (0.051) 0.055 0.048 0.052 0.051 0.047 0.005 0.041 0.016 0.059 0.006 0.057 0.056 0.006 0.006 0.036 0.003 
 243   (0.027) 0.024 0.026 0.068 0.027 0.024 0.003 0.031 0.005 0.018 0.004 0.017 0.021 0.003 0.003 0.034 0.002 
 251   (0.012) 0.010 0.010 0.001 0.012 0.008 0.001 0.005 0.002 0.006 0.001 0.005 0.007 0.001 0.001 0.007 0.001 

Locus 7 : 
5 alleles
0.0% missing data
 118   (0.916) 0.926 0.922 0.991 0.917 0.926 0.920 0.950 0.674 0.768 0.938 0.772 0.934 0.991 0.988 0.951 0.994 
 124   (0.041) 0.035 0.040 0.004 0.040 0.040 0.074 0.025 0.318 0.021 0.058 0.024 0.030 0.004 0.005 0.023 0.003 
 116   (0.014) 0.010 0.011 0.001 0.014 0.009 0.001 0.006 0.002 0.191 0.001 0.187 0.008 0.001 0.003 0.009 0.002 
 114   (0.017) 0.018 0.017 0.002 0.017 0.017 0.003 0.012 0.004 0.013 0.002 0.011 0.020 0.002 0.002 0.010 0.001 
 122   (0.012) 0.011 0.010 0.001 0.013 0.009 0.001 0.006 0.002 0.007 0.001 0.006 0.008 0.001 0.001 0.007 0.001 

Locus 8 : 
5 alleles
0.0% missing data
 135   (0.054) 0.062 0.072 0.027 0.054 0.085 0.014 0.052 0.010 0.035 0.031 0.063 0.068 0.007 0.023 0.033 0.011 
 139   (0.753) 0.769 0.759 0.667 0.754 0.762 0.929 0.712 0.947 0.687 0.910 0.661 0.788 0.956 0.818 0.700 0.916 
 137   (0.144) 0.127 0.127 0.240 0.143 0.118 0.051 0.213 0.034 0.250 0.053 0.251 0.111 0.032 0.154 0.238 0.069 
 143   (0.035) 0.032 0.030 0.036 0.035 0.026 0.004 0.017 0.006 0.022 0.004 0.019 0.025 0.004 0.004 0.022 0.002 
 141   (0.014) 0.010 0.011 0.030 0.013 0.009 0.002 0.006 0.002 0.006 0.002 0.005 0.008 0.001 0.002 0.008 0.001 

Locus 9 : 
11 alleles
0.0% missing data
 116   (0.290) 0.311 0.326 0.314 0.290 0.336 0.512 0.230 0.112 0.244 0.280 0.278 0.308 0.181 0.426 0.206 0.372 
 112   (0.083) 0.083 0.079 0.173 0.083 0.080 0.035 0.049 0.015 0.065 0.079 0.054 0.087 0.371 0.058 0.052 0.012 
 122   (0.066) 0.055 0.058 0.010 0.065 0.054 0.010 0.156 0.290 0.097 0.008 0.096 0.047 0.297 0.008 0.160 0.426 
 114   (0.218) 0.223 0.221 0.299 0.219 0.209 0.358 0.235 0.055 0.161 0.341 0.156 0.231 0.047 0.081 0.226 0.021 
 120   (0.042) 0.035 0.036 0.019 0.042 0.031 0.005 0.021 0.209 0.022 0.142 0.020 0.028 0.022 0.005 0.025 0.003 
 130   (0.038) 0.038 0.043 0.004 0.037 0.049 0.006 0.056 0.171 0.022 0.042 0.026 0.033 0.004 0.005 0.059 0.003 
 118   (0.127) 0.129 0.119 0.140 0.127 0.130 0.041 0.088 0.120 0.097 0.079 0.086 0.146 0.019 0.399 0.089 0.021 
 124   (0.062) 0.055 0.053 0.033 0.061 0.049 0.007 0.062 0.011 0.137 0.007 0.133 0.054 0.051 0.008 0.066 0.137 
 126   (0.037) 0.031 0.033 0.004 0.037 0.029 0.008 0.082 0.010 0.130 0.018 0.131 0.030 0.004 0.006 0.094 0.003 
 108   (0.015) 0.017 0.013 0.001 0.016 0.013 0.001 0.009 0.002 0.010 0.002 0.007 0.014 0.001 0.002 0.011 0.001 
 128   (0.022) 0.023 0.021 0.003 0.022 0.019 0.017 0.014 0.004 0.016 0.003 0.013 0.023 0.002 0.003 0.014 0.002 

Locus 10 : 
4 alleles
0.0% missing data
 232   (0.894) 0.901 0.906 0.928 0.893 0.915 0.987 0.805 0.972 0.934 0.944 0.938 0.915 0.989 0.987 0.787 0.993 
 238   (0.078) 0.072 0.071 0.069 0.078 0.062 0.010 0.180 0.024 0.048 0.053 0.049 0.061 0.009 0.010 0.195 0.006 
 234   (0.015) 0.017 0.013 0.002 0.016 0.013 0.002 0.009 0.002 0.011 0.002 0.007 0.014 0.001 0.002 0.011 0.001 
 244   (0.012) 0.010 0.010 0.001 0.012 0.009 0.001 0.007 0.002 0.007 0.002 0.006 0.010 0.001 0.001 0.007 0.001 

Locus 11 : 
7 alleles
0.0% missing data
 165   (0.761) 0.770 0.776 0.928 0.760 0.790 0.921 0.834 0.928 0.665 0.778 0.677 0.781 0.801 0.917 0.829 0.772 
 167   (0.078) 0.067 0.066 0.029 0.078 0.057 0.010 0.041 0.023 0.203 0.013 0.200 0.055 0.181 0.057 0.047 0.218 
 161   (0.111) 0.122 0.116 0.012 0.113 0.117 0.064 0.101 0.041 0.105 0.204 0.101 0.130 0.013 0.021 0.094 0.008 
 155   (0.012) 0.010 0.010 0.001 0.012 0.008 0.001 0.005 0.002 0.006 0.001 0.005 0.007 0.001 0.001 0.007 0.001 
 173   (0.012) 0.012 0.010 0.001 0.013 0.010 0.001 0.006 0.002 0.007 0.001 0.005 0.009 0.001 0.001 0.008 0.001 
 163   (0.013) 0.009 0.011 0.028 0.012 0.008 0.001 0.006 0.002 0.008 0.001 0.005 0.009 0.001 0.001 0.007 0.001 
 171   (0.012) 0.010 0.011 0.001 0.012 0.009 0.001 0.006 0.002 0.006 0.001 0.006 0.009 0.001 0.001 0.007 0.001 

Locus 12 : 
8 alleles
0.0% missing data
 137   (0.515) 0.514 0.509 0.824 0.516 0.516 0.339 0.528 0.843 0.622 0.244 0.615 0.529 0.418 0.410 0.527 0.458 
 140   (0.153) 0.165 0.177 0.058 0.153 0.176 0.583 0.123 0.032 0.102 0.501 0.122 0.158 0.055 0.211 0.114 0.015 
 134   (0.255) 0.250 0.246 0.082 0.254 0.247 0.059 0.283 0.112 0.223 0.246 0.222 0.244 0.519 0.369 0.287 0.521 
 149   (0.012) 0.010 0.010 0.001 0.012 0.009 0.001 0.006 0.002 0.006 0.001 0.005 0.007 0.001 0.002 0.007 0.001 
 143   (0.015) 0.012 0.013 0.002 0.015 0.010 0.002 0.027 0.004 0.008 0.002 0.009 0.010 0.002 0.002 0.032 0.002 
 128   (0.012) 0.010 0.010 0.001 0.012 0.008 0.001 0.008 0.002 0.006 0.001 0.005 0.008 0.001 0.001 0.010 0.001 
 125   (0.019) 0.015 0.016 0.030 0.019 0.013 0.013 0.009 0.003 0.012 0.003 0.009 0.014 0.002 0.002 0.012 0.001 
 146   (0.019) 0.024 0.019 0.002 0.019 0.020 0.002 0.017 0.003 0.021 0.002 0.014 0.029 0.002 0.002 0.011 0.001 

Locus 13 : 
19 alleles
0.5% missing data
 206   (0.131) 0.119 0.118 0.149 0.131 0.106 0.257 0.088 0.220 0.116 0.173 0.107 0.112 0.030 0.410 0.097 0.051 
 210   (0.094) 0.099 0.101 0.021 0.094 0.118 0.170 0.063 0.018 0.066 0.156 0.077 0.100 0.041 0.279 0.059 0.411 
 190   (0.069) 0.071 0.072 0.117 0.069 0.071 0.089 0.048 0.029 0.056 0.009 0.058 0.073 0.012 0.008 0.043 0.005 
 202   (0.091) 0.097 0.107 0.011 0.090 0.115 0.035 0.182 0.519 0.156 0.013 0.177 0.098 0.015 0.018 0.184 0.008 
 214   (0.042) 0.035 0.036 0.005 0.041 0.033 0.067 0.022 0.008 0.024 0.021 0.022 0.036 0.146 0.005 0.025 0.250 
 212   (0.032) 0.027 0.027 0.423 0.032 0.025 0.004 0.016 0.005 0.023 0.004 0.020 0.026 0.004 0.004 0.018 0.187 
 192   (0.110) 0.125 0.128 0.035 0.110 0.147 0.090 0.082 0.064 0.095 0.273 0.096 0.138 0.013 0.047 0.071 0.008 
 204   (0.039) 0.039 0.037 0.014 0.039 0.036 0.020 0.025 0.018 0.026 0.011 0.028 0.035 0.063 0.005 0.027 0.017 
 184   (0.055) 0.051 0.049 0.099 0.055 0.046 0.018 0.029 0.010 0.038 0.024 0.029 0.049 0.006 0.100 0.033 0.004 
 216   (0.019) 0.019 0.025 0.002 0.019 0.018 0.014 0.012 0.003 0.013 0.263 0.012 0.017 0.002 0.002 0.011 0.001 
 208   (0.046) 0.045 0.052 0.047 0.045 0.054 0.189 0.034 0.010 0.028 0.021 0.036 0.041 0.005 0.005 0.026 0.017 
 198   (0.039) 0.049 0.041 0.005 0.039 0.043 0.004 0.034 0.019 0.041 0.005 0.037 0.063 0.004 0.005 0.023 0.003 
 194   (0.066) 0.058 0.058 0.011 0.066 0.050 0.020 0.126 0.020 0.170 0.008 0.176 0.055 0.587 0.033 0.132 0.006 
 186   (0.017) 0.014 0.014 0.002 0.017 0.012 0.002 0.008 0.003 0.010 0.002 0.009 0.011 0.051 0.003 0.010 0.010 
 188   (0.020) 0.017 0.018 0.002 0.020 0.015 0.004 0.024 0.003 0.011 0.004 0.011 0.016 0.002 0.002 0.028 0.001 
 200   (0.067) 0.063 0.060 0.033 0.067 0.056 0.011 0.164 0.036 0.077 0.007 0.065 0.063 0.012 0.065 0.171 0.017 
 196   (0.038) 0.045 0.037 0.022 0.039 0.034 0.004 0.027 0.007 0.034 0.004 0.029 0.045 0.005 0.005 0.024 0.003 
 220   (0.012) 0.010 0.010 0.001 0.012 0.008 0.001 0.006 0.005 0.006 0.001 0.005 0.008 0.001 0.001 0.007 0.001 
 180   (0.014) 0.016 0.013 0.001 0.016 0.013 0.002 0.009 0.002 0.010 0.001 0.007 0.014 0.001 0.002 0.011 0.001 

Locus 14 : 
8 alleles
1.1% missing data
 139   (0.076) 0.067 0.070 0.008 0.075 0.075 0.011 0.058 0.040 0.085 0.239 0.087 0.061 0.164 0.089 0.066 0.182 
 145   (0.065) 0.060 0.059 0.163 0.064 0.053 0.011 0.044 0.013 0.048 0.022 0.039 0.059 0.010 0.141 0.050 0.010 
 151   (0.295) 0.296 0.300 0.402 0.295 0.315 0.651 0.286 0.350 0.236 0.180 0.249 0.300 0.538 0.458 0.288 0.338 
 157   (0.357) 0.383 0.391 0.273 0.357 0.392 0.285 0.371 0.472 0.419 0.489 0.436 0.402 0.160 0.224 0.341 0.158 
 154   (0.101) 0.101 0.089 0.122 0.103 0.084 0.029 0.061 0.018 0.117 0.058 0.104 0.092 0.116 0.014 0.067 0.305 
 163   (0.043) 0.037 0.037 0.004 0.043 0.034 0.005 0.025 0.094 0.043 0.005 0.042 0.035 0.005 0.065 0.026 0.003 
 160   (0.032) 0.028 0.027 0.003 0.032 0.023 0.003 0.133 0.006 0.018 0.003 0.016 0.021 0.003 0.005 0.139 0.002 
 142   (0.031) 0.027 0.028 0.024 0.031 0.025 0.004 0.023 0.006 0.033 0.004 0.027 0.030 0.003 0.004 0.024 0.002 

Locus 15 : 
13 alleles
1.6% missing data
 256   (0.150) 0.133 0.135 0.137 0.150 0.117 0.168 0.136 0.126 0.158 0.154 0.153 0.114 0.121 0.164 0.155 0.077 
 262   (0.023) 0.018 0.019 0.003 0.023 0.015 0.002 0.012 0.004 0.088 0.003 0.087 0.014 0.003 0.267 0.015 0.001 
 246   (0.116) 0.128 0.138 0.030 0.117 0.136 0.094 0.128 0.024 0.121 0.136 0.129 0.144 0.013 0.178 0.112 0.008 
 258   (0.179) 0.207 0.214 0.162 0.180 0.252 0.227 0.194 0.529 0.190 0.296 0.234 0.210 0.024 0.026 0.172 0.014 
 254   (0.109) 0.100 0.098 0.066 0.109 0.090 0.165 0.088 0.183 0.085 0.027 0.081 0.094 0.333 0.014 0.098 0.161 
 250   (0.031) 0.026 0.027 0.019 0.031 0.023 0.003 0.016 0.008 0.020 0.003 0.018 0.022 0.087 0.004 0.020 0.640 
 242   (0.102) 0.109 0.097 0.178 0.102 0.094 0.011 0.089 0.022 0.108 0.012 0.083 0.132 0.153 0.188 0.079 0.073 
 252   (0.066) 0.065 0.064 0.035 0.066 0.067 0.030 0.042 0.014 0.062 0.030 0.062 0.072 0.045 0.112 0.044 0.007 
 248   (0.131) 0.126 0.125 0.301 0.131 0.129 0.039 0.238 0.075 0.107 0.319 0.100 0.119 0.210 0.024 0.243 0.012 
 260   (0.038) 0.037 0.037 0.004 0.038 0.035 0.255 0.028 0.007 0.023 0.015 0.022 0.033 0.004 0.005 0.029 0.003 
 264   (0.015) 0.018 0.015 0.002 0.015 0.014 0.001 0.011 0.003 0.014 0.002 0.010 0.020 0.002 0.002 0.009 0.001 
 244   (0.027) 0.024 0.023 0.062 0.027 0.020 0.003 0.014 0.005 0.017 0.003 0.015 0.019 0.003 0.016 0.016 0.002 
 276   (0.011) 0.009 0.009 0.001 0.011 0.007 0.001 0.005 0.002 0.005 0.001 0.004 0.007 0.001 0.001 0.006 0.001 

Values of parameters used in structure:
DATAFILE=G:\Shared drives\Emily_Schumacher\QUAC_analyses\QUAC_structure_wild_relate\QUAC_allpop_relate_red_12_15_21\project_data,	OUTFILE=G:\Shared drives\Emily_Schumacher\QUAC_analyses\QUAC_structure_wild_relate\QUAC_allpop_relate_red_12_15_21\50-100\Results\50-100_run_80,	NUMINDS=188,	NUMLOCI=15,	MISSING=-9,	LABEL=1,	POPDATA=1,	POPFLAG=0,	PHENOTYPE=0,	EXTRACOLS=0,	MAXPOPS=16,	BURNIN=50000,	NUMREPS=100000,	USEPOPINFO=0,	INFERALPHA=1,	INFERLAMBDA=0,	POPSPECIFICLAMBDA=0,	POPALPHAS=0,	COMPUTEPROB=1,	NOADMIX=0,	ADMBURNIN=2500,	UPDATEFREQ=1,	PRINTLIKES=0,	INTERMEDSAVE=0,	PRINTKLD=0,	PRINTNET=0,	PRINTLAMBDA=0,	ANCESTDIST=0,	NUMBOXES=1000,	ANCESTPINT=0.90000,	GENSBACK=2,	MIGRPRIOR=0.05000,	PRINTQHAT=0,	PRINTQSUM=0,	ALPHA=1.0000,	FREQSCORR=1,	FPRIORMEAN=0.0100,	FPRIORSD=0.0500,	ONEFST=0,	LAMBDA=1.0000,	UNIFPRIORALPHA=1,	ALPHAMAX=10.0000,	ALPHAPRIORA=1.0000,	ALPHAPRIORB=2.0000,	ALPHAPROPSD=0.0250,	STARTATPOPINFO=0,	RANDOMIZE=1,	LINKAGE=0,	METROFREQ=10,	REPORTHITRATE=0,	MARKOVPHASE=-1,	PHASED=0,	PLOIDY=2,	PHASEINFO=0	LOCPRIOR=0, 	LOCPRIORINIT=1.000000, 	LOCDATA=0, 	LOCISPOP=0, 	LOCPRIORSTEP=0.100000, 	MAXLOCPRIOR=20.000000, 	SEED=1639612391,	
[STRAT parameters]:    NUMSIMSTATS=1000,	PHENOTYPECOL=-9,	POOLFREQ=10,	LOCUSxONLY=0,	EMERROR=0.00100,	MISSINGPHENO=-9,	