

----------------------------------------------------
STRUCTURE by Pritchard, Stephens and Donnelly (2000)
     and Falush, Stephens and Pritchard (2003)
       Code by Pritchard, Falush and Hubisz
             Version 2.3.4 (Jul 2012)
----------------------------------------------------



Command line arguments:   bin\structure -m G:\Shared drives\Emily_Schumacher\QUAC_analyses\QUAC_structure_wild_relate\QUAC_allpop_relate_red_12_15_21\50-100\mainparams -e G:\Shared drives\Emily_Schumacher\QUAC_analyses\QUAC_structure_wild_relate\QUAC_allpop_relate_red_12_15_21\50-100\extraparams 
Input File:    G:\Shared drives\Emily_Schumacher\QUAC_analyses\QUAC_structure_wild_relate\QUAC_allpop_relate_red_12_15_21\project_data

Run parameters:
   188 individuals
   15 loci
   16 populations assumed
   50000 Burn-in period
   100000 Reps


--------------------------------------------
Proportion of membership of each pre-defined
 population in each of the 16 clusters

Given    Inferred Clusters                                                                                                  Number of
 Pop       1      2      3      4      5      6      7      8      9     10     11     12     13     14     15     16      Individuals

  1:     0.007  0.008  0.010  0.010  0.006  0.014  0.005  0.005  0.009  0.874  0.008  0.011  0.005  0.004  0.010  0.015        2
  2:     0.077  0.027  0.038  0.034  0.037  0.107  0.019  0.019  0.034  0.041  0.030  0.036  0.188  0.007  0.035  0.272       17
  3:     0.096  0.043  0.049  0.050  0.019  0.210  0.011  0.028  0.047  0.055  0.039  0.050  0.013  0.089  0.055  0.148       19
  4:     0.011  0.045  0.055  0.069  0.024  0.323  0.018  0.065  0.070  0.111  0.053  0.054  0.011  0.014  0.068  0.010       10
  5:     0.266  0.013  0.014  0.016  0.011  0.013  0.007  0.026  0.014  0.009  0.013  0.013  0.004  0.006  0.014  0.561        2
  6:     0.017  0.038  0.029  0.033  0.024  0.423  0.011  0.006  0.028  0.008  0.028  0.037  0.151  0.124  0.036  0.008        2
  7:     0.251  0.055  0.058  0.047  0.136  0.006  0.008  0.009  0.065  0.009  0.080  0.058  0.010  0.020  0.055  0.133        1
  8:     0.025  0.006  0.007  0.006  0.009  0.008  0.009  0.007  0.006  0.006  0.007  0.006  0.005  0.005  0.006  0.880        1
  9:     0.053  0.158  0.116  0.091  0.027  0.009  0.073  0.005  0.101  0.005  0.100  0.102  0.006  0.013  0.139  0.004        1
 10:     0.008  0.054  0.040  0.062  0.024  0.008  0.012  0.011  0.080  0.006  0.060  0.043  0.148  0.384  0.047  0.012        6
 11:     0.114  0.057  0.053  0.052  0.031  0.107  0.022  0.043  0.057  0.014  0.053  0.056  0.090  0.157  0.054  0.039       16
 12:     0.008  0.064  0.053  0.050  0.032  0.014  0.503  0.018  0.054  0.015  0.065  0.043  0.003  0.011  0.045  0.023        1
 13:     0.014  0.040  0.053  0.049  0.019  0.158  0.017  0.407  0.044  0.025  0.033  0.045  0.012  0.021  0.049  0.013       33
 14:     0.356  0.021  0.023  0.021  0.110  0.018  0.016  0.010  0.021  0.010  0.038  0.025  0.087  0.154  0.021  0.070       21
 15:     0.012  0.018  0.022  0.020  0.039  0.019  0.009  0.014  0.020  0.719  0.023  0.021  0.027  0.011  0.017  0.009       14
 16:     0.018  0.031  0.032  0.026  0.019  0.017  0.687  0.016  0.025  0.013  0.024  0.028  0.009  0.010  0.031  0.012       35
 17:     0.010  0.161  0.128  0.094  0.032  0.018  0.024  0.010  0.121  0.009  0.110  0.099  0.007  0.009  0.154  0.012        7
--------------------------------------------

Allele-freq. divergence among pops (Net nucleotide distance),
computed using point estimates of P.

      1       2       3       4       5       6       7       8       9      10      11      12      13      14      15      16      
 1      -    0.0534  0.0552  0.0538  0.0702  0.0911  0.0752  0.1044  0.0530  0.0901  0.0519  0.0559  0.0999  0.0770  0.0558  0.0880  
 2   0.0534     -    0.0006  0.0006  0.0252  0.0328  0.0300  0.0460  0.0004  0.0431  0.0017  0.0006  0.0545  0.0310  0.0005  0.0829  
 3   0.0552  0.0006     -    0.0003  0.0272  0.0286  0.0318  0.0418  0.0004  0.0436  0.0025  0.0004  0.0552  0.0324  0.0002  0.0812  
 4   0.0538  0.0006  0.0003     -    0.0251  0.0292  0.0312  0.0418  0.0001  0.0423  0.0017  0.0003  0.0536  0.0303  0.0005  0.0793  
 5   0.0702  0.0252  0.0272  0.0251     -    0.0648  0.0528  0.0845  0.0243  0.0706  0.0145  0.0237  0.0680  0.0443  0.0268  0.1046  
 6   0.0911  0.0328  0.0286  0.0292  0.0648     -    0.0729  0.0568  0.0308  0.0797  0.0352  0.0299  0.0970  0.0650  0.0305  0.1005  
 7   0.0752  0.0300  0.0318  0.0312  0.0528  0.0729     -    0.0844  0.0306  0.0752  0.0310  0.0316  0.0819  0.0600  0.0324  0.1160  
 8   0.1044  0.0460  0.0418  0.0418  0.0845  0.0568  0.0844     -    0.0431  0.0884  0.0496  0.0434  0.0991  0.0878  0.0433  0.1287  
 9   0.0530  0.0004  0.0004  0.0001  0.0243  0.0308  0.0306  0.0431     -    0.0416  0.0014  0.0003  0.0533  0.0299  0.0005  0.0798  
10   0.0901  0.0431  0.0436  0.0423  0.0706  0.0797  0.0752  0.0884  0.0416     -    0.0437  0.0437  0.1014  0.0835  0.0437  0.1106  
11   0.0519  0.0017  0.0025  0.0017  0.0145  0.0352  0.0310  0.0496  0.0014  0.0437     -    0.0015  0.0528  0.0288  0.0024  0.0817  
12   0.0559  0.0006  0.0004  0.0003  0.0237  0.0299  0.0316  0.0434  0.0003  0.0437  0.0015     -    0.0540  0.0307  0.0003  0.0820  
13   0.0999  0.0545  0.0552  0.0536  0.0680  0.0970  0.0819  0.0991  0.0533  0.1014  0.0528  0.0540     -    0.0676  0.0552  0.1399  
14   0.0770  0.0310  0.0324  0.0303  0.0443  0.0650  0.0600  0.0878  0.0299  0.0835  0.0288  0.0307  0.0676     -    0.0324  0.1129  
15   0.0558  0.0005  0.0002  0.0005  0.0268  0.0305  0.0324  0.0433  0.0005  0.0437  0.0024  0.0003  0.0552  0.0324     -    0.0829  
16   0.0880  0.0829  0.0812  0.0793  0.1046  0.1005  0.1160  0.1287  0.0798  0.1106  0.0817  0.0820  0.1399  0.1129  0.0829     -    

Average distances (expected heterozygosity) between individuals in same cluster:
cluster  1  : 0.5123 
cluster  2  : 0.6353 
cluster  3  : 0.6234 
cluster  4  : 0.6350 
cluster  5  : 0.6346 
cluster  6  : 0.5203 
cluster  7  : 0.5356 
cluster  8  : 0.5184 
cluster  9  : 0.6403 
cluster 10  : 0.5353 
cluster 11  : 0.6508 
cluster 12  : 0.6311 
cluster 13  : 0.5244 
cluster 14  : 0.6059 
cluster 15  : 0.6282 
cluster 16  : 0.4312 

--------------------------------------------
Estimated Ln Prob of Data   = -8051.5
Mean value of ln likelihood = -6953.8
Variance of ln likelihood   = 2195.4
Mean value of alpha         = 0.0389

Mean value of Fst_1         = 0.2467
Mean value of Fst_2         = 0.0576
Mean value of Fst_3         = 0.0904
Mean value of Fst_4         = 0.0496
Mean value of Fst_5         = 0.1836
Mean value of Fst_6         = 0.2040
Mean value of Fst_7         = 0.1491
Mean value of Fst_8         = 0.2195
Mean value of Fst_9         = 0.0345
Mean value of Fst_10         = 0.1999
Mean value of Fst_11         = 0.0602
Mean value of Fst_12         = 0.0927
Mean value of Fst_13         = 0.2546
Mean value of Fst_14         = 0.1464
Mean value of Fst_15         = 0.0722
Mean value of Fst_16         = 0.3993


Inferred ancestry of individuals:
        Label (%Miss) Pop:  Inferred clusters
  1 QAc-G-0029    (0)    1 :  0.006 0.011 0.014 0.014 0.008 0.025 0.005 0.005 0.013 0.818 0.012 0.018 0.006 0.005 0.014 0.026 
  2 QAc-G-0030    (0)    1 :  0.008 0.005 0.005 0.005 0.004 0.004 0.006 0.004 0.005 0.929 0.005 0.005 0.004 0.003 0.005 0.004 
  3 QAc-G-0062    (0)    2 :  0.259 0.025 0.026 0.024 0.064 0.006 0.032 0.005 0.023 0.006 0.030 0.030 0.412 0.008 0.022 0.029 
  4 QAc-G-0063    (0)    2 :  0.050 0.031 0.033 0.034 0.022 0.025 0.018 0.018 0.042 0.006 0.030 0.035 0.010 0.009 0.036 0.600 
  5 QAc-G-0064    (0)    2 :  0.022 0.005 0.006 0.006 0.005 0.007 0.007 0.004 0.005 0.005 0.005 0.006 0.899 0.005 0.006 0.007 
  6 QAc-G-0065    (0)    2 :  0.003 0.004 0.004 0.005 0.005 0.004 0.003 0.005 0.005 0.007 0.005 0.005 0.929 0.010 0.005 0.003 
  7 QAc-G-0066    (0)    2 :  0.005 0.003 0.004 0.004 0.004 0.004 0.004 0.003 0.003 0.005 0.003 0.004 0.003 0.003 0.004 0.943 
  8 QAc-G-0067    (0)    2 :  0.005 0.019 0.015 0.015 0.010 0.013 0.006 0.008 0.016 0.016 0.014 0.016 0.815 0.011 0.016 0.005 
  9 QAc-G-0068    (0)    2 :  0.005 0.004 0.006 0.005 0.360 0.003 0.008 0.004 0.005 0.005 0.082 0.021 0.006 0.018 0.004 0.465 
 10 QAc-G-0070    (0)    2 :  0.132 0.028 0.026 0.024 0.026 0.011 0.095 0.006 0.023 0.012 0.027 0.022 0.023 0.006 0.023 0.516 
 11 QAc-G-0071   (13)    2 :  0.035 0.006 0.006 0.006 0.005 0.008 0.005 0.003 0.005 0.008 0.006 0.005 0.004 0.004 0.006 0.887 
 12 QAc-G-0072    (0)    2 :  0.004 0.005 0.005 0.005 0.005 0.005 0.006 0.004 0.005 0.005 0.004 0.005 0.004 0.004 0.005 0.930 
 13 QAc-G-0073    (0)    2 :  0.004 0.025 0.084 0.057 0.012 0.534 0.012 0.018 0.065 0.012 0.027 0.077 0.004 0.004 0.063 0.004 
 14 QAc-G-0074    (0)    2 :  0.046 0.045 0.055 0.052 0.018 0.398 0.014 0.028 0.044 0.005 0.033 0.040 0.006 0.006 0.042 0.167 
 15 QAc-G-0075    (0)    2 :  0.013 0.032 0.030 0.027 0.012 0.685 0.007 0.037 0.028 0.016 0.024 0.028 0.010 0.009 0.031 0.011 
 16 QAc-G-0076    (0)    2 :  0.005 0.043 0.147 0.145 0.012 0.079 0.007 0.080 0.114 0.009 0.060 0.111 0.031 0.005 0.142 0.009 
 17 QAc-G-0080    (0)    2 :  0.022 0.047 0.057 0.053 0.019 0.017 0.006 0.005 0.051 0.557 0.052 0.036 0.027 0.006 0.036 0.009 
 18 QAc-G-0081    (0)    2 :  0.013 0.125 0.106 0.102 0.037 0.004 0.077 0.011 0.120 0.008 0.093 0.150 0.006 0.009 0.134 0.005 
 19 QAc-G-0083    (0)    2 :  0.685 0.015 0.027 0.019 0.010 0.021 0.011 0.081 0.015 0.015 0.016 0.019 0.010 0.005 0.023 0.030 
 20 QAc-G-0285    (0)    3 :  0.835 0.007 0.006 0.007 0.007 0.005 0.007 0.005 0.007 0.010 0.007 0.008 0.004 0.010 0.007 0.069 
 21 QAc-G-0287    (0)    3 :  0.004 0.003 0.003 0.003 0.003 0.004 0.003 0.003 0.003 0.004 0.003 0.003 0.003 0.003 0.003 0.952 
 22 QAc-G-0288    (6)    3 :  0.005 0.007 0.006 0.006 0.008 0.006 0.010 0.008 0.007 0.017 0.008 0.007 0.006 0.006 0.007 0.887 
 23 QAc-G-0292    (0)    3 :  0.719 0.012 0.012 0.011 0.013 0.005 0.010 0.005 0.011 0.005 0.011 0.011 0.005 0.007 0.010 0.151 
 24 QAc-G-0294    (0)    3 :  0.004 0.072 0.140 0.135 0.032 0.041 0.005 0.046 0.112 0.015 0.061 0.151 0.018 0.009 0.155 0.005 
 25 QAc-G-0295    (0)    3 :  0.024 0.027 0.075 0.044 0.011 0.450 0.005 0.031 0.027 0.020 0.038 0.096 0.020 0.006 0.112 0.015 
 26 QAc-G-0296    (0)    3 :  0.013 0.021 0.077 0.081 0.007 0.489 0.007 0.051 0.057 0.005 0.027 0.046 0.039 0.007 0.067 0.008 
 27 QAc-G-0297    (0)    3 :  0.004 0.114 0.094 0.095 0.028 0.220 0.007 0.038 0.112 0.006 0.102 0.074 0.003 0.021 0.077 0.003 
 28 QAc-G-0298    (6)    3 :  0.016 0.019 0.022 0.022 0.007 0.781 0.005 0.011 0.017 0.015 0.017 0.024 0.008 0.006 0.025 0.004 
 29 QAc-G-0299    (0)    3 :  0.005 0.013 0.026 0.029 0.010 0.690 0.004 0.124 0.021 0.004 0.012 0.017 0.005 0.011 0.018 0.011 
 30 QAc-G-0300    (0)    3 :  0.004 0.034 0.079 0.077 0.010 0.389 0.020 0.098 0.050 0.005 0.036 0.070 0.037 0.011 0.074 0.005 
 31 QAc-G-0301    (0)    3 :  0.010 0.011 0.011 0.014 0.006 0.823 0.005 0.017 0.010 0.008 0.010 0.013 0.034 0.005 0.011 0.012 
 32 QAc-G-0302    (0)    3 :  0.006 0.020 0.018 0.017 0.017 0.011 0.004 0.025 0.018 0.005 0.019 0.019 0.004 0.791 0.020 0.005 
 33 QAc-G-0303    (0)    3 :  0.015 0.021 0.015 0.020 0.044 0.004 0.028 0.004 0.021 0.008 0.024 0.015 0.010 0.749 0.016 0.005 
 34 QAc-G-0305    (0)    3 :  0.074 0.026 0.024 0.020 0.033 0.006 0.014 0.005 0.021 0.019 0.027 0.021 0.006 0.025 0.024 0.657 
 35 QAc-G-0307    (0)    3 :  0.011 0.011 0.010 0.011 0.008 0.007 0.019 0.006 0.010 0.862 0.010 0.009 0.006 0.007 0.010 0.004 
 36 QAc-G-0313    (0)    3 :  0.060 0.119 0.092 0.123 0.046 0.007 0.013 0.007 0.142 0.010 0.132 0.100 0.017 0.005 0.116 0.010 
 37 QAc-G-0314    (0)    3 :  0.003 0.125 0.093 0.127 0.033 0.048 0.012 0.027 0.123 0.010 0.102 0.144 0.009 0.015 0.125 0.004 
 38 QAc-G-0316    (0)    3 :  0.007 0.148 0.121 0.101 0.032 0.008 0.022 0.015 0.125 0.025 0.087 0.118 0.015 0.006 0.161 0.009 
 39 QAc-G-0033    (0)    4 :  0.004 0.009 0.017 0.017 0.006 0.687 0.007 0.171 0.013 0.006 0.007 0.017 0.011 0.006 0.017 0.005 
 40 QAc-G-0034    (0)    4 :  0.004 0.009 0.011 0.013 0.006 0.840 0.014 0.009 0.011 0.027 0.009 0.011 0.008 0.010 0.011 0.004 
 41 QAc-G-0035    (0)    4 :  0.014 0.050 0.074 0.075 0.016 0.026 0.006 0.370 0.072 0.012 0.052 0.092 0.020 0.009 0.097 0.016 
 42 QAc-G-0036    (0)    4 :  0.007 0.011 0.010 0.012 0.007 0.859 0.008 0.009 0.010 0.006 0.010 0.011 0.013 0.004 0.010 0.013 
 43 QAc-G-0039    (0)    4 :  0.004 0.105 0.131 0.116 0.018 0.023 0.011 0.022 0.097 0.033 0.062 0.171 0.007 0.011 0.180 0.009 
 44 QAc-G-0040    (0)    4 :  0.045 0.062 0.118 0.140 0.017 0.051 0.082 0.035 0.092 0.011 0.069 0.083 0.008 0.013 0.158 0.017 
 45 QAc-G-0045    (0)    4 :  0.004 0.015 0.057 0.052 0.005 0.719 0.005 0.019 0.040 0.012 0.008 0.024 0.007 0.004 0.020 0.009 
 46 QAc-G-0050    (0)    4 :  0.016 0.087 0.059 0.101 0.105 0.004 0.013 0.004 0.147 0.095 0.143 0.062 0.006 0.063 0.084 0.011 
 47 QAc-G-0052    (0)    4 :  0.004 0.011 0.013 0.011 0.008 0.006 0.007 0.005 0.011 0.862 0.010 0.012 0.020 0.005 0.011 0.004 
 48 QAc-G-0056    (0)    4 :  0.007 0.094 0.062 0.153 0.046 0.009 0.031 0.007 0.208 0.043 0.160 0.059 0.009 0.018 0.087 0.007 
 49 QAc-G-0276    (0)    5 :  0.515 0.012 0.015 0.015 0.010 0.014 0.006 0.021 0.013 0.009 0.012 0.012 0.003 0.005 0.013 0.324 
 50 QAc-G-0280    (6)    5 :  0.017 0.014 0.013 0.017 0.012 0.012 0.008 0.030 0.015 0.009 0.015 0.014 0.006 0.007 0.015 0.797 
 51 QAc-G-0018    (0)    6 :  0.004 0.012 0.015 0.014 0.019 0.830 0.006 0.008 0.013 0.012 0.012 0.013 0.007 0.017 0.013 0.007 
 52 QAc-G-0017    (0)    6 :  0.029 0.063 0.043 0.052 0.029 0.016 0.016 0.004 0.043 0.004 0.044 0.061 0.295 0.231 0.060 0.010 
 53 QAc-G-0250    (0)    7 :  0.251 0.055 0.058 0.047 0.136 0.006 0.008 0.009 0.065 0.009 0.080 0.058 0.010 0.020 0.055 0.133 
 54 QAc-G-0003    (6)    8 :  0.025 0.006 0.007 0.006 0.009 0.008 0.009 0.007 0.006 0.006 0.007 0.006 0.005 0.005 0.006 0.880 
 55 QAc-G-0283    (0)    9 :  0.053 0.158 0.116 0.091 0.027 0.009 0.073 0.005 0.101 0.005 0.100 0.102 0.006 0.013 0.139 0.004 
 56 QAc-G-0255    (0)   10 :  0.006 0.051 0.036 0.034 0.021 0.009 0.007 0.029 0.033 0.004 0.031 0.079 0.008 0.594 0.054 0.005 
 57 QAc-G-0256    (0)   10 :  0.014 0.008 0.008 0.008 0.007 0.007 0.004 0.009 0.008 0.006 0.007 0.007 0.017 0.867 0.007 0.016 
 58 QAc-G-0257    (0)   10 :  0.006 0.017 0.016 0.018 0.010 0.006 0.017 0.003 0.016 0.011 0.017 0.019 0.078 0.745 0.017 0.004 
 59 QAc-G-0259    (0)   10 :  0.003 0.110 0.066 0.165 0.058 0.003 0.005 0.008 0.270 0.003 0.163 0.044 0.003 0.013 0.084 0.002 
 60 QAc-G-0260    (0)   10 :  0.015 0.086 0.068 0.092 0.032 0.010 0.036 0.011 0.111 0.008 0.096 0.062 0.188 0.069 0.074 0.043 
 61 QAc-G-0261    (0)   10 :  0.007 0.053 0.045 0.054 0.018 0.013 0.005 0.004 0.042 0.007 0.045 0.049 0.594 0.014 0.045 0.004 
 62 QAc-G-0109    (0)   11 :  0.011 0.067 0.056 0.064 0.021 0.021 0.023 0.005 0.078 0.014 0.063 0.048 0.066 0.394 0.064 0.005 
 63 QAc-G-0113    (0)   11 :  0.050 0.024 0.021 0.024 0.086 0.012 0.007 0.006 0.029 0.020 0.040 0.026 0.024 0.604 0.019 0.011 
 64 QAc-G-0114    (0)   11 :  0.008 0.028 0.025 0.030 0.017 0.024 0.005 0.102 0.031 0.007 0.031 0.038 0.004 0.610 0.028 0.011 
 65 QAc-G-0117    (0)   11 :  0.056 0.075 0.092 0.075 0.085 0.058 0.007 0.044 0.077 0.011 0.061 0.077 0.089 0.115 0.071 0.007 
 66 QAc-G-0120    (0)   11 :  0.010 0.079 0.054 0.098 0.029 0.014 0.010 0.011 0.129 0.009 0.091 0.084 0.007 0.292 0.079 0.005 
 67 QAc-G-0125    (0)   11 :  0.052 0.025 0.025 0.024 0.012 0.004 0.024 0.005 0.027 0.039 0.024 0.019 0.661 0.018 0.024 0.017 
 68 QAc-G-0141    (0)   11 :  0.017 0.115 0.137 0.084 0.081 0.038 0.020 0.014 0.098 0.026 0.091 0.083 0.024 0.057 0.097 0.020 
 69 QAc-G-0143    (0)   11 :  0.004 0.186 0.107 0.111 0.019 0.008 0.004 0.004 0.112 0.006 0.154 0.167 0.003 0.005 0.105 0.006 
 70 QAc-G-0147    (0)   11 :  0.041 0.041 0.035 0.045 0.032 0.032 0.073 0.010 0.040 0.008 0.051 0.038 0.432 0.076 0.040 0.005 
 71 QAc-G-0174    (0)   11 :  0.874 0.005 0.005 0.005 0.006 0.008 0.004 0.005 0.005 0.005 0.005 0.005 0.004 0.004 0.005 0.057 
 72 QAc-G-0182    (0)   11 :  0.667 0.006 0.007 0.005 0.005 0.005 0.004 0.004 0.006 0.003 0.006 0.006 0.011 0.005 0.005 0.254 
 73 QAc-G-0188    (0)   11 :  0.014 0.065 0.037 0.055 0.033 0.007 0.004 0.018 0.049 0.004 0.056 0.082 0.007 0.296 0.062 0.209 
 74 QAc-G-0229    (0)   11 :  0.008 0.012 0.011 0.013 0.008 0.865 0.012 0.006 0.011 0.007 0.009 0.011 0.004 0.008 0.011 0.005 
 75 QAc-G-0233    (0)   11 :  0.004 0.061 0.054 0.072 0.029 0.012 0.105 0.332 0.101 0.037 0.067 0.047 0.011 0.006 0.056 0.007 
 76 QAc-G-0237    (0)   11 :  0.007 0.018 0.040 0.029 0.009 0.593 0.012 0.028 0.025 0.020 0.026 0.062 0.049 0.022 0.051 0.009 
 77 QAc-G-0243    (0)   11 :  0.008 0.104 0.136 0.094 0.023 0.017 0.030 0.091 0.091 0.013 0.078 0.101 0.052 0.008 0.150 0.003 
 78 QAc-G-0249    (0)   12 :  0.008 0.064 0.053 0.050 0.032 0.014 0.503 0.018 0.054 0.015 0.065 0.043 0.003 0.011 0.045 0.023 
 79 QAc-W-0001    (0)   13 :  0.004 0.009 0.009 0.009 0.006 0.037 0.005 0.856 0.009 0.005 0.008 0.008 0.013 0.012 0.008 0.003 
 80 QAc-W-0002    (0)   13 :  0.007 0.028 0.055 0.058 0.013 0.606 0.012 0.017 0.041 0.006 0.027 0.031 0.004 0.027 0.036 0.034 
 81 QAc-W-0003    (0)   13 :  0.026 0.016 0.019 0.016 0.012 0.018 0.005 0.772 0.018 0.021 0.013 0.015 0.013 0.015 0.012 0.007 
 82 QAc-W-0004    (0)   13 :  0.004 0.005 0.009 0.008 0.004 0.018 0.005 0.899 0.008 0.007 0.005 0.006 0.004 0.004 0.007 0.008 
 83 QAc-W-0005    (0)   13 :  0.006 0.008 0.007 0.008 0.004 0.007 0.007 0.907 0.007 0.004 0.006 0.007 0.004 0.005 0.007 0.005 
 84 QAc-W-0007   (13)   13 :  0.006 0.007 0.008 0.008 0.006 0.015 0.007 0.892 0.007 0.005 0.007 0.008 0.006 0.006 0.008 0.005 
 85 QAc-W-0008    (6)   13 :  0.007 0.032 0.031 0.035 0.022 0.015 0.016 0.703 0.030 0.004 0.029 0.027 0.004 0.007 0.032 0.006 
 86 QAc-W-0009    (0)   13 :  0.007 0.050 0.071 0.070 0.022 0.130 0.025 0.019 0.059 0.010 0.066 0.107 0.012 0.232 0.100 0.019 
 87 QAc-W-0010    (0)   13 :  0.018 0.023 0.024 0.024 0.018 0.011 0.027 0.696 0.019 0.006 0.019 0.030 0.033 0.018 0.027 0.007 
 88 QAc-W-0011    (0)   13 :  0.015 0.029 0.072 0.071 0.019 0.067 0.006 0.398 0.066 0.013 0.039 0.062 0.012 0.014 0.079 0.037 
 89 QAc-W-0012    (0)   13 :  0.006 0.019 0.024 0.035 0.017 0.111 0.012 0.640 0.021 0.012 0.021 0.023 0.010 0.010 0.024 0.013 
 90 QAc-W-0013    (0)   13 :  0.007 0.037 0.114 0.118 0.010 0.187 0.006 0.014 0.079 0.151 0.039 0.065 0.008 0.052 0.098 0.014 
 91 QAc-W-0014    (0)   13 :  0.010 0.011 0.016 0.013 0.008 0.017 0.016 0.845 0.011 0.005 0.009 0.013 0.005 0.004 0.012 0.004 
 92 QAc-W-0015    (0)   13 :  0.132 0.037 0.086 0.082 0.007 0.426 0.016 0.012 0.054 0.014 0.023 0.033 0.004 0.010 0.046 0.017 
 93 QAc-W-0017    (0)   13 :  0.047 0.140 0.149 0.102 0.029 0.046 0.040 0.011 0.113 0.026 0.081 0.086 0.007 0.014 0.099 0.009 
 94 QAc-W-0018    (0)   13 :  0.004 0.062 0.052 0.059 0.043 0.023 0.010 0.411 0.062 0.040 0.048 0.074 0.015 0.032 0.058 0.005 
 95 QAc-W-0020    (0)   13 :  0.005 0.028 0.022 0.020 0.012 0.007 0.003 0.796 0.020 0.003 0.019 0.019 0.010 0.004 0.025 0.004 
 96 QAc-W-0021    (0)   13 :  0.004 0.065 0.067 0.064 0.034 0.016 0.009 0.329 0.066 0.117 0.056 0.072 0.009 0.021 0.060 0.010 
 97 QAc-W-0022    (0)   13 :  0.028 0.128 0.123 0.103 0.030 0.102 0.024 0.021 0.090 0.012 0.070 0.115 0.009 0.008 0.123 0.015 
 98 QAc-W-0023    (6)   13 :  0.006 0.064 0.112 0.100 0.024 0.127 0.032 0.099 0.088 0.022 0.057 0.091 0.039 0.034 0.101 0.004 
 99 QAc-W-0024    (0)   13 :  0.005 0.069 0.069 0.057 0.023 0.019 0.011 0.366 0.060 0.095 0.043 0.049 0.006 0.011 0.068 0.049 
100 QAc-W-0025    (0)   13 :  0.005 0.027 0.034 0.035 0.014 0.343 0.010 0.363 0.026 0.017 0.024 0.039 0.004 0.011 0.039 0.007 
101 QAc-W-0026    (0)   13 :  0.016 0.028 0.031 0.046 0.022 0.053 0.027 0.479 0.037 0.082 0.034 0.031 0.021 0.016 0.028 0.050 
102 QAc-W-0027    (0)   13 :  0.004 0.014 0.014 0.018 0.009 0.748 0.011 0.073 0.015 0.004 0.014 0.032 0.004 0.012 0.023 0.006 
103 QAc-W-0028    (0)   13 :  0.008 0.037 0.041 0.029 0.009 0.146 0.009 0.580 0.030 0.004 0.022 0.035 0.004 0.007 0.032 0.008 
104 QAc-W-0029    (0)   13 :  0.004 0.030 0.090 0.093 0.026 0.177 0.004 0.263 0.061 0.007 0.040 0.073 0.019 0.012 0.098 0.004 
105 QAc-W-0032    (0)   13 :  0.003 0.010 0.014 0.014 0.006 0.023 0.007 0.838 0.011 0.006 0.007 0.014 0.022 0.004 0.018 0.003 
106 QAc-W-0033    (0)   13 :  0.009 0.079 0.076 0.106 0.086 0.021 0.022 0.156 0.125 0.013 0.108 0.073 0.032 0.012 0.079 0.004 
107 QAc-W-0035    (0)   13 :  0.014 0.037 0.046 0.042 0.030 0.411 0.024 0.129 0.045 0.017 0.037 0.071 0.007 0.006 0.064 0.021 
108 QAc-W-0037    (0)   13 :  0.006 0.010 0.013 0.012 0.008 0.824 0.007 0.023 0.011 0.015 0.012 0.017 0.017 0.006 0.011 0.008 
109 QAc-W-0038    (0)   13 :  0.033 0.121 0.122 0.074 0.019 0.094 0.010 0.153 0.078 0.007 0.063 0.071 0.010 0.012 0.124 0.009 
110 QAc-W-0040    (0)   13 :  0.010 0.017 0.020 0.024 0.012 0.017 0.135 0.631 0.022 0.013 0.021 0.017 0.025 0.008 0.017 0.009 
111 QAc-W-0041    (0)   13 :  0.006 0.031 0.096 0.079 0.027 0.366 0.010 0.043 0.065 0.059 0.034 0.058 0.006 0.034 0.053 0.032 
112 QAc-W-0042    (0)   14 :  0.011 0.018 0.028 0.028 0.049 0.016 0.005 0.007 0.025 0.017 0.024 0.022 0.306 0.383 0.024 0.038 
113 QAc-W-0044    (0)   14 :  0.075 0.046 0.112 0.083 0.037 0.087 0.029 0.008 0.067 0.005 0.033 0.070 0.161 0.071 0.073 0.043 
114 QAc-W-0045    (0)   14 :  0.006 0.019 0.011 0.013 0.048 0.013 0.004 0.007 0.015 0.008 0.021 0.020 0.026 0.761 0.015 0.011 
115 QAc-W-0048    (0)   14 :  0.006 0.022 0.022 0.024 0.014 0.013 0.005 0.011 0.027 0.017 0.023 0.017 0.074 0.699 0.021 0.005 
116 QAc-W-0050    (0)   14 :  0.006 0.022 0.024 0.020 0.487 0.009 0.011 0.004 0.020 0.006 0.115 0.042 0.021 0.182 0.021 0.009 
117 QAc-W-0051    (0)   14 :  0.035 0.012 0.011 0.012 0.553 0.006 0.004 0.007 0.011 0.015 0.122 0.040 0.094 0.058 0.012 0.006 
118 QAc-W-0052    (0)   14 :  0.006 0.005 0.005 0.005 0.004 0.005 0.004 0.009 0.005 0.003 0.005 0.005 0.921 0.006 0.005 0.006 
119 QAc-W-0053    (0)   14 :  0.008 0.012 0.013 0.012 0.014 0.008 0.007 0.008 0.012 0.005 0.011 0.014 0.018 0.840 0.012 0.005 
120 QAc-W-0054    (0)   14 :  0.069 0.077 0.057 0.062 0.192 0.011 0.020 0.009 0.061 0.009 0.085 0.070 0.080 0.044 0.053 0.101 
121 QAc-W-0056    (0)   14 :  0.011 0.061 0.051 0.055 0.339 0.071 0.010 0.048 0.060 0.011 0.131 0.060 0.008 0.020 0.057 0.007 
122 QAc-W-0057    (0)   14 :  0.082 0.026 0.026 0.027 0.447 0.018 0.014 0.006 0.031 0.026 0.118 0.044 0.011 0.089 0.030 0.007 
123 QAc-W-0060    (0)   14 :  0.871 0.006 0.006 0.007 0.005 0.019 0.006 0.003 0.007 0.004 0.007 0.006 0.032 0.005 0.007 0.008 
124 QAc-W-0061    (0)   14 :  0.650 0.028 0.025 0.026 0.021 0.038 0.050 0.013 0.026 0.012 0.025 0.028 0.005 0.018 0.022 0.014 
125 QAc-W-0062    (0)   14 :  0.932 0.004 0.004 0.004 0.004 0.004 0.005 0.003 0.004 0.004 0.004 0.004 0.009 0.004 0.004 0.005 
126 QAc-W-0063    (0)   14 :  0.805 0.010 0.014 0.012 0.007 0.007 0.009 0.016 0.013 0.022 0.012 0.013 0.021 0.006 0.013 0.020 
127 QAc-W-0064    (0)   14 :  0.880 0.008 0.008 0.008 0.008 0.006 0.007 0.010 0.007 0.007 0.007 0.007 0.005 0.005 0.008 0.020 
128 QAc-W-0065    (0)   14 :  0.767 0.021 0.019 0.014 0.028 0.015 0.016 0.009 0.019 0.011 0.019 0.016 0.007 0.009 0.021 0.010 
129 QAc-W-0066    (0)   14 :  0.005 0.003 0.003 0.003 0.003 0.004 0.003 0.003 0.003 0.004 0.003 0.003 0.003 0.003 0.003 0.951 
130 QAc-W-0072    (0)   14 :  0.714 0.015 0.013 0.014 0.029 0.005 0.110 0.016 0.015 0.010 0.017 0.016 0.004 0.005 0.012 0.005 
131 QAc-W-0073    (0)   14 :  0.831 0.016 0.015 0.013 0.014 0.008 0.007 0.006 0.012 0.008 0.012 0.014 0.008 0.015 0.014 0.006 
132 QAc-W-0077    (0)   14 :  0.712 0.006 0.006 0.007 0.009 0.007 0.005 0.005 0.006 0.004 0.006 0.006 0.005 0.008 0.006 0.203 
133 QAc-W-0078    (0)   15 :  0.008 0.030 0.029 0.039 0.018 0.023 0.019 0.013 0.042 0.641 0.028 0.029 0.015 0.006 0.028 0.031 
134 QAc-W-0079    (6)   15 :  0.004 0.006 0.007 0.006 0.005 0.007 0.007 0.005 0.006 0.909 0.005 0.006 0.003 0.007 0.006 0.011 
135 QAc-W-0081    (0)   15 :  0.008 0.006 0.007 0.007 0.005 0.005 0.005 0.008 0.007 0.905 0.006 0.007 0.010 0.005 0.007 0.004 
136 QAc-W-0082    (0)   15 :  0.005 0.006 0.006 0.006 0.382 0.005 0.004 0.003 0.006 0.433 0.086 0.025 0.002 0.021 0.005 0.005 
137 QAc-W-0083    (0)   15 :  0.035 0.008 0.009 0.009 0.012 0.007 0.010 0.008 0.008 0.844 0.010 0.009 0.008 0.007 0.008 0.007 
138 QAc-W-0086    (0)   15 :  0.005 0.008 0.008 0.012 0.011 0.008 0.009 0.007 0.008 0.876 0.008 0.007 0.005 0.005 0.008 0.015 
139 QAc-W-0087    (0)   15 :  0.003 0.006 0.006 0.006 0.005 0.005 0.007 0.004 0.006 0.918 0.006 0.006 0.003 0.009 0.006 0.005 
140 QAc-W-0088    (0)   15 :  0.005 0.018 0.015 0.015 0.011 0.012 0.007 0.006 0.018 0.817 0.019 0.019 0.005 0.011 0.015 0.007 
141 QAc-W-0092    (0)   15 :  0.006 0.023 0.045 0.030 0.011 0.091 0.010 0.023 0.030 0.617 0.018 0.029 0.020 0.016 0.019 0.011 
142 QAc-W-0093    (0)   15 :  0.005 0.027 0.029 0.023 0.016 0.020 0.015 0.027 0.023 0.714 0.026 0.027 0.009 0.013 0.024 0.003 
143 QAc-W-0094    (0)   15 :  0.050 0.038 0.054 0.040 0.020 0.009 0.007 0.051 0.050 0.278 0.039 0.045 0.254 0.026 0.032 0.006 
144 QAc-W-0097    (0)   15 :  0.008 0.034 0.033 0.034 0.015 0.062 0.006 0.026 0.032 0.627 0.029 0.028 0.016 0.013 0.029 0.007 
145 QAc-W-0099    (0)   15 :  0.004 0.033 0.044 0.041 0.023 0.009 0.017 0.004 0.040 0.625 0.031 0.049 0.019 0.017 0.038 0.004 
146 QAc-W-0107    (0)   15 :  0.029 0.009 0.010 0.010 0.009 0.006 0.006 0.006 0.009 0.856 0.010 0.008 0.007 0.004 0.009 0.012 
147 QAc-W-0115    (0)   16 :  0.007 0.011 0.012 0.014 0.007 0.022 0.845 0.011 0.013 0.009 0.010 0.012 0.006 0.004 0.012 0.005 
148 QAc-W-0116    (0)   16 :  0.005 0.034 0.036 0.031 0.017 0.019 0.690 0.008 0.033 0.007 0.030 0.025 0.014 0.021 0.028 0.003 
149 QAc-W-0117    (0)   16 :  0.004 0.012 0.012 0.011 0.006 0.008 0.873 0.005 0.011 0.003 0.010 0.011 0.003 0.013 0.013 0.004 
150 QAc-W-0118    (0)   16 :  0.020 0.014 0.013 0.013 0.011 0.006 0.786 0.007 0.016 0.020 0.012 0.013 0.005 0.007 0.014 0.041 
151 QAc-W-0119    (0)   16 :  0.005 0.022 0.021 0.022 0.019 0.008 0.774 0.006 0.022 0.007 0.021 0.020 0.007 0.007 0.021 0.017 
152 QAc-W-0120    (0)   16 :  0.010 0.035 0.025 0.039 0.017 0.009 0.690 0.010 0.035 0.010 0.031 0.025 0.005 0.013 0.027 0.020 
153 QAc-W-0121    (0)   16 :  0.011 0.015 0.015 0.015 0.028 0.006 0.758 0.007 0.015 0.004 0.016 0.014 0.003 0.007 0.013 0.073 
154 QAc-W-0122    (0)   16 :  0.008 0.069 0.088 0.040 0.039 0.006 0.519 0.021 0.036 0.007 0.040 0.049 0.005 0.010 0.061 0.004 
155 QAc-W-0123    (6)   16 :  0.010 0.034 0.031 0.023 0.011 0.013 0.712 0.004 0.024 0.009 0.027 0.032 0.017 0.009 0.035 0.008 
156 QAc-W-0124    (0)   16 :  0.126 0.025 0.035 0.025 0.024 0.046 0.486 0.018 0.024 0.099 0.021 0.027 0.008 0.004 0.020 0.011 
157 QAc-W-0125    (0)   16 :  0.005 0.013 0.013 0.012 0.008 0.011 0.835 0.008 0.014 0.018 0.013 0.013 0.008 0.008 0.012 0.008 
158 QAc-W-0132    (6)   16 :  0.029 0.028 0.036 0.027 0.012 0.042 0.573 0.019 0.029 0.038 0.029 0.026 0.020 0.006 0.034 0.052 
159 QAc-W-0134    (0)   16 :  0.007 0.007 0.007 0.006 0.005 0.007 0.913 0.004 0.006 0.005 0.006 0.006 0.006 0.005 0.006 0.004 
160 QAc-W-0135    (0)   16 :  0.034 0.024 0.024 0.022 0.010 0.026 0.623 0.105 0.021 0.010 0.019 0.030 0.004 0.006 0.027 0.016 
161 QAc-W-0136    (0)   16 :  0.005 0.008 0.006 0.007 0.006 0.006 0.908 0.005 0.009 0.005 0.007 0.007 0.006 0.005 0.007 0.003 
162 QAc-W-0138    (0)   16 :  0.004 0.010 0.009 0.009 0.006 0.005 0.896 0.008 0.008 0.003 0.007 0.010 0.006 0.004 0.011 0.004 
163 QAc-W-0140    (0)   16 :  0.005 0.024 0.027 0.023 0.011 0.019 0.748 0.009 0.020 0.006 0.018 0.030 0.004 0.024 0.026 0.005 
164 QAc-W-0141    (6)   16 :  0.009 0.122 0.119 0.090 0.025 0.048 0.097 0.020 0.073 0.008 0.077 0.120 0.006 0.018 0.142 0.027 
165 QAc-W-0142    (0)   16 :  0.013 0.007 0.006 0.007 0.010 0.004 0.897 0.004 0.007 0.005 0.007 0.007 0.004 0.005 0.007 0.012 
166 QAc-W-0143    (0)   16 :  0.005 0.013 0.012 0.012 0.010 0.005 0.842 0.008 0.014 0.026 0.013 0.011 0.005 0.010 0.012 0.003 
167 QAc-W-0145    (0)   16 :  0.007 0.014 0.016 0.013 0.009 0.005 0.862 0.004 0.012 0.004 0.014 0.014 0.004 0.005 0.014 0.003 
168 QAc-W-0148    (0)   16 :  0.007 0.007 0.008 0.008 0.006 0.013 0.899 0.007 0.007 0.004 0.006 0.007 0.006 0.005 0.007 0.004 
169 QAc-W-0149    (0)   16 :  0.015 0.097 0.094 0.083 0.056 0.007 0.271 0.012 0.064 0.011 0.054 0.092 0.034 0.014 0.089 0.004 
170 QAc-W-0150    (0)   16 :  0.008 0.074 0.071 0.057 0.042 0.034 0.328 0.088 0.054 0.033 0.045 0.075 0.019 0.006 0.059 0.006 
171 QAc-W-0151    (0)   16 :  0.006 0.016 0.016 0.016 0.010 0.057 0.775 0.011 0.017 0.011 0.017 0.014 0.006 0.006 0.017 0.004 
172 QAc-W-0152    (0)   16 :  0.032 0.010 0.011 0.012 0.014 0.008 0.843 0.005 0.010 0.005 0.011 0.009 0.005 0.010 0.008 0.006 
173 QAc-W-0153    (0)   16 :  0.022 0.160 0.163 0.064 0.018 0.029 0.017 0.006 0.091 0.027 0.080 0.112 0.004 0.006 0.197 0.005 
174 QAc-W-0154    (0)   16 :  0.005 0.027 0.024 0.024 0.012 0.008 0.733 0.052 0.027 0.006 0.023 0.025 0.004 0.006 0.021 0.003 
175 QAc-W-0157    (0)   16 :  0.018 0.046 0.035 0.040 0.016 0.021 0.609 0.005 0.042 0.005 0.045 0.034 0.026 0.014 0.032 0.012 
176 QAc-W-0158    (0)   16 :  0.008 0.022 0.029 0.029 0.009 0.063 0.622 0.043 0.028 0.030 0.021 0.026 0.008 0.006 0.029 0.027 
177 QAc-W-0159    (0)   16 :  0.004 0.008 0.009 0.008 0.009 0.007 0.887 0.009 0.009 0.007 0.009 0.009 0.008 0.006 0.009 0.004 
178 QAc-W-0160    (0)   16 :  0.005 0.022 0.021 0.028 0.010 0.019 0.764 0.022 0.026 0.008 0.018 0.021 0.004 0.005 0.022 0.004 
179 QAc-W-0162    (0)   16 :  0.090 0.017 0.013 0.013 0.033 0.004 0.706 0.004 0.014 0.007 0.019 0.015 0.019 0.028 0.012 0.005 
180 QAc-W-0163    (0)   16 :  0.010 0.023 0.024 0.027 0.103 0.008 0.623 0.006 0.031 0.005 0.041 0.025 0.009 0.038 0.022 0.006 
181 QAc-W-0164    (0)   16 :  0.080 0.029 0.027 0.032 0.025 0.007 0.637 0.008 0.034 0.011 0.029 0.025 0.009 0.012 0.026 0.009 
182 QAc-W-0167    (0)   17 :  0.008 0.195 0.178 0.059 0.019 0.006 0.007 0.006 0.114 0.019 0.091 0.076 0.006 0.010 0.199 0.006 
183 QAc-W-0168    (0)   17 :  0.023 0.118 0.102 0.090 0.032 0.015 0.118 0.009 0.118 0.014 0.117 0.081 0.008 0.017 0.091 0.048 
184 QAc-W-0169    (0)   17 :  0.011 0.143 0.089 0.118 0.069 0.015 0.006 0.020 0.138 0.004 0.140 0.109 0.004 0.014 0.111 0.010 
185 QAc-W-0170    (0)   17 :  0.006 0.159 0.127 0.116 0.031 0.056 0.012 0.011 0.128 0.007 0.107 0.104 0.005 0.008 0.119 0.004 
186 QAc-W-0172    (0)   17 :  0.002 0.131 0.086 0.141 0.040 0.010 0.007 0.008 0.143 0.009 0.146 0.115 0.015 0.005 0.140 0.002 
187 QAc-W-0173    (0)   17 :  0.011 0.202 0.158 0.074 0.011 0.015 0.012 0.012 0.097 0.007 0.077 0.093 0.005 0.005 0.218 0.004 
188 QAc-W-0174    (0)   17 :  0.011 0.180 0.157 0.061 0.020 0.009 0.009 0.004 0.110 0.006 0.093 0.118 0.004 0.009 0.200 0.010 


Estimated Allele Frequencies in each cluster
First column gives estimated ancestral frequencies


Locus 1 : 
18 alleles
0.0% missing data
 210   (0.107) 0.023 0.110 0.103 0.102 0.094 0.073 0.183 0.017 0.102 0.149 0.104 0.115 0.029 0.257 0.108 0.007 
 212   (0.119) 0.016 0.119 0.124 0.124 0.103 0.401 0.070 0.052 0.122 0.275 0.115 0.140 0.024 0.035 0.126 0.197 
 202   (0.061) 0.007 0.054 0.044 0.053 0.031 0.038 0.006 0.066 0.055 0.138 0.052 0.051 0.302 0.018 0.049 0.004 
 226   (0.044) 0.130 0.033 0.030 0.035 0.035 0.005 0.004 0.005 0.037 0.015 0.038 0.030 0.221 0.025 0.029 0.244 
 216   (0.076) 0.059 0.064 0.060 0.067 0.044 0.010 0.136 0.018 0.069 0.168 0.067 0.060 0.177 0.051 0.061 0.005 
 200   (0.241) 0.133 0.282 0.332 0.308 0.172 0.372 0.149 0.509 0.287 0.088 0.243 0.290 0.122 0.194 0.315 0.510 
 224   (0.042) 0.259 0.043 0.049 0.047 0.027 0.024 0.005 0.009 0.044 0.012 0.040 0.039 0.010 0.010 0.043 0.004 
 218   (0.054) 0.019 0.045 0.040 0.045 0.044 0.011 0.157 0.086 0.048 0.105 0.048 0.044 0.010 0.013 0.041 0.004 
 228   (0.012) 0.125 0.008 0.007 0.009 0.004 0.001 0.001 0.001 0.009 0.001 0.009 0.006 0.002 0.003 0.007 0.001 
 214   (0.067) 0.206 0.062 0.054 0.055 0.361 0.008 0.021 0.007 0.061 0.009 0.127 0.068 0.042 0.163 0.055 0.014 
 208   (0.057) 0.007 0.074 0.070 0.058 0.029 0.041 0.006 0.209 0.059 0.025 0.056 0.071 0.017 0.084 0.077 0.004 
 220   (0.028) 0.004 0.034 0.028 0.025 0.015 0.006 0.009 0.003 0.028 0.003 0.027 0.028 0.005 0.007 0.027 0.002 
 196   (0.011) 0.001 0.008 0.007 0.009 0.005 0.001 0.001 0.001 0.010 0.001 0.009 0.007 0.002 0.003 0.007 0.001 
 238   (0.011) 0.002 0.012 0.009 0.009 0.005 0.001 0.002 0.001 0.010 0.001 0.010 0.009 0.002 0.003 0.010 0.001 
 206   (0.021) 0.002 0.016 0.013 0.016 0.009 0.002 0.028 0.003 0.018 0.003 0.016 0.014 0.004 0.062 0.014 0.001 
 190   (0.012) 0.001 0.009 0.007 0.009 0.005 0.001 0.001 0.001 0.011 0.001 0.010 0.007 0.002 0.003 0.007 0.001 
 222   (0.024) 0.003 0.019 0.016 0.019 0.011 0.003 0.219 0.008 0.020 0.004 0.018 0.015 0.027 0.006 0.016 0.002 
 232   (0.012) 0.001 0.009 0.007 0.009 0.006 0.001 0.001 0.001 0.010 0.001 0.010 0.007 0.003 0.063 0.008 0.001 

Locus 2 : 
15 alleles
2.1% missing data
 171   (0.209) 0.044 0.217 0.238 0.233 0.232 0.426 0.059 0.308 0.225 0.181 0.219 0.229 0.243 0.452 0.219 0.018 
 175   (0.097) 0.029 0.083 0.082 0.092 0.219 0.057 0.023 0.047 0.091 0.257 0.122 0.089 0.203 0.030 0.079 0.028 
 185   (0.052) 0.016 0.048 0.044 0.045 0.029 0.006 0.225 0.008 0.048 0.082 0.045 0.046 0.013 0.014 0.043 0.005 
 179   (0.076) 0.487 0.086 0.076 0.070 0.048 0.010 0.272 0.009 0.073 0.010 0.068 0.067 0.244 0.019 0.077 0.039 
 181   (0.093) 0.049 0.093 0.107 0.105 0.077 0.127 0.010 0.033 0.102 0.343 0.088 0.093 0.033 0.117 0.095 0.557 
 173   (0.188) 0.149 0.177 0.203 0.200 0.206 0.218 0.196 0.187 0.191 0.041 0.192 0.209 0.175 0.169 0.215 0.329 
 177   (0.032) 0.181 0.025 0.021 0.025 0.034 0.004 0.088 0.003 0.028 0.004 0.030 0.024 0.006 0.009 0.023 0.003 
 187   (0.094) 0.026 0.119 0.099 0.089 0.079 0.118 0.022 0.109 0.096 0.012 0.097 0.100 0.018 0.046 0.106 0.009 
 183   (0.060) 0.007 0.070 0.060 0.057 0.032 0.008 0.083 0.007 0.058 0.021 0.056 0.069 0.016 0.100 0.069 0.006 
 189   (0.031) 0.004 0.026 0.024 0.028 0.015 0.017 0.015 0.280 0.029 0.004 0.027 0.026 0.005 0.008 0.026 0.003 
 191   (0.021) 0.003 0.016 0.016 0.017 0.010 0.002 0.002 0.003 0.018 0.041 0.017 0.015 0.036 0.027 0.014 0.002 
 163   (0.011) 0.001 0.008 0.006 0.009 0.005 0.001 0.001 0.001 0.010 0.001 0.009 0.006 0.002 0.002 0.007 0.001 
 165   (0.011) 0.001 0.008 0.007 0.009 0.005 0.001 0.001 0.001 0.010 0.001 0.009 0.006 0.002 0.002 0.007 0.001 
 193   (0.012) 0.001 0.012 0.008 0.010 0.005 0.001 0.001 0.001 0.010 0.001 0.010 0.011 0.002 0.003 0.009 0.001 
 167   (0.012) 0.001 0.010 0.008 0.010 0.005 0.001 0.001 0.001 0.011 0.001 0.010 0.009 0.002 0.003 0.009 0.001 

Locus 3 : 
4 alleles
1.1% missing data
 206   (0.888) 0.881 0.897 0.909 0.903 0.930 0.984 0.987 0.692 0.897 0.974 0.900 0.911 0.894 0.902 0.901 0.989 
 208   (0.059) 0.054 0.050 0.043 0.050 0.046 0.010 0.007 0.301 0.054 0.008 0.052 0.045 0.012 0.066 0.046 0.004 
 204   (0.040) 0.063 0.033 0.029 0.034 0.018 0.005 0.005 0.005 0.035 0.016 0.033 0.029 0.092 0.029 0.031 0.007 
 212   (0.014) 0.002 0.020 0.019 0.013 0.006 0.002 0.001 0.002 0.014 0.002 0.014 0.015 0.002 0.003 0.022 0.001 

Locus 4 : 
15 alleles
1.1% missing data
 165   (0.078) 0.304 0.088 0.092 0.084 0.068 0.031 0.008 0.014 0.085 0.461 0.082 0.091 0.046 0.021 0.110 0.005 
 163   (0.195) 0.081 0.244 0.237 0.213 0.180 0.063 0.284 0.088 0.213 0.029 0.206 0.222 0.080 0.266 0.243 0.015 
 167   (0.147) 0.020 0.143 0.139 0.137 0.166 0.195 0.143 0.242 0.141 0.071 0.148 0.139 0.482 0.098 0.134 0.010 
 161   (0.355) 0.571 0.329 0.362 0.367 0.440 0.671 0.495 0.475 0.354 0.129 0.363 0.358 0.327 0.431 0.333 0.955 
 153   (0.016) 0.002 0.012 0.017 0.019 0.007 0.004 0.002 0.010 0.018 0.002 0.014 0.016 0.003 0.004 0.017 0.001 
 173   (0.033) 0.004 0.027 0.022 0.028 0.048 0.004 0.003 0.004 0.028 0.260 0.037 0.027 0.006 0.025 0.023 0.002 
 171   (0.038) 0.004 0.041 0.034 0.036 0.023 0.004 0.004 0.005 0.038 0.005 0.036 0.041 0.031 0.050 0.038 0.003 
 179   (0.012) 0.001 0.011 0.009 0.010 0.005 0.004 0.001 0.002 0.011 0.002 0.011 0.009 0.002 0.003 0.009 0.001 
 157   (0.022) 0.002 0.017 0.015 0.018 0.011 0.013 0.002 0.145 0.019 0.003 0.018 0.016 0.004 0.017 0.016 0.002 
 149   (0.011) 0.001 0.008 0.006 0.009 0.007 0.001 0.001 0.001 0.009 0.001 0.009 0.006 0.002 0.026 0.007 0.001 
 177   (0.021) 0.002 0.022 0.020 0.021 0.011 0.004 0.002 0.003 0.020 0.013 0.019 0.023 0.004 0.006 0.021 0.001 
 155   (0.017) 0.002 0.013 0.011 0.014 0.008 0.002 0.003 0.007 0.016 0.002 0.014 0.011 0.003 0.004 0.011 0.001 
 175   (0.012) 0.001 0.009 0.008 0.010 0.005 0.001 0.001 0.001 0.011 0.001 0.010 0.009 0.002 0.010 0.008 0.001 
 169   (0.023) 0.002 0.021 0.016 0.019 0.011 0.003 0.002 0.003 0.020 0.018 0.020 0.019 0.005 0.034 0.016 0.001 
 159   (0.020) 0.002 0.015 0.012 0.016 0.009 0.002 0.047 0.002 0.017 0.002 0.016 0.013 0.003 0.005 0.014 0.001 

Locus 5 : 
16 alleles
0.0% missing data
 148   (0.117) 0.050 0.117 0.106 0.112 0.053 0.195 0.050 0.106 0.113 0.281 0.102 0.120 0.028 0.095 0.110 0.358 
 160   (0.025) 0.003 0.019 0.018 0.021 0.011 0.004 0.003 0.004 0.023 0.058 0.019 0.017 0.062 0.026 0.018 0.002 
 154   (0.077) 0.174 0.079 0.070 0.069 0.062 0.010 0.225 0.020 0.073 0.028 0.070 0.070 0.052 0.022 0.067 0.011 
 150   (0.061) 0.010 0.055 0.057 0.062 0.325 0.028 0.006 0.063 0.062 0.010 0.120 0.070 0.013 0.077 0.057 0.013 
 138   (0.120) 0.183 0.109 0.116 0.112 0.068 0.057 0.250 0.024 0.115 0.149 0.111 0.115 0.313 0.093 0.119 0.008 
 166   (0.032) 0.003 0.023 0.020 0.025 0.014 0.005 0.003 0.036 0.027 0.015 0.024 0.020 0.258 0.196 0.020 0.002 
 146   (0.100) 0.230 0.097 0.091 0.087 0.050 0.028 0.017 0.034 0.095 0.165 0.088 0.082 0.077 0.091 0.096 0.331 
 164   (0.017) 0.002 0.014 0.011 0.014 0.007 0.002 0.002 0.002 0.014 0.002 0.013 0.012 0.038 0.004 0.012 0.001 
 142   (0.018) 0.002 0.013 0.011 0.014 0.155 0.002 0.017 0.002 0.015 0.002 0.046 0.018 0.004 0.009 0.011 0.008 
 144   (0.149) 0.296 0.159 0.175 0.167 0.095 0.390 0.148 0.070 0.160 0.027 0.142 0.163 0.058 0.240 0.170 0.234 
 140   (0.082) 0.010 0.096 0.094 0.088 0.036 0.240 0.219 0.190 0.084 0.021 0.075 0.080 0.017 0.021 0.087 0.007 
 158   (0.044) 0.005 0.044 0.060 0.061 0.026 0.012 0.018 0.009 0.052 0.087 0.042 0.050 0.032 0.027 0.056 0.004 
 162   (0.028) 0.003 0.031 0.029 0.025 0.022 0.005 0.003 0.003 0.028 0.128 0.027 0.023 0.005 0.008 0.028 0.002 
 152   (0.089) 0.025 0.107 0.112 0.108 0.058 0.016 0.034 0.432 0.103 0.012 0.088 0.123 0.019 0.039 0.117 0.017 
 134   (0.019) 0.002 0.017 0.013 0.016 0.009 0.002 0.002 0.003 0.017 0.002 0.016 0.019 0.003 0.047 0.016 0.001 
 156   (0.021) 0.002 0.021 0.018 0.019 0.009 0.004 0.002 0.003 0.019 0.013 0.017 0.017 0.022 0.005 0.017 0.001 

Locus 6 : 
12 alleles
0.0% missing data
 225   (0.047) 0.007 0.042 0.037 0.041 0.036 0.005 0.018 0.011 0.043 0.119 0.041 0.037 0.008 0.012 0.037 0.289 
 239   (0.105) 0.229 0.097 0.101 0.099 0.064 0.105 0.016 0.015 0.097 0.029 0.098 0.112 0.236 0.052 0.109 0.425 
 229   (0.016) 0.002 0.011 0.010 0.014 0.006 0.002 0.002 0.002 0.013 0.286 0.012 0.010 0.002 0.004 0.011 0.001 
 235   (0.298) 0.311 0.315 0.316 0.300 0.466 0.418 0.494 0.270 0.303 0.376 0.339 0.311 0.089 0.143 0.312 0.235 
 237   (0.209) 0.265 0.237 0.224 0.219 0.160 0.274 0.163 0.199 0.217 0.039 0.205 0.224 0.068 0.177 0.223 0.025 
 233   (0.101) 0.158 0.083 0.103 0.111 0.080 0.160 0.014 0.461 0.103 0.063 0.093 0.095 0.256 0.092 0.098 0.010 
 227   (0.032) 0.003 0.024 0.019 0.024 0.032 0.003 0.003 0.003 0.027 0.004 0.028 0.024 0.282 0.398 0.022 0.002 
 245   (0.066) 0.008 0.070 0.084 0.077 0.044 0.015 0.145 0.022 0.077 0.008 0.063 0.071 0.023 0.021 0.073 0.005 
 241   (0.038) 0.008 0.032 0.031 0.033 0.036 0.005 0.023 0.007 0.035 0.067 0.034 0.032 0.014 0.035 0.028 0.003 
 231   (0.051) 0.006 0.060 0.048 0.049 0.054 0.006 0.052 0.005 0.052 0.006 0.054 0.056 0.017 0.024 0.057 0.003 
 243   (0.026) 0.003 0.020 0.020 0.025 0.016 0.004 0.069 0.003 0.024 0.003 0.022 0.022 0.005 0.040 0.023 0.002 
 251   (0.011) 0.001 0.008 0.007 0.009 0.005 0.001 0.001 0.001 0.010 0.001 0.009 0.007 0.002 0.003 0.007 0.001 

Locus 7 : 
5 alleles
0.0% missing data
 118   (0.918) 0.991 0.930 0.933 0.926 0.689 0.939 0.991 0.920 0.922 0.989 0.870 0.924 0.675 0.974 0.927 0.993 
 124   (0.040) 0.004 0.031 0.032 0.040 0.016 0.057 0.004 0.075 0.039 0.005 0.033 0.033 0.317 0.009 0.036 0.003 
 116   (0.013) 0.001 0.008 0.007 0.010 0.282 0.001 0.001 0.001 0.011 0.002 0.070 0.020 0.002 0.010 0.008 0.003 
 114   (0.017) 0.002 0.020 0.019 0.015 0.007 0.002 0.002 0.003 0.017 0.002 0.016 0.014 0.004 0.004 0.021 0.001 
 122   (0.012) 0.001 0.010 0.008 0.010 0.006 0.001 0.001 0.001 0.011 0.001 0.011 0.009 0.002 0.003 0.008 0.001 

Locus 8 : 
5 alleles
0.0% missing data
 135   (0.054) 0.007 0.061 0.075 0.074 0.027 0.028 0.028 0.013 0.072 0.023 0.054 0.082 0.010 0.013 0.079 0.011 
 139   (0.754) 0.955 0.782 0.785 0.759 0.628 0.915 0.664 0.927 0.755 0.818 0.728 0.754 0.948 0.646 0.773 0.917 
 137   (0.144) 0.033 0.120 0.109 0.128 0.322 0.052 0.240 0.054 0.129 0.153 0.178 0.132 0.034 0.330 0.114 0.069 
 143   (0.034) 0.004 0.028 0.024 0.029 0.019 0.004 0.038 0.004 0.032 0.004 0.030 0.024 0.006 0.009 0.026 0.002 
 141   (0.013) 0.001 0.009 0.007 0.010 0.005 0.002 0.030 0.002 0.011 0.002 0.010 0.008 0.002 0.003 0.008 0.001 

Locus 9 : 
11 alleles
0.0% missing data
 116   (0.292) 0.183 0.300 0.329 0.325 0.221 0.274 0.311 0.510 0.312 0.427 0.285 0.342 0.111 0.122 0.339 0.372 
 112   (0.089) 0.372 0.090 0.083 0.082 0.053 0.080 0.171 0.038 0.082 0.059 0.077 0.075 0.016 0.022 0.080 0.013 
 122   (0.064) 0.294 0.049 0.046 0.055 0.125 0.008 0.010 0.010 0.057 0.007 0.070 0.050 0.299 0.255 0.046 0.425 
 114   (0.214) 0.047 0.230 0.226 0.214 0.112 0.341 0.298 0.358 0.219 0.081 0.199 0.221 0.055 0.234 0.228 0.021 
 120   (0.043) 0.023 0.032 0.028 0.035 0.019 0.147 0.020 0.005 0.038 0.005 0.034 0.029 0.207 0.011 0.030 0.003 
 130   (0.038) 0.004 0.029 0.042 0.045 0.016 0.042 0.004 0.006 0.040 0.005 0.033 0.036 0.170 0.076 0.040 0.003 
 118   (0.125) 0.018 0.137 0.136 0.128 0.070 0.078 0.143 0.040 0.130 0.398 0.115 0.115 0.117 0.052 0.121 0.020 
 124   (0.062) 0.051 0.056 0.050 0.052 0.183 0.008 0.035 0.007 0.057 0.008 0.088 0.051 0.011 0.074 0.052 0.137 
 126   (0.038) 0.004 0.033 0.026 0.031 0.186 0.018 0.004 0.009 0.033 0.006 0.065 0.044 0.009 0.146 0.030 0.003 
 108   (0.014) 0.001 0.018 0.012 0.014 0.005 0.002 0.001 0.001 0.013 0.002 0.014 0.017 0.002 0.003 0.011 0.001 
 128   (0.022) 0.003 0.026 0.021 0.020 0.010 0.003 0.003 0.016 0.021 0.003 0.020 0.019 0.004 0.005 0.023 0.002 

Locus 10 : 
4 alleles
0.0% missing data
 232   (0.893) 0.988 0.903 0.916 0.906 0.949 0.945 0.928 0.987 0.902 0.987 0.908 0.907 0.971 0.688 0.915 0.993 
 238   (0.077) 0.009 0.065 0.060 0.069 0.040 0.052 0.069 0.010 0.072 0.010 0.066 0.065 0.024 0.306 0.063 0.006 
 234   (0.017) 0.002 0.020 0.014 0.015 0.006 0.002 0.002 0.002 0.015 0.002 0.016 0.019 0.002 0.004 0.013 0.001 
 244   (0.013) 0.001 0.012 0.010 0.010 0.005 0.002 0.001 0.001 0.011 0.002 0.010 0.009 0.002 0.003 0.009 0.001 

Locus 11 : 
7 alleles
0.0% missing data
 165   (0.760) 0.800 0.764 0.789 0.776 0.607 0.775 0.928 0.921 0.770 0.915 0.728 0.777 0.927 0.892 0.786 0.768 
 167   (0.078) 0.181 0.061 0.052 0.063 0.287 0.014 0.029 0.010 0.067 0.058 0.119 0.067 0.023 0.024 0.055 0.221 
 161   (0.112) 0.013 0.135 0.127 0.120 0.086 0.206 0.012 0.064 0.119 0.021 0.112 0.120 0.042 0.073 0.124 0.008 
 155   (0.012) 0.001 0.009 0.007 0.010 0.005 0.001 0.001 0.001 0.011 0.001 0.010 0.007 0.002 0.003 0.008 0.001 
 173   (0.012) 0.001 0.012 0.009 0.010 0.004 0.001 0.001 0.001 0.010 0.001 0.011 0.011 0.002 0.003 0.009 0.001 
 163   (0.013) 0.001 0.009 0.008 0.010 0.006 0.001 0.028 0.001 0.011 0.002 0.010 0.008 0.002 0.003 0.008 0.001 
 171   (0.013) 0.001 0.010 0.008 0.011 0.005 0.001 0.001 0.001 0.011 0.002 0.011 0.009 0.002 0.003 0.010 0.001 

Locus 12 : 
8 alleles
0.0% missing data
 137   (0.511) 0.420 0.534 0.506 0.504 0.672 0.246 0.820 0.342 0.509 0.411 0.544 0.521 0.844 0.537 0.502 0.457 
 140   (0.158) 0.056 0.143 0.188 0.182 0.088 0.496 0.059 0.578 0.172 0.210 0.145 0.185 0.033 0.077 0.175 0.016 
 134   (0.253) 0.516 0.249 0.243 0.250 0.206 0.249 0.083 0.060 0.249 0.369 0.244 0.236 0.110 0.318 0.250 0.521 
 149   (0.012) 0.001 0.009 0.008 0.010 0.005 0.001 0.001 0.001 0.011 0.002 0.010 0.007 0.002 0.003 0.008 0.001 
 143   (0.015) 0.002 0.012 0.010 0.012 0.007 0.002 0.002 0.002 0.013 0.002 0.012 0.012 0.004 0.046 0.011 0.002 
 128   (0.012) 0.001 0.009 0.007 0.010 0.005 0.001 0.001 0.001 0.011 0.001 0.010 0.009 0.002 0.009 0.008 0.001 
 125   (0.019) 0.002 0.014 0.012 0.015 0.009 0.003 0.031 0.013 0.015 0.002 0.015 0.012 0.003 0.005 0.012 0.001 
 146   (0.019) 0.002 0.031 0.027 0.017 0.008 0.002 0.002 0.002 0.021 0.002 0.020 0.019 0.003 0.004 0.032 0.001 

Locus 13 : 
19 alleles
0.5% missing data
 206   (0.132) 0.030 0.113 0.108 0.117 0.115 0.175 0.150 0.258 0.122 0.410 0.120 0.113 0.218 0.068 0.107 0.051 
 210   (0.100) 0.042 0.094 0.114 0.117 0.057 0.154 0.022 0.169 0.108 0.279 0.090 0.102 0.018 0.028 0.101 0.409 
 190   (0.070) 0.012 0.081 0.074 0.070 0.043 0.009 0.116 0.087 0.071 0.009 0.069 0.072 0.030 0.017 0.080 0.005 
 202   (0.085) 0.014 0.092 0.101 0.100 0.201 0.012 0.011 0.034 0.095 0.017 0.107 0.117 0.523 0.260 0.103 0.008 
 214   (0.042) 0.145 0.038 0.033 0.036 0.019 0.022 0.005 0.066 0.038 0.005 0.034 0.031 0.008 0.012 0.033 0.249 
 212   (0.033) 0.004 0.025 0.023 0.028 0.020 0.004 0.421 0.004 0.028 0.004 0.027 0.023 0.005 0.008 0.024 0.187 
 192   (0.105) 0.013 0.122 0.147 0.128 0.071 0.275 0.035 0.089 0.121 0.048 0.106 0.122 0.061 0.028 0.136 0.008 
 204   (0.038) 0.063 0.038 0.034 0.035 0.026 0.010 0.014 0.020 0.035 0.005 0.033 0.034 0.017 0.015 0.033 0.017 
 184   (0.058) 0.007 0.048 0.048 0.051 0.030 0.023 0.098 0.020 0.055 0.101 0.049 0.047 0.010 0.013 0.045 0.004 
 216   (0.023) 0.002 0.016 0.023 0.023 0.010 0.261 0.002 0.016 0.020 0.003 0.020 0.030 0.004 0.005 0.027 0.001 
 208   (0.046) 0.005 0.041 0.048 0.053 0.021 0.022 0.047 0.187 0.048 0.006 0.041 0.046 0.010 0.011 0.050 0.018 
 198   (0.036) 0.004 0.062 0.051 0.039 0.017 0.004 0.005 0.004 0.043 0.004 0.038 0.047 0.019 0.008 0.059 0.002 
 194   (0.062) 0.587 0.056 0.050 0.054 0.242 0.008 0.010 0.020 0.057 0.032 0.103 0.059 0.020 0.201 0.047 0.006 
 186   (0.018) 0.051 0.013 0.011 0.014 0.011 0.002 0.002 0.002 0.015 0.003 0.015 0.012 0.003 0.005 0.011 0.010 
 188   (0.020) 0.002 0.017 0.015 0.017 0.009 0.004 0.002 0.004 0.018 0.002 0.017 0.017 0.003 0.036 0.015 0.001 
 200   (0.071) 0.012 0.069 0.063 0.061 0.073 0.008 0.034 0.012 0.065 0.065 0.068 0.062 0.037 0.269 0.063 0.019 
 196   (0.038) 0.005 0.048 0.039 0.035 0.023 0.005 0.022 0.005 0.040 0.005 0.039 0.040 0.007 0.010 0.047 0.003 
 220   (0.010) 0.001 0.008 0.007 0.008 0.005 0.001 0.001 0.001 0.009 0.001 0.008 0.007 0.006 0.004 0.007 0.001 
 180   (0.015) 0.001 0.018 0.013 0.014 0.006 0.002 0.001 0.002 0.013 0.002 0.015 0.018 0.002 0.003 0.011 0.001 

Locus 14 : 
8 alleles
1.1% missing data
 139   (0.077) 0.163 0.064 0.070 0.075 0.103 0.237 0.008 0.011 0.075 0.090 0.077 0.064 0.040 0.056 0.059 0.183 
 145   (0.064) 0.010 0.056 0.052 0.056 0.043 0.023 0.164 0.012 0.057 0.143 0.055 0.050 0.013 0.037 0.048 0.010 
 151   (0.303) 0.543 0.294 0.311 0.308 0.222 0.181 0.405 0.650 0.306 0.455 0.277 0.289 0.348 0.280 0.295 0.335 
 157   (0.350) 0.160 0.390 0.401 0.378 0.412 0.487 0.270 0.283 0.373 0.223 0.383 0.420 0.468 0.326 0.431 0.158 
 154   (0.102) 0.111 0.104 0.087 0.092 0.124 0.058 0.122 0.031 0.094 0.015 0.108 0.094 0.018 0.030 0.087 0.308 
 163   (0.041) 0.005 0.036 0.031 0.037 0.047 0.005 0.004 0.005 0.036 0.066 0.041 0.034 0.100 0.013 0.032 0.003 
 160   (0.034) 0.004 0.026 0.022 0.028 0.018 0.004 0.003 0.004 0.031 0.005 0.029 0.022 0.006 0.242 0.023 0.002 
 142   (0.030) 0.003 0.029 0.027 0.025 0.032 0.005 0.024 0.004 0.028 0.004 0.029 0.026 0.006 0.017 0.025 0.002 

Locus 15 : 
13 alleles
1.6% missing data
 256   (0.153) 0.123 0.126 0.114 0.133 0.179 0.159 0.136 0.168 0.137 0.164 0.153 0.127 0.127 0.162 0.118 0.078 
 262   (0.023) 0.003 0.016 0.013 0.017 0.130 0.003 0.002 0.002 0.019 0.266 0.047 0.019 0.004 0.010 0.014 0.001 
 246   (0.120) 0.014 0.137 0.150 0.133 0.107 0.133 0.030 0.094 0.130 0.177 0.124 0.149 0.024 0.107 0.159 0.008 
 258   (0.179) 0.024 0.201 0.231 0.224 0.210 0.288 0.163 0.228 0.210 0.026 0.191 0.222 0.529 0.157 0.218 0.014 
 254   (0.109) 0.333 0.103 0.087 0.098 0.074 0.029 0.067 0.164 0.100 0.014 0.099 0.103 0.178 0.084 0.095 0.164 
 250   (0.032) 0.086 0.025 0.022 0.026 0.020 0.004 0.019 0.003 0.027 0.004 0.027 0.023 0.009 0.011 0.022 0.636 
 242   (0.098) 0.153 0.127 0.116 0.091 0.074 0.012 0.177 0.012 0.101 0.189 0.100 0.096 0.022 0.059 0.118 0.074 
 252   (0.066) 0.046 0.061 0.070 0.066 0.063 0.028 0.035 0.030 0.067 0.113 0.062 0.069 0.014 0.022 0.060 0.007 
 248   (0.127) 0.211 0.117 0.119 0.128 0.095 0.324 0.301 0.040 0.121 0.024 0.116 0.117 0.079 0.354 0.114 0.011 
 260   (0.039) 0.004 0.036 0.035 0.038 0.020 0.015 0.005 0.252 0.039 0.005 0.035 0.034 0.007 0.021 0.035 0.003 
 264   (0.014) 0.002 0.020 0.017 0.013 0.006 0.002 0.002 0.001 0.016 0.002 0.014 0.015 0.002 0.003 0.020 0.001 
 244   (0.028) 0.003 0.022 0.019 0.023 0.016 0.003 0.062 0.003 0.024 0.016 0.023 0.020 0.005 0.008 0.019 0.002 
 276   (0.011) 0.001 0.008 0.007 0.009 0.005 0.001 0.001 0.001 0.010 0.001 0.009 0.007 0.002 0.003 0.007 0.001 

Values of parameters used in structure:
DATAFILE=G:\Shared drives\Emily_Schumacher\QUAC_analyses\QUAC_structure_wild_relate\QUAC_allpop_relate_red_12_15_21\project_data,	OUTFILE=G:\Shared drives\Emily_Schumacher\QUAC_analyses\QUAC_structure_wild_relate\QUAC_allpop_relate_red_12_15_21\50-100\Results\50-100_run_78,	NUMINDS=188,	NUMLOCI=15,	MISSING=-9,	LABEL=1,	POPDATA=1,	POPFLAG=0,	PHENOTYPE=0,	EXTRACOLS=0,	MAXPOPS=16,	BURNIN=50000,	NUMREPS=100000,	USEPOPINFO=0,	INFERALPHA=1,	INFERLAMBDA=0,	POPSPECIFICLAMBDA=0,	POPALPHAS=0,	COMPUTEPROB=1,	NOADMIX=0,	ADMBURNIN=2500,	UPDATEFREQ=1,	PRINTLIKES=0,	INTERMEDSAVE=0,	PRINTKLD=0,	PRINTNET=0,	PRINTLAMBDA=0,	ANCESTDIST=0,	NUMBOXES=1000,	ANCESTPINT=0.90000,	GENSBACK=2,	MIGRPRIOR=0.05000,	PRINTQHAT=0,	PRINTQSUM=0,	ALPHA=1.0000,	FREQSCORR=1,	FPRIORMEAN=0.0100,	FPRIORSD=0.0500,	ONEFST=0,	LAMBDA=1.0000,	UNIFPRIORALPHA=1,	ALPHAMAX=10.0000,	ALPHAPRIORA=1.0000,	ALPHAPRIORB=2.0000,	ALPHAPROPSD=0.0250,	STARTATPOPINFO=0,	RANDOMIZE=1,	LINKAGE=0,	METROFREQ=10,	REPORTHITRATE=0,	MARKOVPHASE=-1,	PHASED=0,	PLOIDY=2,	PHASEINFO=0	LOCPRIOR=0, 	LOCPRIORINIT=1.000000, 	LOCDATA=0, 	LOCISPOP=0, 	LOCPRIORSTEP=0.100000, 	MAXLOCPRIOR=20.000000, 	SEED=1639611980,	
[STRAT parameters]:    NUMSIMSTATS=1000,	PHENOTYPECOL=-9,	POOLFREQ=10,	LOCUSxONLY=0,	EMERROR=0.00100,	MISSINGPHENO=-9,	