

----------------------------------------------------
STRUCTURE by Pritchard, Stephens and Donnelly (2000)
     and Falush, Stephens and Pritchard (2003)
       Code by Pritchard, Falush and Hubisz
             Version 2.3.4 (Jul 2012)
----------------------------------------------------



Command line arguments:   bin\structure -m G:\Shared drives\Emily_Schumacher\QUAC_analyses\QUAC_structure_wild_relate\QUAC_allpop_relate_red_12_15_21\50-100\mainparams -e G:\Shared drives\Emily_Schumacher\QUAC_analyses\QUAC_structure_wild_relate\QUAC_allpop_relate_red_12_15_21\50-100\extraparams 
Input File:    G:\Shared drives\Emily_Schumacher\QUAC_analyses\QUAC_structure_wild_relate\QUAC_allpop_relate_red_12_15_21\project_data

Run parameters:
   188 individuals
   15 loci
   15 populations assumed
   50000 Burn-in period
   100000 Reps


--------------------------------------------
Proportion of membership of each pre-defined
 population in each of the 15 clusters

Given    Inferred Clusters                                                                                           Number of
 Pop       1      2      3      4      5      6      7      8      9     10     11     12     13     14     15      Individuals

  1:     0.008  0.012  0.006  0.009  0.007  0.881  0.004  0.009  0.006  0.011  0.016  0.009  0.005  0.004  0.012        2
  2:     0.024  0.039  0.040  0.029  0.048  0.043  0.010  0.031  0.017  0.040  0.118  0.030  0.193  0.021  0.315       17
  3:     0.046  0.058  0.028  0.046  0.052  0.056  0.091  0.045  0.011  0.058  0.222  0.041  0.013  0.028  0.205       19
  4:     0.047  0.079  0.032  0.058  0.030  0.113  0.017  0.043  0.019  0.078  0.339  0.056  0.011  0.066  0.013       10
  5:     0.013  0.014  0.011  0.016  0.105  0.010  0.006  0.013  0.006  0.015  0.015  0.014  0.005  0.027  0.732        2
  6:     0.033  0.031  0.026  0.034  0.019  0.008  0.119  0.034  0.012  0.035  0.434  0.035  0.163  0.006  0.010        2
  7:     0.049  0.045  0.102  0.057  0.138  0.009  0.027  0.039  0.007  0.046  0.005  0.067  0.011  0.009  0.387        1
  8:     0.006  0.006  0.007  0.006  0.012  0.006  0.005  0.006  0.008  0.006  0.007  0.006  0.005  0.007  0.906        1
  9:     0.184  0.118  0.059  0.085  0.042  0.005  0.011  0.146  0.094  0.117  0.007  0.107  0.006  0.005  0.012        1
 10:     0.073  0.055  0.025  0.076  0.017  0.007  0.371  0.047  0.016  0.048  0.008  0.078  0.157  0.011  0.012        6
 11:     0.060  0.061  0.038  0.060  0.064  0.015  0.160  0.047  0.020  0.062  0.112  0.059  0.096  0.043  0.103       16
 12:     0.048  0.045  0.023  0.049  0.026  0.015  0.009  0.040  0.585  0.051  0.014  0.049  0.003  0.024  0.018        1
 13:     0.040  0.052  0.026  0.042  0.025  0.026  0.020  0.040  0.018  0.055  0.173  0.039  0.012  0.417  0.015       33
 14:     0.024  0.023  0.096  0.023  0.158  0.011  0.173  0.021  0.018  0.025  0.019  0.037  0.090  0.010  0.273       21
 15:     0.021  0.019  0.034  0.020  0.018  0.730  0.015  0.019  0.009  0.019  0.021  0.023  0.029  0.014  0.010       14
 16:     0.030  0.029  0.021  0.028  0.092  0.013  0.011  0.068  0.584  0.042  0.017  0.027  0.009  0.016  0.014       35
 17:     0.183  0.123  0.058  0.116  0.029  0.009  0.010  0.154  0.025  0.127  0.018  0.118  0.007  0.010  0.013        7
--------------------------------------------

Allele-freq. divergence among pops (Net nucleotide distance),
computed using point estimates of P.

      1       2       3       4       5       6       7       8       9      10      11      12      13      14      15      
 1      -    0.0011  0.0168  0.0003  0.0111  0.0419  0.0288  0.0008  0.0283  0.0010  0.0331  0.0007  0.0534  0.0459  0.0565  
 2   0.0011     -    0.0181  0.0006  0.0128  0.0428  0.0303  0.0014  0.0303  0.0001  0.0293  0.0012  0.0532  0.0411  0.0571  
 3   0.0168  0.0181     -    0.0161  0.0201  0.0618  0.0351  0.0183  0.0438  0.0182  0.0543  0.0121  0.0621  0.0731  0.0679  
 4   0.0003  0.0006  0.0161     -    0.0109  0.0413  0.0278  0.0011  0.0279  0.0007  0.0315  0.0003  0.0517  0.0436  0.0548  
 5   0.0111  0.0128  0.0201  0.0109     -    0.0512  0.0375  0.0096  0.0266  0.0120  0.0452  0.0099  0.0571  0.0594  0.0384  
 6   0.0419  0.0428  0.0618  0.0413  0.0512     -    0.0811  0.0432  0.0739  0.0431  0.0786  0.0420  0.0988  0.0873  0.0868  
 7   0.0288  0.0303  0.0351  0.0278  0.0375  0.0811     -    0.0317  0.0555  0.0309  0.0633  0.0265  0.0640  0.0857  0.0818  
 8   0.0008  0.0014  0.0183  0.0011  0.0096  0.0432  0.0317     -    0.0241  0.0011  0.0335  0.0015  0.0537  0.0464  0.0573  
 9   0.0283  0.0303  0.0438  0.0279  0.0266  0.0739  0.0555  0.0241     -    0.0290  0.0723  0.0279  0.0791  0.0816  0.0851  
10   0.0010  0.0001  0.0182  0.0007  0.0120  0.0431  0.0309  0.0011  0.0290     -    0.0284  0.0012  0.0532  0.0417  0.0565  
11   0.0331  0.0293  0.0543  0.0315  0.0452  0.0786  0.0633  0.0335  0.0723  0.0284     -    0.0326  0.0948  0.0546  0.0789  
12   0.0007  0.0012  0.0121  0.0003  0.0099  0.0420  0.0265  0.0015  0.0279  0.0012  0.0326     -    0.0506  0.0458  0.0543  
13   0.0534  0.0532  0.0621  0.0517  0.0571  0.0988  0.0640  0.0537  0.0791  0.0532  0.0948  0.0506     -    0.0969  0.1067  
14   0.0459  0.0411  0.0731  0.0436  0.0594  0.0873  0.0857  0.0464  0.0816  0.0417  0.0546  0.0458  0.0969     -    0.1035  
15   0.0565  0.0571  0.0679  0.0548  0.0384  0.0868  0.0818  0.0573  0.0851  0.0565  0.0789  0.0543  0.1067  0.1035     -    

Average distances (expected heterozygosity) between individuals in same cluster:
cluster  1  : 0.6429 
cluster  2  : 0.6298 
cluster  3  : 0.6407 
cluster  4  : 0.6424 
cluster  5  : 0.5960 
cluster  6  : 0.5375 
cluster  7  : 0.6091 
cluster  8  : 0.6236 
cluster  9  : 0.5455 
cluster 10  : 0.6250 
cluster 11  : 0.5207 
cluster 12  : 0.6460 
cluster 13  : 0.5279 
cluster 14  : 0.5197 
cluster 15  : 0.4930 

--------------------------------------------
Estimated Ln Prob of Data   = -8414.3
Mean value of ln likelihood = -6984.1
Variance of ln likelihood   = 2860.4
Mean value of alpha         = 0.0393

Mean value of Fst_1         = 0.0393
Mean value of Fst_2         = 0.0689
Mean value of Fst_3         = 0.1789
Mean value of Fst_4         = 0.0431
Mean value of Fst_5         = 0.1811
Mean value of Fst_6         = 0.1967
Mean value of Fst_7         = 0.1421
Mean value of Fst_8         = 0.0928
Mean value of Fst_9         = 0.1493
Mean value of Fst_10         = 0.0802
Mean value of Fst_11         = 0.2007
Mean value of Fst_12         = 0.0502
Mean value of Fst_13         = 0.2495
Mean value of Fst_14         = 0.2174
Mean value of Fst_15         = 0.3035


Inferred ancestry of individuals:
        Label (%Miss) Pop:  Inferred clusters
  1 QAc-G-0029    (0)    1 :  0.012 0.019 0.009 0.013 0.009 0.830 0.005 0.013 0.005 0.017 0.027 0.013 0.006 0.005 0.018 
  2 QAc-G-0030    (0)    1 :  0.005 0.005 0.004 0.005 0.006 0.932 0.003 0.005 0.006 0.005 0.004 0.005 0.004 0.004 0.006 
  3 QAc-G-0062    (0)    2 :  0.023 0.025 0.069 0.031 0.128 0.006 0.009 0.024 0.040 0.033 0.006 0.033 0.461 0.005 0.108 
  4 QAc-G-0063    (0)    2 :  0.025 0.037 0.024 0.030 0.034 0.007 0.011 0.028 0.011 0.035 0.035 0.029 0.007 0.019 0.669 
  5 QAc-G-0064    (0)    2 :  0.005 0.006 0.005 0.006 0.013 0.005 0.006 0.005 0.006 0.005 0.007 0.005 0.912 0.004 0.010 
  6 QAc-G-0065    (0)    2 :  0.005 0.005 0.004 0.005 0.004 0.007 0.010 0.004 0.003 0.005 0.004 0.005 0.932 0.005 0.003 
  7 QAc-G-0066    (0)    2 :  0.004 0.004 0.005 0.004 0.004 0.006 0.003 0.004 0.005 0.004 0.005 0.004 0.003 0.004 0.941 
  8 QAc-G-0067    (0)    2 :  0.016 0.013 0.009 0.016 0.011 0.018 0.013 0.014 0.006 0.017 0.013 0.016 0.825 0.009 0.005 
  9 QAc-G-0068    (0)    2 :  0.007 0.005 0.326 0.011 0.065 0.010 0.056 0.006 0.019 0.006 0.004 0.052 0.008 0.004 0.421 
 10 QAc-G-0070    (0)    2 :  0.017 0.017 0.023 0.021 0.074 0.016 0.006 0.043 0.059 0.024 0.010 0.020 0.018 0.007 0.647 
 11 QAc-G-0071   (13)    2 :  0.005 0.005 0.005 0.005 0.016 0.007 0.004 0.005 0.004 0.005 0.008 0.005 0.003 0.004 0.918 
 12 QAc-G-0072    (0)    2 :  0.005 0.006 0.005 0.006 0.007 0.008 0.004 0.006 0.009 0.007 0.008 0.006 0.005 0.005 0.913 
 13 QAc-G-0073    (0)    2 :  0.021 0.080 0.028 0.033 0.029 0.011 0.004 0.040 0.009 0.096 0.599 0.029 0.004 0.014 0.004 
 14 QAc-G-0074    (0)    2 :  0.033 0.037 0.022 0.035 0.034 0.005 0.006 0.043 0.013 0.034 0.462 0.035 0.005 0.026 0.210 
 15 QAc-G-0075    (0)    2 :  0.028 0.028 0.017 0.028 0.015 0.016 0.008 0.025 0.007 0.033 0.704 0.024 0.010 0.045 0.012 
 16 QAc-G-0076    (0)    2 :  0.044 0.179 0.047 0.082 0.052 0.008 0.006 0.066 0.008 0.197 0.104 0.069 0.035 0.096 0.007 
 17 QAc-G-0080    (0)    2 :  0.061 0.042 0.021 0.054 0.022 0.575 0.007 0.041 0.005 0.051 0.016 0.051 0.031 0.005 0.018 
 18 QAc-G-0081    (0)    2 :  0.103 0.153 0.064 0.118 0.049 0.008 0.009 0.165 0.069 0.119 0.004 0.111 0.007 0.013 0.008 
 19 QAc-G-0083    (0)    2 :  0.013 0.023 0.010 0.017 0.258 0.019 0.005 0.016 0.011 0.019 0.022 0.015 0.012 0.090 0.469 
 20 QAc-G-0285    (0)    3 :  0.006 0.007 0.008 0.006 0.293 0.009 0.008 0.007 0.006 0.006 0.004 0.007 0.004 0.005 0.624 
 21 QAc-G-0287    (0)    3 :  0.003 0.004 0.003 0.004 0.004 0.004 0.003 0.003 0.004 0.004 0.005 0.004 0.004 0.003 0.947 
 22 QAc-G-0288    (6)    3 :  0.008 0.008 0.008 0.008 0.007 0.019 0.007 0.009 0.012 0.007 0.008 0.009 0.005 0.010 0.875 
 23 QAc-G-0292    (0)    3 :  0.013 0.012 0.018 0.015 0.274 0.005 0.008 0.017 0.019 0.013 0.005 0.011 0.008 0.005 0.577 
 24 QAc-G-0294    (0)    3 :  0.052 0.205 0.072 0.091 0.071 0.015 0.009 0.099 0.005 0.199 0.044 0.065 0.017 0.053 0.005 
 25 QAc-G-0295    (0)    3 :  0.031 0.118 0.022 0.044 0.034 0.022 0.007 0.032 0.006 0.105 0.471 0.034 0.020 0.033 0.022 
 26 QAc-G-0296    (0)    3 :  0.018 0.072 0.025 0.034 0.020 0.005 0.006 0.020 0.007 0.095 0.572 0.035 0.035 0.047 0.011 
 27 QAc-G-0297    (0)    3 :  0.146 0.094 0.040 0.116 0.020 0.006 0.022 0.075 0.008 0.102 0.218 0.107 0.003 0.039 0.003 
 28 QAc-G-0298    (6)    3 :  0.021 0.027 0.011 0.026 0.014 0.016 0.007 0.019 0.005 0.032 0.781 0.017 0.009 0.011 0.006 
 29 QAc-G-0299    (0)    3 :  0.011 0.018 0.011 0.014 0.011 0.005 0.010 0.011 0.004 0.019 0.737 0.017 0.005 0.121 0.008 
 30 QAc-G-0300    (0)    3 :  0.021 0.083 0.033 0.039 0.029 0.005 0.011 0.036 0.021 0.105 0.451 0.037 0.034 0.091 0.004 
 31 QAc-G-0301    (0)    3 :  0.011 0.010 0.007 0.012 0.010 0.007 0.006 0.011 0.005 0.012 0.829 0.011 0.040 0.018 0.011 
 32 QAc-G-0302    (0)    3 :  0.027 0.020 0.020 0.021 0.009 0.005 0.792 0.021 0.005 0.016 0.010 0.019 0.004 0.026 0.005 
 33 QAc-G-0303    (0)    3 :  0.018 0.016 0.038 0.017 0.021 0.007 0.772 0.020 0.024 0.019 0.005 0.023 0.009 0.004 0.007 
 34 QAc-G-0305    (0)    3 :  0.020 0.016 0.020 0.018 0.037 0.026 0.020 0.020 0.012 0.017 0.007 0.021 0.006 0.004 0.755 
 35 QAc-G-0307    (0)    3 :  0.012 0.009 0.008 0.010 0.012 0.867 0.007 0.011 0.019 0.010 0.006 0.011 0.006 0.006 0.005 
 36 QAc-G-0313    (0)    3 :  0.139 0.135 0.063 0.146 0.052 0.011 0.006 0.118 0.018 0.112 0.008 0.139 0.021 0.008 0.027 
 37 QAc-G-0314    (0)    3 :  0.144 0.132 0.065 0.141 0.029 0.012 0.015 0.130 0.014 0.115 0.047 0.115 0.009 0.028 0.003 
 38 QAc-G-0316    (0)    3 :  0.169 0.123 0.050 0.118 0.042 0.024 0.006 0.198 0.020 0.108 0.008 0.094 0.016 0.014 0.009 
 39 QAc-G-0033    (0)    4 :  0.008 0.013 0.006 0.008 0.008 0.007 0.006 0.008 0.007 0.019 0.738 0.008 0.011 0.151 0.005 
 40 QAc-G-0034    (0)    4 :  0.011 0.011 0.008 0.009 0.012 0.025 0.008 0.013 0.012 0.014 0.845 0.010 0.008 0.009 0.004 
 41 QAc-G-0035    (0)    4 :  0.037 0.121 0.033 0.062 0.039 0.014 0.010 0.063 0.007 0.113 0.028 0.048 0.022 0.384 0.019 
 42 QAc-G-0036    (0)    4 :  0.011 0.009 0.008 0.010 0.008 0.005 0.004 0.010 0.008 0.012 0.870 0.011 0.012 0.008 0.013 
 43 QAc-G-0039    (0)    4 :  0.063 0.199 0.068 0.090 0.055 0.035 0.011 0.127 0.010 0.198 0.027 0.075 0.008 0.025 0.008 
 44 QAc-G-0040    (0)    4 :  0.065 0.147 0.043 0.083 0.076 0.010 0.016 0.076 0.083 0.160 0.073 0.072 0.008 0.043 0.046 
 45 QAc-G-0045    (0)    4 :  0.007 0.025 0.015 0.009 0.008 0.011 0.005 0.010 0.005 0.056 0.792 0.022 0.007 0.020 0.007 
 46 QAc-G-0050    (0)    4 :  0.106 0.104 0.088 0.118 0.043 0.114 0.085 0.055 0.019 0.096 0.004 0.143 0.007 0.004 0.015 
 47 QAc-G-0052    (0)    4 :  0.011 0.010 0.008 0.011 0.009 0.866 0.006 0.013 0.008 0.011 0.006 0.010 0.022 0.006 0.004 
 48 QAc-G-0056    (0)    4 :  0.151 0.152 0.038 0.178 0.043 0.041 0.020 0.056 0.029 0.097 0.009 0.163 0.009 0.007 0.007 
 49 QAc-G-0276    (0)    5 :  0.011 0.011 0.008 0.011 0.195 0.008 0.004 0.011 0.005 0.012 0.012 0.010 0.003 0.023 0.676 
 50 QAc-G-0280    (6)    5 :  0.016 0.017 0.013 0.021 0.015 0.011 0.007 0.015 0.008 0.018 0.018 0.018 0.006 0.031 0.788 
 51 QAc-G-0018    (0)    6 :  0.010 0.011 0.016 0.011 0.010 0.011 0.017 0.009 0.005 0.013 0.854 0.012 0.006 0.008 0.006 
 52 QAc-G-0017    (0)    6 :  0.056 0.050 0.036 0.058 0.028 0.004 0.221 0.058 0.019 0.057 0.015 0.058 0.320 0.004 0.015 
 53 QAc-G-0250    (0)    7 :  0.049 0.045 0.102 0.057 0.138 0.009 0.027 0.039 0.007 0.046 0.005 0.067 0.011 0.009 0.387 
 54 QAc-G-0003    (6)    8 :  0.006 0.006 0.007 0.006 0.012 0.006 0.005 0.006 0.008 0.006 0.007 0.006 0.005 0.007 0.906 
 55 QAc-G-0283    (0)    9 :  0.184 0.118 0.059 0.085 0.042 0.005 0.011 0.146 0.094 0.117 0.007 0.107 0.006 0.005 0.012 
 56 QAc-G-0255    (0)   10 :  0.050 0.045 0.040 0.084 0.014 0.004 0.530 0.073 0.008 0.041 0.009 0.062 0.008 0.027 0.005 
 57 QAc-G-0256    (0)   10 :  0.007 0.009 0.008 0.007 0.009 0.006 0.882 0.007 0.004 0.007 0.008 0.007 0.014 0.009 0.015 
 58 QAc-G-0257    (0)   10 :  0.020 0.016 0.018 0.023 0.010 0.011 0.729 0.016 0.019 0.015 0.006 0.023 0.086 0.004 0.004 
 59 QAc-G-0259    (0)   10 :  0.209 0.131 0.023 0.176 0.027 0.003 0.012 0.073 0.007 0.111 0.003 0.211 0.003 0.008 0.003 
 60 QAc-G-0260    (0)   10 :  0.102 0.088 0.029 0.115 0.025 0.009 0.061 0.060 0.054 0.069 0.010 0.111 0.217 0.011 0.038 
 61 QAc-G-0261    (0)   10 :  0.051 0.041 0.032 0.054 0.013 0.006 0.013 0.056 0.005 0.044 0.011 0.052 0.613 0.005 0.004 
 62 QAc-G-0109    (0)   11 :  0.080 0.072 0.035 0.066 0.030 0.014 0.399 0.048 0.021 0.071 0.018 0.066 0.069 0.005 0.007 
 63 QAc-G-0113    (0)   11 :  0.026 0.026 0.064 0.033 0.033 0.022 0.649 0.017 0.007 0.020 0.011 0.034 0.027 0.005 0.025 
 64 QAc-G-0114    (0)   11 :  0.039 0.040 0.027 0.045 0.011 0.007 0.589 0.025 0.007 0.027 0.025 0.045 0.005 0.097 0.010 
 65 QAc-G-0117    (0)   11 :  0.068 0.083 0.102 0.071 0.065 0.013 0.152 0.057 0.007 0.079 0.066 0.085 0.085 0.045 0.019 
 66 QAc-G-0120    (0)   11 :  0.116 0.097 0.039 0.130 0.029 0.009 0.274 0.064 0.010 0.083 0.013 0.107 0.008 0.013 0.007 
 67 QAc-G-0125    (0)   11 :  0.022 0.022 0.012 0.023 0.035 0.041 0.017 0.023 0.023 0.024 0.004 0.024 0.688 0.005 0.038 
 68 QAc-G-0141    (0)   11 :  0.135 0.114 0.080 0.079 0.052 0.026 0.081 0.096 0.023 0.115 0.037 0.099 0.027 0.015 0.022 
 69 QAc-G-0143    (0)   11 :  0.135 0.146 0.061 0.151 0.033 0.006 0.005 0.117 0.004 0.167 0.009 0.153 0.003 0.004 0.006 
 70 QAc-G-0147    (0)   11 :  0.041 0.031 0.037 0.044 0.042 0.008 0.085 0.034 0.063 0.038 0.031 0.041 0.484 0.010 0.011 
 71 QAc-G-0174    (0)   11 :  0.004 0.004 0.006 0.004 0.308 0.005 0.005 0.004 0.004 0.004 0.007 0.005 0.004 0.004 0.630 
 72 QAc-G-0182    (0)   11 :  0.006 0.006 0.005 0.006 0.240 0.003 0.005 0.005 0.004 0.006 0.004 0.006 0.013 0.004 0.686 
 73 QAc-G-0188    (0)   11 :  0.064 0.066 0.043 0.101 0.016 0.004 0.254 0.078 0.006 0.070 0.008 0.095 0.008 0.018 0.169 
 74 QAc-G-0229    (0)   11 :  0.013 0.011 0.008 0.010 0.010 0.006 0.008 0.012 0.011 0.010 0.871 0.013 0.004 0.007 0.006 
 75 QAc-G-0233    (0)   11 :  0.095 0.071 0.020 0.083 0.040 0.039 0.006 0.051 0.090 0.070 0.014 0.083 0.010 0.325 0.005 
 76 QAc-G-0237    (0)   11 :  0.018 0.050 0.012 0.026 0.013 0.020 0.020 0.016 0.012 0.050 0.655 0.024 0.049 0.026 0.008 
 77 QAc-G-0243    (0)   11 :  0.098 0.143 0.057 0.082 0.061 0.012 0.008 0.099 0.032 0.152 0.019 0.073 0.057 0.104 0.004 
 78 QAc-G-0249    (0)   12 :  0.048 0.045 0.023 0.049 0.026 0.015 0.009 0.040 0.585 0.051 0.014 0.049 0.003 0.024 0.018 
 79 QAc-W-0001    (0)   13 :  0.009 0.010 0.005 0.009 0.005 0.005 0.013 0.008 0.005 0.009 0.034 0.008 0.012 0.866 0.003 
 80 QAc-W-0002    (0)   13 :  0.032 0.039 0.019 0.032 0.014 0.006 0.026 0.023 0.016 0.042 0.667 0.036 0.004 0.018 0.024 
 81 QAc-W-0003    (0)   13 :  0.018 0.016 0.014 0.014 0.016 0.022 0.016 0.014 0.005 0.015 0.022 0.016 0.012 0.780 0.018 
 82 QAc-W-0004    (0)   13 :  0.005 0.011 0.005 0.006 0.005 0.006 0.004 0.007 0.005 0.007 0.016 0.005 0.004 0.907 0.006 
 83 QAc-W-0005    (0)   13 :  0.006 0.007 0.005 0.007 0.007 0.004 0.005 0.008 0.006 0.008 0.008 0.006 0.005 0.913 0.006 
 84 QAc-W-0007   (13)   13 :  0.007 0.009 0.006 0.007 0.007 0.004 0.006 0.007 0.008 0.009 0.016 0.007 0.005 0.897 0.005 
 85 QAc-W-0008    (6)   13 :  0.030 0.037 0.022 0.031 0.018 0.004 0.009 0.029 0.012 0.029 0.016 0.029 0.005 0.720 0.008 
 86 QAc-W-0009    (0)   13 :  0.064 0.110 0.027 0.094 0.023 0.011 0.223 0.058 0.033 0.094 0.154 0.061 0.013 0.021 0.015 
 87 QAc-W-0010    (0)   13 :  0.015 0.026 0.018 0.028 0.031 0.005 0.017 0.024 0.028 0.027 0.011 0.022 0.036 0.701 0.010 
 88 QAc-W-0011    (0)   13 :  0.031 0.085 0.030 0.052 0.034 0.015 0.013 0.043 0.007 0.098 0.082 0.049 0.013 0.415 0.035 
 89 QAc-W-0012    (0)   13 :  0.022 0.026 0.017 0.026 0.010 0.012 0.009 0.018 0.016 0.024 0.130 0.023 0.009 0.645 0.013 
 90 QAc-W-0013    (0)   13 :  0.033 0.113 0.030 0.049 0.031 0.159 0.052 0.038 0.007 0.142 0.257 0.052 0.008 0.016 0.013 
 91 QAc-W-0014    (0)   13 :  0.011 0.013 0.009 0.011 0.016 0.005 0.004 0.012 0.017 0.013 0.017 0.011 0.005 0.851 0.005 
 92 QAc-W-0015    (0)   13 :  0.034 0.066 0.028 0.029 0.068 0.013 0.012 0.030 0.017 0.086 0.468 0.044 0.004 0.014 0.088 
 93 QAc-W-0017    (0)   13 :  0.132 0.103 0.068 0.103 0.056 0.023 0.014 0.140 0.039 0.138 0.046 0.095 0.007 0.012 0.025 
 94 QAc-W-0018    (0)   13 :  0.066 0.065 0.049 0.064 0.030 0.039 0.027 0.062 0.011 0.063 0.023 0.067 0.014 0.414 0.004 
 95 QAc-W-0020    (0)   13 :  0.027 0.019 0.014 0.022 0.010 0.003 0.004 0.020 0.004 0.020 0.007 0.020 0.011 0.814 0.004 
 96 QAc-W-0021    (0)   13 :  0.064 0.072 0.031 0.068 0.028 0.128 0.021 0.073 0.011 0.062 0.018 0.061 0.009 0.346 0.008 
 97 QAc-W-0022    (0)   13 :  0.099 0.123 0.057 0.096 0.071 0.013 0.009 0.112 0.028 0.121 0.126 0.086 0.008 0.023 0.029 
 98 QAc-W-0023    (6)   13 :  0.072 0.125 0.036 0.079 0.035 0.024 0.032 0.064 0.037 0.118 0.141 0.063 0.042 0.130 0.004 
 99 QAc-W-0024    (0)   13 :  0.066 0.051 0.023 0.076 0.021 0.103 0.011 0.081 0.010 0.056 0.025 0.055 0.006 0.388 0.027 
100 QAc-W-0025    (0)   13 :  0.028 0.032 0.020 0.034 0.014 0.018 0.012 0.021 0.010 0.032 0.373 0.027 0.004 0.369 0.006 
101 QAc-W-0026    (0)   13 :  0.040 0.032 0.026 0.047 0.025 0.081 0.016 0.030 0.027 0.026 0.065 0.036 0.021 0.478 0.050 
102 QAc-W-0027    (0)   13 :  0.016 0.020 0.010 0.018 0.008 0.005 0.011 0.016 0.012 0.019 0.759 0.015 0.004 0.081 0.005 
103 QAc-W-0028    (0)   13 :  0.038 0.039 0.017 0.035 0.012 0.004 0.007 0.034 0.010 0.039 0.125 0.026 0.004 0.601 0.009 
104 QAc-W-0029    (0)   13 :  0.022 0.122 0.041 0.043 0.040 0.007 0.013 0.035 0.005 0.123 0.211 0.035 0.019 0.281 0.003 
105 QAc-W-0032    (0)   13 :  0.009 0.014 0.007 0.011 0.007 0.006 0.004 0.009 0.008 0.013 0.022 0.010 0.023 0.854 0.003 
106 QAc-W-0033    (0)   13 :  0.099 0.104 0.079 0.113 0.049 0.014 0.015 0.067 0.026 0.084 0.021 0.123 0.028 0.173 0.006 
107 QAc-W-0035    (0)   13 :  0.037 0.051 0.031 0.042 0.037 0.020 0.006 0.037 0.025 0.063 0.447 0.045 0.008 0.129 0.021 
108 QAc-W-0037    (0)   13 :  0.010 0.013 0.008 0.010 0.007 0.014 0.006 0.009 0.007 0.013 0.849 0.010 0.016 0.020 0.007 
109 QAc-W-0038    (0)   13 :  0.116 0.086 0.042 0.086 0.034 0.006 0.013 0.128 0.010 0.109 0.085 0.078 0.011 0.177 0.018 
110 QAc-W-0040    (0)   13 :  0.017 0.017 0.009 0.019 0.024 0.014 0.007 0.020 0.133 0.019 0.016 0.019 0.023 0.654 0.009 
111 QAc-W-0041    (0)   13 :  0.029 0.069 0.046 0.036 0.025 0.057 0.036 0.029 0.010 0.090 0.463 0.046 0.005 0.039 0.019 
112 QAc-W-0042    (0)   14 :  0.015 0.026 0.049 0.019 0.020 0.018 0.430 0.013 0.006 0.033 0.017 0.030 0.291 0.007 0.027 
113 QAc-W-0044    (0)   14 :  0.036 0.085 0.048 0.039 0.094 0.005 0.086 0.042 0.026 0.106 0.104 0.052 0.183 0.011 0.083 
114 QAc-W-0045    (0)   14 :  0.011 0.011 0.036 0.017 0.012 0.008 0.800 0.011 0.005 0.013 0.012 0.021 0.024 0.006 0.010 
115 QAc-W-0048    (0)   14 :  0.023 0.019 0.015 0.024 0.009 0.016 0.724 0.015 0.006 0.019 0.015 0.022 0.075 0.012 0.005 
116 QAc-W-0050    (0)   14 :  0.025 0.020 0.381 0.032 0.080 0.008 0.265 0.021 0.016 0.020 0.008 0.088 0.020 0.004 0.012 
117 QAc-W-0051    (0)   14 :  0.015 0.014 0.443 0.014 0.112 0.017 0.142 0.015 0.005 0.016 0.006 0.096 0.089 0.007 0.012 
118 QAc-W-0052    (0)   14 :  0.005 0.005 0.004 0.005 0.005 0.003 0.006 0.005 0.004 0.005 0.005 0.004 0.928 0.009 0.006 
119 QAc-W-0053    (0)   14 :  0.010 0.012 0.013 0.012 0.010 0.006 0.852 0.010 0.007 0.013 0.008 0.015 0.018 0.008 0.006 
120 QAc-W-0054    (0)   14 :  0.076 0.060 0.150 0.078 0.083 0.010 0.051 0.064 0.021 0.071 0.012 0.097 0.093 0.009 0.128 
121 QAc-W-0056    (0)   14 :  0.090 0.056 0.286 0.074 0.076 0.013 0.029 0.062 0.010 0.061 0.071 0.115 0.008 0.042 0.009 
122 QAc-W-0057    (0)   14 :  0.038 0.028 0.382 0.033 0.121 0.029 0.151 0.029 0.014 0.029 0.016 0.089 0.011 0.006 0.024 
123 QAc-W-0060    (0)   14 :  0.009 0.010 0.008 0.009 0.308 0.005 0.006 0.007 0.010 0.008 0.024 0.009 0.042 0.003 0.542 
124 QAc-W-0061    (0)   14 :  0.039 0.035 0.024 0.038 0.257 0.013 0.020 0.033 0.061 0.039 0.030 0.040 0.006 0.014 0.350 
125 QAc-W-0062    (0)   14 :  0.006 0.005 0.006 0.005 0.330 0.007 0.005 0.006 0.009 0.005 0.005 0.006 0.014 0.004 0.590 
126 QAc-W-0063    (0)   14 :  0.014 0.014 0.009 0.014 0.288 0.019 0.008 0.014 0.010 0.012 0.006 0.013 0.052 0.015 0.512 
127 QAc-W-0064    (0)   14 :  0.010 0.009 0.009 0.008 0.313 0.008 0.007 0.010 0.008 0.010 0.006 0.009 0.006 0.013 0.574 
128 QAc-W-0065    (0)   14 :  0.026 0.019 0.023 0.018 0.284 0.012 0.009 0.025 0.016 0.021 0.019 0.024 0.007 0.009 0.490 
129 QAc-W-0066    (0)   14 :  0.003 0.003 0.003 0.004 0.004 0.006 0.003 0.004 0.003 0.003 0.005 0.004 0.003 0.003 0.948 
130 QAc-W-0072    (0)   14 :  0.019 0.019 0.093 0.019 0.341 0.009 0.009 0.025 0.126 0.024 0.006 0.027 0.005 0.016 0.261 
131 QAc-W-0073    (0)   14 :  0.020 0.017 0.021 0.018 0.312 0.011 0.020 0.022 0.010 0.021 0.010 0.019 0.010 0.007 0.481 
132 QAc-W-0077    (0)   14 :  0.005 0.005 0.006 0.005 0.259 0.003 0.007 0.005 0.005 0.005 0.006 0.005 0.005 0.005 0.674 
133 QAc-W-0078    (0)   15 :  0.039 0.031 0.016 0.037 0.018 0.665 0.006 0.027 0.023 0.029 0.023 0.035 0.017 0.014 0.020 
134 QAc-W-0079    (6)   15 :  0.006 0.006 0.005 0.006 0.006 0.914 0.006 0.006 0.007 0.006 0.008 0.006 0.004 0.006 0.008 
135 QAc-W-0081    (0)   15 :  0.006 0.007 0.005 0.007 0.006 0.913 0.004 0.006 0.005 0.007 0.005 0.006 0.010 0.009 0.005 
136 QAc-W-0082    (0)   15 :  0.008 0.006 0.301 0.008 0.062 0.459 0.065 0.006 0.005 0.007 0.006 0.054 0.003 0.003 0.006 
137 QAc-W-0083    (0)   15 :  0.009 0.010 0.012 0.008 0.018 0.857 0.008 0.009 0.010 0.009 0.006 0.009 0.009 0.007 0.019 
138 QAc-W-0086    (0)   15 :  0.008 0.008 0.009 0.009 0.007 0.887 0.006 0.008 0.010 0.009 0.008 0.009 0.005 0.007 0.011 
139 QAc-W-0087    (0)   15 :  0.006 0.006 0.006 0.006 0.005 0.923 0.008 0.006 0.008 0.006 0.005 0.005 0.003 0.004 0.004 
140 QAc-W-0088    (0)   15 :  0.021 0.016 0.012 0.021 0.008 0.827 0.011 0.015 0.008 0.015 0.011 0.019 0.004 0.006 0.006 
141 QAc-W-0092    (0)   15 :  0.025 0.030 0.015 0.033 0.014 0.615 0.016 0.021 0.010 0.031 0.104 0.033 0.018 0.028 0.009 
142 QAc-W-0093    (0)   15 :  0.029 0.028 0.015 0.026 0.012 0.726 0.012 0.025 0.016 0.028 0.018 0.024 0.010 0.027 0.004 
143 QAc-W-0094    (0)   15 :  0.050 0.041 0.022 0.037 0.033 0.299 0.028 0.049 0.007 0.036 0.008 0.047 0.277 0.049 0.017 
144 QAc-W-0097    (0)   15 :  0.031 0.031 0.021 0.025 0.014 0.645 0.013 0.029 0.006 0.033 0.069 0.031 0.020 0.027 0.007 
145 QAc-W-0099    (0)   15 :  0.041 0.041 0.030 0.048 0.027 0.615 0.016 0.046 0.014 0.044 0.009 0.040 0.020 0.004 0.005 
146 QAc-W-0107    (0)   15 :  0.010 0.008 0.008 0.009 0.016 0.870 0.005 0.010 0.006 0.008 0.006 0.009 0.007 0.006 0.023 
147 QAc-W-0115    (0)   16 :  0.012 0.013 0.008 0.013 0.169 0.011 0.004 0.092 0.583 0.041 0.018 0.013 0.007 0.011 0.006 
148 QAc-W-0116    (0)   16 :  0.037 0.031 0.018 0.034 0.046 0.007 0.023 0.047 0.645 0.034 0.021 0.032 0.013 0.008 0.003 
149 QAc-W-0117    (0)   16 :  0.013 0.017 0.008 0.012 0.011 0.004 0.010 0.017 0.863 0.015 0.008 0.010 0.004 0.005 0.004 
150 QAc-W-0118    (0)   16 :  0.018 0.015 0.010 0.018 0.146 0.021 0.009 0.077 0.577 0.036 0.006 0.015 0.006 0.008 0.036 
151 QAc-W-0119    (0)   16 :  0.023 0.019 0.015 0.022 0.016 0.007 0.007 0.024 0.789 0.022 0.007 0.023 0.007 0.006 0.012 
152 QAc-W-0120    (0)   16 :  0.041 0.038 0.017 0.045 0.050 0.011 0.012 0.056 0.627 0.032 0.009 0.031 0.005 0.010 0.017 
153 QAc-W-0121    (0)   16 :  0.015 0.018 0.027 0.014 0.015 0.004 0.009 0.014 0.786 0.013 0.006 0.015 0.003 0.007 0.053 
154 QAc-W-0122    (0)   16 :  0.055 0.040 0.035 0.033 0.202 0.006 0.010 0.145 0.333 0.061 0.006 0.046 0.004 0.018 0.005 
155 QAc-W-0123    (6)   16 :  0.040 0.027 0.014 0.028 0.101 0.011 0.010 0.074 0.569 0.051 0.014 0.031 0.019 0.004 0.008 
156 QAc-W-0124    (0)   16 :  0.017 0.018 0.017 0.023 0.244 0.061 0.004 0.126 0.319 0.041 0.039 0.020 0.007 0.018 0.047 
157 QAc-W-0125    (0)   16 :  0.017 0.013 0.009 0.016 0.038 0.019 0.009 0.032 0.768 0.029 0.011 0.016 0.008 0.008 0.006 
158 QAc-W-0132    (6)   16 :  0.027 0.023 0.013 0.028 0.153 0.036 0.006 0.093 0.412 0.052 0.044 0.026 0.022 0.018 0.045 
159 QAc-W-0134    (0)   16 :  0.007 0.006 0.005 0.008 0.021 0.006 0.006 0.019 0.872 0.019 0.007 0.007 0.007 0.004 0.005 
160 QAc-W-0135    (0)   16 :  0.018 0.024 0.013 0.021 0.170 0.009 0.007 0.107 0.405 0.044 0.026 0.020 0.004 0.105 0.027 
161 QAc-W-0136    (0)   16 :  0.008 0.009 0.007 0.008 0.062 0.005 0.005 0.039 0.794 0.035 0.005 0.008 0.008 0.005 0.004 
162 QAc-W-0138    (0)   16 :  0.009 0.009 0.008 0.010 0.045 0.004 0.004 0.031 0.813 0.035 0.005 0.009 0.007 0.008 0.004 
163 QAc-W-0140    (0)   16 :  0.020 0.028 0.017 0.020 0.015 0.006 0.020 0.025 0.768 0.025 0.020 0.019 0.004 0.008 0.005 
164 QAc-W-0141    (6)   16 :  0.092 0.126 0.057 0.096 0.034 0.008 0.018 0.144 0.121 0.120 0.048 0.088 0.007 0.019 0.021 
165 QAc-W-0142    (0)   16 :  0.007 0.008 0.011 0.008 0.032 0.005 0.006 0.016 0.855 0.018 0.004 0.007 0.004 0.004 0.014 
166 QAc-W-0143    (0)   16 :  0.013 0.013 0.010 0.015 0.067 0.034 0.011 0.043 0.734 0.020 0.005 0.016 0.006 0.008 0.004 
167 QAc-W-0145    (0)   16 :  0.014 0.010 0.008 0.011 0.205 0.003 0.005 0.121 0.546 0.046 0.005 0.014 0.004 0.004 0.004 
168 QAc-W-0148    (0)   16 :  0.007 0.006 0.006 0.007 0.147 0.004 0.006 0.077 0.667 0.036 0.013 0.006 0.006 0.007 0.005 
169 QAc-W-0149    (0)   16 :  0.070 0.072 0.057 0.066 0.167 0.010 0.017 0.125 0.194 0.084 0.008 0.074 0.035 0.013 0.008 
170 QAc-W-0150    (0)   16 :  0.042 0.061 0.040 0.060 0.140 0.027 0.006 0.107 0.251 0.064 0.035 0.058 0.019 0.085 0.006 
171 QAc-W-0151    (0)   16 :  0.015 0.016 0.012 0.018 0.170 0.011 0.007 0.098 0.524 0.045 0.048 0.015 0.006 0.010 0.005 
172 QAc-W-0152    (0)   16 :  0.010 0.007 0.012 0.009 0.220 0.005 0.011 0.121 0.515 0.044 0.009 0.012 0.005 0.005 0.014 
173 QAc-W-0153    (0)   16 :  0.174 0.141 0.057 0.101 0.026 0.022 0.006 0.172 0.021 0.139 0.028 0.091 0.004 0.006 0.011 
174 QAc-W-0154    (0)   16 :  0.030 0.031 0.015 0.025 0.032 0.007 0.006 0.038 0.693 0.028 0.008 0.029 0.004 0.051 0.004 
175 QAc-W-0157    (0)   16 :  0.046 0.040 0.023 0.041 0.027 0.004 0.011 0.035 0.628 0.036 0.020 0.039 0.029 0.005 0.017 
176 QAc-W-0158    (0)   16 :  0.020 0.032 0.013 0.026 0.104 0.031 0.006 0.077 0.469 0.053 0.072 0.021 0.009 0.046 0.021 
177 QAc-W-0159    (0)   16 :  0.010 0.009 0.009 0.010 0.013 0.007 0.007 0.012 0.878 0.011 0.007 0.009 0.007 0.008 0.004 
178 QAc-W-0160    (0)   16 :  0.029 0.037 0.013 0.028 0.049 0.008 0.005 0.035 0.675 0.035 0.021 0.030 0.004 0.026 0.004 
179 QAc-W-0162    (0)   16 :  0.017 0.016 0.038 0.018 0.105 0.007 0.032 0.036 0.633 0.023 0.004 0.020 0.021 0.004 0.025 
180 QAc-W-0163    (0)   16 :  0.033 0.024 0.082 0.041 0.041 0.005 0.059 0.032 0.585 0.028 0.008 0.037 0.010 0.006 0.008 
181 QAc-W-0164    (0)   16 :  0.034 0.028 0.024 0.031 0.150 0.013 0.012 0.076 0.515 0.042 0.008 0.034 0.010 0.007 0.017 
182 QAc-W-0167    (0)   17 :  0.233 0.121 0.053 0.083 0.021 0.017 0.009 0.212 0.007 0.143 0.006 0.076 0.006 0.006 0.007 
183 QAc-W-0168    (0)   17 :  0.111 0.101 0.046 0.143 0.041 0.013 0.015 0.106 0.125 0.096 0.020 0.115 0.008 0.010 0.049 
184 QAc-W-0169    (0)   17 :  0.177 0.132 0.084 0.160 0.026 0.005 0.017 0.081 0.007 0.100 0.015 0.161 0.005 0.018 0.012 
185 QAc-W-0170    (0)   17 :  0.179 0.116 0.054 0.121 0.032 0.007 0.008 0.125 0.011 0.127 0.054 0.145 0.006 0.012 0.004 
186 QAc-W-0172    (0)   17 :  0.153 0.129 0.050 0.153 0.035 0.010 0.005 0.109 0.007 0.125 0.009 0.190 0.015 0.008 0.002 
187 QAc-W-0173    (0)   17 :  0.198 0.134 0.053 0.074 0.026 0.007 0.005 0.233 0.012 0.148 0.013 0.074 0.005 0.012 0.006 
188 QAc-W-0174    (0)   17 :  0.227 0.130 0.065 0.077 0.019 0.006 0.011 0.214 0.009 0.148 0.008 0.066 0.004 0.004 0.012 


Estimated Allele Frequencies in each cluster
First column gives estimated ancestral frequencies


Locus 1 : 
18 alleles
0.0% missing data
 210   (0.117) 0.114 0.113 0.097 0.117 0.095 0.149 0.250 0.125 0.184 0.110 0.070 0.118 0.031 0.018 0.008 
 212   (0.117) 0.114 0.126 0.105 0.125 0.107 0.269 0.035 0.137 0.053 0.128 0.387 0.118 0.023 0.052 0.131 
 202   (0.061) 0.056 0.049 0.034 0.057 0.022 0.138 0.018 0.047 0.007 0.046 0.034 0.054 0.291 0.068 0.004 
 226   (0.039) 0.032 0.026 0.031 0.032 0.059 0.016 0.025 0.024 0.005 0.025 0.004 0.033 0.223 0.004 0.216 
 216   (0.077) 0.068 0.062 0.045 0.071 0.059 0.168 0.052 0.060 0.142 0.064 0.010 0.067 0.185 0.021 0.016 
 200   (0.230) 0.259 0.315 0.204 0.258 0.210 0.090 0.190 0.279 0.153 0.316 0.395 0.249 0.119 0.507 0.382 
 224   (0.043) 0.045 0.044 0.031 0.045 0.106 0.013 0.011 0.039 0.006 0.048 0.027 0.043 0.010 0.011 0.097 
 218   (0.055) 0.048 0.042 0.045 0.050 0.057 0.105 0.014 0.053 0.157 0.045 0.011 0.049 0.010 0.085 0.005 
 228   (0.012) 0.009 0.007 0.004 0.009 0.045 0.001 0.003 0.006 0.001 0.006 0.001 0.008 0.002 0.001 0.048 
 214   (0.061) 0.061 0.048 0.305 0.057 0.142 0.008 0.185 0.052 0.019 0.049 0.007 0.090 0.042 0.007 0.082 
 208   (0.060) 0.074 0.069 0.038 0.068 0.022 0.028 0.076 0.072 0.008 0.068 0.038 0.062 0.018 0.207 0.004 
 220   (0.031) 0.040 0.028 0.019 0.032 0.011 0.004 0.008 0.029 0.013 0.029 0.006 0.031 0.006 0.004 0.002 
 196   (0.012) 0.011 0.009 0.005 0.011 0.004 0.002 0.003 0.007 0.002 0.008 0.001 0.010 0.002 0.001 0.001 
 238   (0.012) 0.013 0.010 0.006 0.010 0.004 0.001 0.003 0.010 0.002 0.009 0.001 0.010 0.002 0.001 0.001 
 206   (0.022) 0.017 0.016 0.010 0.018 0.008 0.003 0.057 0.014 0.030 0.013 0.002 0.018 0.005 0.003 0.001 
 190   (0.012) 0.011 0.008 0.005 0.009 0.003 0.001 0.003 0.007 0.001 0.007 0.001 0.010 0.002 0.001 0.001 
 222   (0.025) 0.020 0.018 0.011 0.020 0.042 0.004 0.006 0.032 0.214 0.022 0.003 0.020 0.026 0.008 0.002 
 232   (0.013) 0.009 0.008 0.006 0.010 0.003 0.002 0.062 0.007 0.002 0.007 0.001 0.010 0.003 0.001 0.001 

Locus 2 : 
15 alleles
2.1% missing data
 171   (0.205) 0.209 0.225 0.234 0.214 0.133 0.182 0.447 0.195 0.064 0.228 0.421 0.215 0.242 0.309 0.019 
 175   (0.100) 0.089 0.088 0.194 0.097 0.069 0.255 0.037 0.075 0.031 0.084 0.056 0.108 0.197 0.049 0.029 
 185   (0.053) 0.050 0.044 0.031 0.051 0.071 0.081 0.013 0.064 0.221 0.046 0.006 0.048 0.013 0.008 0.005 
 179   (0.075) 0.080 0.065 0.048 0.068 0.304 0.009 0.019 0.130 0.212 0.079 0.009 0.068 0.243 0.009 0.226 
 181   (0.094) 0.093 0.101 0.092 0.095 0.059 0.343 0.124 0.086 0.012 0.103 0.135 0.095 0.033 0.034 0.362 
 173   (0.184) 0.172 0.216 0.190 0.191 0.158 0.041 0.175 0.168 0.221 0.209 0.226 0.188 0.179 0.188 0.268 
 177   (0.037) 0.030 0.028 0.038 0.032 0.097 0.005 0.012 0.036 0.081 0.027 0.004 0.033 0.007 0.004 0.067 
 187   (0.091) 0.120 0.091 0.083 0.097 0.046 0.011 0.045 0.107 0.030 0.094 0.111 0.094 0.018 0.108 0.012 
 183   (0.059) 0.067 0.063 0.042 0.065 0.027 0.021 0.086 0.069 0.104 0.059 0.008 0.063 0.016 0.007 0.005 
 189   (0.034) 0.030 0.029 0.018 0.031 0.015 0.004 0.008 0.026 0.015 0.027 0.017 0.029 0.006 0.276 0.002 
 191   (0.020) 0.017 0.014 0.010 0.017 0.007 0.042 0.025 0.014 0.003 0.013 0.002 0.017 0.038 0.003 0.001 
 163   (0.011) 0.011 0.008 0.004 0.010 0.003 0.001 0.002 0.007 0.001 0.007 0.001 0.009 0.002 0.001 0.001 
 165   (0.013) 0.012 0.009 0.005 0.011 0.004 0.001 0.003 0.007 0.002 0.008 0.001 0.010 0.002 0.001 0.001 
 193   (0.012) 0.010 0.008 0.006 0.011 0.004 0.001 0.003 0.008 0.001 0.010 0.001 0.011 0.002 0.001 0.001 
 167   (0.013) 0.011 0.009 0.006 0.011 0.004 0.001 0.003 0.008 0.002 0.009 0.001 0.011 0.002 0.001 0.001 

Locus 3 : 
4 alleles
1.1% missing data
 206   (0.886) 0.888 0.906 0.920 0.895 0.918 0.974 0.902 0.906 0.983 0.913 0.984 0.897 0.882 0.695 0.960 
 208   (0.060) 0.056 0.047 0.051 0.054 0.043 0.008 0.066 0.046 0.009 0.042 0.009 0.054 0.012 0.299 0.015 
 204   (0.040) 0.035 0.030 0.020 0.035 0.034 0.016 0.028 0.028 0.006 0.028 0.005 0.034 0.104 0.005 0.024 
 212   (0.015) 0.021 0.017 0.009 0.016 0.005 0.002 0.003 0.019 0.002 0.017 0.002 0.015 0.002 0.002 0.001 

Locus 4 : 
15 alleles
1.1% missing data
 165   (0.079) 0.087 0.106 0.077 0.083 0.145 0.458 0.023 0.088 0.010 0.100 0.030 0.082 0.051 0.014 0.113 
 163   (0.202) 0.244 0.232 0.202 0.218 0.174 0.030 0.264 0.257 0.290 0.238 0.066 0.205 0.086 0.092 0.025 
 167   (0.145) 0.145 0.133 0.149 0.137 0.087 0.072 0.102 0.127 0.166 0.130 0.187 0.145 0.469 0.239 0.009 
 161   (0.343) 0.318 0.341 0.425 0.348 0.504 0.129 0.434 0.349 0.462 0.352 0.676 0.359 0.327 0.475 0.838 
 153   (0.016) 0.013 0.019 0.009 0.017 0.007 0.002 0.004 0.011 0.002 0.020 0.004 0.014 0.003 0.011 0.001 
 173   (0.029) 0.025 0.021 0.038 0.026 0.013 0.260 0.026 0.020 0.004 0.021 0.003 0.030 0.005 0.003 0.002 
 171   (0.040) 0.041 0.038 0.028 0.043 0.015 0.006 0.043 0.045 0.006 0.034 0.004 0.042 0.034 0.005 0.003 
 179   (0.012) 0.012 0.009 0.005 0.011 0.004 0.001 0.003 0.008 0.001 0.009 0.003 0.010 0.002 0.002 0.001 
 157   (0.026) 0.020 0.018 0.012 0.021 0.008 0.003 0.017 0.016 0.003 0.017 0.013 0.021 0.004 0.142 0.002 
 149   (0.013) 0.010 0.009 0.007 0.010 0.004 0.002 0.027 0.007 0.002 0.007 0.001 0.010 0.002 0.001 0.001 
 177   (0.025) 0.024 0.024 0.015 0.024 0.011 0.013 0.006 0.021 0.003 0.021 0.004 0.023 0.005 0.003 0.002 
 155   (0.016) 0.016 0.012 0.007 0.015 0.005 0.003 0.004 0.011 0.003 0.011 0.002 0.013 0.003 0.006 0.001 
 175   (0.011) 0.009 0.008 0.005 0.010 0.003 0.001 0.009 0.007 0.001 0.007 0.001 0.009 0.002 0.001 0.001 
 169   (0.021) 0.018 0.015 0.011 0.020 0.007 0.018 0.033 0.015 0.003 0.016 0.002 0.019 0.004 0.002 0.001 
 159   (0.023) 0.018 0.015 0.010 0.019 0.013 0.003 0.005 0.018 0.044 0.017 0.002 0.019 0.004 0.003 0.001 

Locus 5 : 
16 alleles
0.0% missing data
 148   (0.120) 0.115 0.112 0.065 0.120 0.065 0.280 0.090 0.114 0.055 0.106 0.193 0.111 0.028 0.106 0.252 
 160   (0.025) 0.020 0.019 0.011 0.021 0.007 0.058 0.026 0.015 0.003 0.017 0.004 0.020 0.060 0.004 0.002 
 154   (0.077) 0.077 0.066 0.071 0.080 0.147 0.027 0.021 0.094 0.227 0.075 0.009 0.077 0.057 0.019 0.043 
 150   (0.061) 0.057 0.063 0.274 0.061 0.069 0.011 0.096 0.049 0.008 0.058 0.031 0.091 0.013 0.064 0.013 
 138   (0.123) 0.121 0.121 0.076 0.121 0.154 0.150 0.089 0.123 0.244 0.120 0.058 0.111 0.326 0.025 0.060 
 166   (0.034) 0.025 0.022 0.014 0.027 0.010 0.015 0.190 0.019 0.004 0.020 0.006 0.026 0.242 0.036 0.002 
 146   (0.093) 0.102 0.082 0.052 0.087 0.113 0.166 0.092 0.084 0.018 0.081 0.028 0.083 0.077 0.034 0.312 
 164   (0.017) 0.014 0.012 0.007 0.015 0.005 0.002 0.004 0.011 0.002 0.011 0.002 0.014 0.038 0.002 0.001 
 142   (0.018) 0.014 0.012 0.128 0.016 0.023 0.002 0.017 0.010 0.024 0.010 0.002 0.030 0.003 0.002 0.009 
 144   (0.148) 0.154 0.169 0.111 0.151 0.193 0.028 0.235 0.158 0.147 0.177 0.390 0.152 0.058 0.072 0.273 
 140   (0.081) 0.089 0.078 0.046 0.085 0.067 0.019 0.020 0.103 0.213 0.090 0.238 0.079 0.016 0.188 0.006 
 158   (0.048) 0.042 0.064 0.032 0.050 0.034 0.087 0.030 0.041 0.019 0.064 0.014 0.048 0.033 0.011 0.004 
 162   (0.029) 0.037 0.025 0.021 0.026 0.011 0.126 0.009 0.027 0.004 0.027 0.005 0.027 0.005 0.003 0.002 
 152   (0.091) 0.096 0.123 0.071 0.105 0.090 0.012 0.037 0.119 0.028 0.115 0.016 0.097 0.018 0.427 0.020 
 134   (0.017) 0.017 0.014 0.010 0.018 0.005 0.002 0.039 0.016 0.002 0.013 0.002 0.017 0.003 0.002 0.001 
 156   (0.019) 0.021 0.016 0.010 0.018 0.007 0.013 0.005 0.018 0.002 0.016 0.003 0.018 0.022 0.003 0.001 

Locus 6 : 
12 alleles
0.0% missing data
 225   (0.046) 0.042 0.035 0.034 0.042 0.020 0.122 0.011 0.038 0.028 0.034 0.005 0.041 0.008 0.012 0.192 
 239   (0.100) 0.096 0.104 0.068 0.105 0.122 0.030 0.050 0.085 0.017 0.104 0.108 0.099 0.244 0.014 0.364 
 229   (0.016) 0.012 0.012 0.006 0.012 0.004 0.281 0.004 0.008 0.002 0.010 0.003 0.012 0.002 0.002 0.001 
 235   (0.294) 0.309 0.300 0.440 0.291 0.404 0.374 0.147 0.345 0.454 0.318 0.414 0.315 0.091 0.269 0.263 
 237   (0.213) 0.230 0.222 0.187 0.227 0.220 0.040 0.179 0.237 0.163 0.223 0.266 0.218 0.068 0.201 0.104 
 233   (0.101) 0.085 0.105 0.081 0.095 0.104 0.063 0.095 0.076 0.015 0.102 0.170 0.095 0.254 0.457 0.059 
 227   (0.031) 0.025 0.022 0.026 0.027 0.012 0.004 0.387 0.019 0.004 0.020 0.003 0.029 0.269 0.003 0.002 
 245   (0.069) 0.073 0.084 0.050 0.074 0.046 0.009 0.022 0.069 0.166 0.080 0.014 0.069 0.024 0.024 0.005 
 241   (0.039) 0.034 0.030 0.031 0.036 0.023 0.067 0.036 0.031 0.023 0.030 0.005 0.037 0.015 0.007 0.003 
 231   (0.051) 0.059 0.050 0.053 0.054 0.026 0.006 0.025 0.063 0.054 0.048 0.005 0.052 0.017 0.005 0.003 
 243   (0.028) 0.023 0.026 0.018 0.027 0.015 0.004 0.041 0.021 0.073 0.024 0.005 0.024 0.005 0.003 0.002 
 251   (0.012) 0.011 0.009 0.005 0.010 0.004 0.001 0.003 0.007 0.001 0.007 0.001 0.010 0.002 0.001 0.001 

Locus 7 : 
5 alleles
0.0% missing data
 118   (0.915) 0.923 0.925 0.734 0.924 0.938 0.986 0.958 0.939 0.989 0.929 0.937 0.901 0.687 0.921 0.990 
 124   (0.040) 0.032 0.039 0.019 0.036 0.015 0.005 0.009 0.027 0.005 0.037 0.058 0.033 0.305 0.073 0.002 
 116   (0.015) 0.011 0.009 0.231 0.013 0.037 0.005 0.027 0.007 0.002 0.008 0.002 0.041 0.003 0.002 0.006 
 114   (0.017) 0.022 0.018 0.010 0.016 0.007 0.002 0.004 0.018 0.002 0.018 0.002 0.015 0.004 0.003 0.001 
 122   (0.013) 0.012 0.009 0.006 0.012 0.004 0.002 0.003 0.008 0.002 0.009 0.001 0.011 0.002 0.001 0.001 

Locus 8 : 
5 alleles
0.0% missing data
 135   (0.054) 0.055 0.093 0.043 0.064 0.035 0.024 0.013 0.068 0.030 0.082 0.031 0.056 0.010 0.014 0.009 
 139   (0.751) 0.771 0.750 0.648 0.753 0.844 0.814 0.651 0.786 0.626 0.772 0.908 0.746 0.949 0.927 0.932 
 137   (0.146) 0.130 0.120 0.286 0.139 0.098 0.157 0.324 0.110 0.274 0.113 0.056 0.157 0.033 0.054 0.056 
 143   (0.035) 0.034 0.027 0.018 0.032 0.013 0.004 0.009 0.025 0.044 0.024 0.004 0.030 0.006 0.004 0.002 
 141   (0.015) 0.011 0.010 0.006 0.011 0.010 0.002 0.003 0.011 0.025 0.009 0.002 0.011 0.002 0.002 0.001 

Locus 9 : 
11 alleles
0.0% missing data
 116   (0.289) 0.282 0.353 0.248 0.310 0.249 0.428 0.124 0.308 0.326 0.346 0.282 0.294 0.113 0.509 0.301 
 112   (0.090) 0.087 0.078 0.056 0.083 0.221 0.058 0.022 0.103 0.165 0.078 0.078 0.083 0.016 0.037 0.142 
 122   (0.061) 0.049 0.045 0.126 0.052 0.141 0.007 0.257 0.038 0.012 0.045 0.008 0.064 0.306 0.010 0.385 
 114   (0.218) 0.244 0.225 0.131 0.221 0.151 0.082 0.225 0.239 0.298 0.223 0.332 0.209 0.056 0.359 0.024 
 120   (0.041) 0.035 0.029 0.018 0.034 0.021 0.005 0.011 0.026 0.022 0.028 0.141 0.033 0.205 0.005 0.007 
 130   (0.038) 0.031 0.045 0.020 0.037 0.015 0.005 0.075 0.026 0.005 0.045 0.049 0.035 0.163 0.006 0.002 
 118   (0.126) 0.137 0.113 0.080 0.130 0.093 0.396 0.053 0.145 0.122 0.126 0.080 0.122 0.115 0.040 0.017 
 124   (0.061) 0.061 0.048 0.145 0.056 0.060 0.008 0.083 0.049 0.039 0.046 0.007 0.071 0.011 0.007 0.115 
 126   (0.040) 0.035 0.031 0.155 0.038 0.035 0.007 0.143 0.031 0.005 0.029 0.019 0.054 0.009 0.009 0.003 
 108   (0.015) 0.014 0.012 0.009 0.017 0.005 0.002 0.003 0.013 0.002 0.015 0.002 0.016 0.002 0.001 0.001 
 128   (0.021) 0.025 0.019 0.011 0.021 0.008 0.002 0.005 0.023 0.004 0.019 0.003 0.019 0.004 0.017 0.001 

Locus 10 : 
4 alleles
0.0% missing data
 232   (0.892) 0.899 0.912 0.943 0.896 0.960 0.987 0.701 0.918 0.914 0.915 0.944 0.901 0.971 0.987 0.993 
 238   (0.080) 0.074 0.066 0.042 0.076 0.030 0.010 0.293 0.060 0.083 0.060 0.053 0.072 0.024 0.010 0.005 
 234   (0.015) 0.014 0.012 0.009 0.017 0.005 0.002 0.003 0.013 0.002 0.015 0.002 0.016 0.002 0.001 0.001 
 244   (0.013) 0.013 0.010 0.006 0.011 0.004 0.001 0.003 0.009 0.002 0.010 0.002 0.011 0.002 0.001 0.001 

Locus 11 : 
7 alleles
0.0% missing data
 165   (0.760) 0.758 0.791 0.632 0.768 0.792 0.911 0.878 0.790 0.931 0.788 0.784 0.750 0.927 0.918 0.772 
 167   (0.077) 0.067 0.055 0.250 0.068 0.128 0.061 0.031 0.053 0.032 0.053 0.013 0.092 0.024 0.010 0.217 
 161   (0.112) 0.131 0.118 0.097 0.120 0.051 0.022 0.079 0.118 0.014 0.123 0.198 0.115 0.041 0.066 0.008 
 155   (0.012) 0.011 0.009 0.005 0.010 0.003 0.001 0.003 0.007 0.001 0.007 0.001 0.009 0.002 0.001 0.001 
 173   (0.013) 0.011 0.009 0.006 0.012 0.004 0.001 0.003 0.008 0.002 0.010 0.001 0.012 0.002 0.001 0.001 
 163   (0.014) 0.011 0.009 0.006 0.011 0.018 0.002 0.003 0.016 0.019 0.010 0.001 0.011 0.002 0.001 0.001 
 171   (0.013) 0.011 0.009 0.006 0.011 0.004 0.002 0.003 0.009 0.002 0.009 0.001 0.011 0.002 0.001 0.001 

Locus 12 : 
8 alleles
0.0% missing data
 137   (0.519) 0.516 0.500 0.645 0.518 0.574 0.411 0.551 0.565 0.812 0.512 0.249 0.539 0.839 0.342 0.438 
 140   (0.155) 0.146 0.189 0.098 0.164 0.093 0.210 0.072 0.134 0.063 0.184 0.494 0.152 0.033 0.578 0.026 
 134   (0.246) 0.256 0.246 0.216 0.247 0.295 0.369 0.315 0.225 0.096 0.239 0.248 0.242 0.114 0.060 0.531 
 149   (0.013) 0.010 0.009 0.005 0.011 0.004 0.002 0.003 0.007 0.002 0.008 0.001 0.011 0.002 0.001 0.001 
 143   (0.016) 0.013 0.012 0.008 0.014 0.005 0.002 0.040 0.011 0.002 0.011 0.002 0.014 0.004 0.002 0.001 
 128   (0.013) 0.011 0.009 0.005 0.011 0.004 0.002 0.009 0.008 0.002 0.008 0.001 0.010 0.002 0.001 0.001 
 125   (0.019) 0.015 0.013 0.009 0.015 0.020 0.002 0.005 0.020 0.021 0.014 0.002 0.015 0.003 0.013 0.001 
 146   (0.018) 0.033 0.022 0.012 0.019 0.005 0.002 0.004 0.031 0.002 0.023 0.002 0.017 0.003 0.002 0.001 

Locus 13 : 
19 alleles
0.5% missing data
 206   (0.125) 0.112 0.104 0.102 0.116 0.102 0.408 0.069 0.119 0.128 0.104 0.173 0.116 0.220 0.252 0.041 
 210   (0.098) 0.089 0.110 0.071 0.105 0.071 0.276 0.028 0.087 0.022 0.112 0.161 0.094 0.018 0.167 0.278 
 190   (0.070) 0.077 0.076 0.051 0.073 0.037 0.009 0.017 0.071 0.140 0.072 0.009 0.070 0.030 0.088 0.005 
 202   (0.086) 0.083 0.114 0.169 0.097 0.076 0.017 0.263 0.090 0.013 0.106 0.013 0.108 0.514 0.035 0.008 
 214   (0.039) 0.036 0.029 0.019 0.037 0.061 0.005 0.011 0.032 0.006 0.030 0.022 0.034 0.007 0.072 0.217 
 212   (0.035) 0.028 0.027 0.024 0.030 0.076 0.004 0.008 0.055 0.421 0.036 0.004 0.028 0.006 0.004 0.118 
 192   (0.108) 0.128 0.134 0.083 0.116 0.061 0.050 0.030 0.113 0.041 0.142 0.272 0.115 0.062 0.091 0.008 
 204   (0.038) 0.034 0.032 0.024 0.035 0.043 0.005 0.015 0.036 0.017 0.030 0.010 0.035 0.017 0.020 0.041 
 184   (0.055) 0.052 0.046 0.027 0.051 0.066 0.098 0.013 0.066 0.074 0.047 0.023 0.049 0.009 0.018 0.004 
 216   (0.021) 0.016 0.025 0.009 0.019 0.009 0.003 0.005 0.013 0.003 0.024 0.256 0.018 0.004 0.016 0.001 
 208   (0.046) 0.040 0.056 0.028 0.046 0.023 0.006 0.010 0.040 0.049 0.054 0.025 0.042 0.010 0.185 0.012 
 198   (0.036) 0.058 0.047 0.028 0.044 0.014 0.004 0.008 0.067 0.006 0.046 0.004 0.041 0.019 0.004 0.002 
 194   (0.071) 0.068 0.055 0.238 0.064 0.261 0.037 0.211 0.055 0.015 0.053 0.008 0.085 0.024 0.022 0.214 
 186   (0.019) 0.015 0.013 0.011 0.016 0.024 0.003 0.006 0.011 0.002 0.012 0.002 0.016 0.003 0.002 0.026 
 188   (0.019) 0.019 0.015 0.010 0.019 0.006 0.002 0.033 0.013 0.002 0.014 0.004 0.017 0.003 0.004 0.001 
 200   (0.071) 0.071 0.059 0.064 0.070 0.040 0.066 0.256 0.066 0.036 0.056 0.008 0.070 0.039 0.012 0.018 
 196   (0.036) 0.051 0.037 0.027 0.038 0.020 0.005 0.010 0.047 0.021 0.038 0.004 0.036 0.006 0.004 0.002 
 220   (0.012) 0.010 0.009 0.005 0.011 0.004 0.001 0.004 0.007 0.002 0.007 0.001 0.010 0.007 0.001 0.001 
 180   (0.013) 0.013 0.011 0.008 0.015 0.005 0.001 0.003 0.012 0.002 0.014 0.001 0.015 0.002 0.001 0.001 

Locus 14 : 
8 alleles
1.1% missing data
 139   (0.072) 0.061 0.061 0.107 0.065 0.098 0.090 0.062 0.048 0.010 0.061 0.236 0.073 0.041 0.011 0.177 
 145   (0.064) 0.058 0.049 0.039 0.059 0.097 0.139 0.036 0.084 0.126 0.055 0.021 0.058 0.013 0.012 0.009 
 151   (0.304) 0.293 0.307 0.228 0.300 0.386 0.454 0.285 0.292 0.424 0.304 0.191 0.293 0.351 0.647 0.404 
 157   (0.355) 0.386 0.421 0.431 0.381 0.278 0.228 0.322 0.404 0.267 0.416 0.481 0.377 0.466 0.287 0.147 
 154   (0.099) 0.102 0.083 0.110 0.100 0.083 0.014 0.031 0.087 0.147 0.085 0.058 0.101 0.017 0.031 0.255 
 163   (0.042) 0.038 0.032 0.041 0.038 0.019 0.066 0.014 0.031 0.005 0.031 0.005 0.041 0.100 0.005 0.003 
 160   (0.033) 0.030 0.025 0.017 0.030 0.011 0.005 0.233 0.021 0.004 0.022 0.003 0.029 0.006 0.004 0.002 
 142   (0.030) 0.031 0.023 0.028 0.026 0.029 0.004 0.017 0.032 0.017 0.025 0.004 0.029 0.006 0.004 0.002 

Locus 15 : 
13 alleles
1.6% missing data
 256   (0.149) 0.131 0.121 0.169 0.138 0.115 0.165 0.164 0.108 0.157 0.115 0.153 0.143 0.128 0.167 0.087 
 262   (0.024) 0.019 0.015 0.112 0.019 0.023 0.265 0.014 0.013 0.003 0.014 0.003 0.031 0.004 0.002 0.001 
 246   (0.117) 0.133 0.149 0.116 0.127 0.059 0.178 0.106 0.127 0.040 0.149 0.137 0.124 0.023 0.097 0.008 
 258   (0.179) 0.181 0.229 0.208 0.197 0.156 0.026 0.166 0.198 0.162 0.233 0.297 0.199 0.514 0.230 0.013 
 254   (0.106) 0.098 0.091 0.080 0.108 0.177 0.014 0.074 0.106 0.058 0.090 0.027 0.102 0.185 0.164 0.230 
 250   (0.032) 0.027 0.023 0.020 0.029 0.042 0.004 0.011 0.023 0.029 0.022 0.003 0.027 0.010 0.003 0.453 
 242   (0.097) 0.130 0.099 0.077 0.094 0.148 0.188 0.059 0.149 0.152 0.106 0.011 0.096 0.022 0.011 0.107 
 252   (0.065) 0.060 0.066 0.068 0.069 0.060 0.111 0.024 0.064 0.036 0.063 0.030 0.066 0.013 0.030 0.017 
 248   (0.136) 0.122 0.123 0.100 0.130 0.184 0.025 0.347 0.133 0.282 0.134 0.319 0.130 0.084 0.041 0.078 
 260   (0.041) 0.043 0.039 0.022 0.042 0.015 0.005 0.020 0.031 0.006 0.034 0.015 0.037 0.007 0.249 0.003 
 264   (0.015) 0.022 0.016 0.009 0.015 0.005 0.002 0.003 0.022 0.002 0.015 0.001 0.014 0.002 0.002 0.001 
 244   (0.027) 0.023 0.020 0.014 0.023 0.011 0.016 0.008 0.018 0.074 0.018 0.003 0.023 0.005 0.003 0.002 
 276   (0.012) 0.011 0.009 0.005 0.010 0.003 0.001 0.003 0.007 0.002 0.007 0.001 0.009 0.002 0.001 0.001 

Values of parameters used in structure:
DATAFILE=G:\Shared drives\Emily_Schumacher\QUAC_analyses\QUAC_structure_wild_relate\QUAC_allpop_relate_red_12_15_21\project_data,	OUTFILE=G:\Shared drives\Emily_Schumacher\QUAC_analyses\QUAC_structure_wild_relate\QUAC_allpop_relate_red_12_15_21\50-100\Results\50-100_run_71,	NUMINDS=188,	NUMLOCI=15,	MISSING=-9,	LABEL=1,	POPDATA=1,	POPFLAG=0,	PHENOTYPE=0,	EXTRACOLS=0,	MAXPOPS=15,	BURNIN=50000,	NUMREPS=100000,	USEPOPINFO=0,	INFERALPHA=1,	INFERLAMBDA=0,	POPSPECIFICLAMBDA=0,	POPALPHAS=0,	COMPUTEPROB=1,	NOADMIX=0,	ADMBURNIN=2500,	UPDATEFREQ=1,	PRINTLIKES=0,	INTERMEDSAVE=0,	PRINTKLD=0,	PRINTNET=0,	PRINTLAMBDA=0,	ANCESTDIST=0,	NUMBOXES=1000,	ANCESTPINT=0.90000,	GENSBACK=2,	MIGRPRIOR=0.05000,	PRINTQHAT=0,	PRINTQSUM=0,	ALPHA=1.0000,	FREQSCORR=1,	FPRIORMEAN=0.0100,	FPRIORSD=0.0500,	ONEFST=0,	LAMBDA=1.0000,	UNIFPRIORALPHA=1,	ALPHAMAX=10.0000,	ALPHAPRIORA=1.0000,	ALPHAPRIORB=2.0000,	ALPHAPROPSD=0.0250,	STARTATPOPINFO=0,	RANDOMIZE=1,	LINKAGE=0,	METROFREQ=10,	REPORTHITRATE=0,	MARKOVPHASE=-1,	PHASED=0,	PLOIDY=2,	PHASEINFO=0	LOCPRIOR=0, 	LOCPRIORINIT=1.000000, 	LOCDATA=0, 	LOCISPOP=0, 	LOCPRIORSTEP=0.100000, 	MAXLOCPRIOR=20.000000, 	SEED=1639610628,	
[STRAT parameters]:    NUMSIMSTATS=1000,	PHENOTYPECOL=-9,	POOLFREQ=10,	LOCUSxONLY=0,	EMERROR=0.00100,	MISSINGPHENO=-9,	