0C11_-_1 1G13_-_1 G07_-_1 1F02_-_1 FIR031_-_1 GOT009_-_1 POR016_-_1 FIR013_-_1 FIR043_-_1 GOTO40_-_1 PIE039_-_1 FIR53_-_1 FIR048_-_1 PIE125_-_1 QpZAG9_-_1 
QAc-G-0029 1 1 210 212 171 175 206 206 165 165 148 148 225 239 118 118 135 139 116 116 232 232 165 165 137 140 206 210 139 145 256 262
QAc-G-0030 1 1 210 202 175 185 206 206 165 165 148 160 225 229 118 118 139 139 116 112 232 232 165 165 134 134 206 206 151 151 262 246
QAc-G-0062 2 1 226 216 175 179 206 206 163 167 154 154 239 235 118 118 139 139 122 122 232 232 165 167 137 134 190 202 139 157 258 254
QAc-G-0063 2 1 200 200 181 179 206 206 161 161 148 150 239 237 118 118 135 139 122 114 232 232 165 165 137 134 206 214 139 154 254 250
QAc-G-0064 2 1 202 216 179 179 206 206 161 161 138 138 239 233 124 124 139 139 120 130 232 232 165 165 137 134 202 202 151 157 256 258
QAc-G-0065 2 1 202 226 171 175 206 206 167 167 160 166 233 227 118 118 139 139 120 130 232 232 165 165 137 137 202 202 151 157 258 258
QAc-G-0066 2 1 226 200 181 181 206 206 161 161 148 146 225 235 118 118 139 139 116 122 232 232 165 167 134 134 210 212 151 157 250 250
QAc-G-0067 2 1 202 226 171 175 206 206 161 161 166 164 227 227 118 124 139 139 118 118 232 232 165 165 137 137 206 192 151 157 258 254
QAc-G-0068 2 1 226 200 175 181 206 206 161 161 142 142 225 235 116 116 137 137 122 122 232 232 165 167 137 137 210 212 151 157 256 254
QAc-G-0070 2 1 226 200 175 179 206 206 161 161 144 144 239 235 118 118 139 139 116 116 232 232 165 167 137 137 212 204 145 157 254 250
QAc-G-0071 2 1 212 226 173 173 -9 -9 -9 -9 144 144 225 235 118 118 139 139 122 122 232 232 165 167 134 134 210 210 139 151 250 242
QAc-G-0072 2 1 212 200 181 173 206 206 161 161 148 146 225 239 118 118 139 139 116 124 232 232 165 165 137 137 210 212 151 157 250 250
QAc-G-0073 2 1 212 200 171 173 206 206 167 161 144 144 235 235 118 118 135 135 116 114 232 232 165 165 140 140 192 184 139 157 258 252
QAc-G-0074 2 1 200 200 181 173 206 206 161 161 148 140 235 237 118 118 139 139 112 114 232 232 165 161 137 134 214 204 139 154 258 258
QAc-G-0075 2 1 212 202 171 175 206 206 163 161 144 140 235 237 118 118 139 139 116 114 232 232 165 161 140 134 214 216 151 157 246 248
QAc-G-0076 2 1 200 200 175 173 206 206 161 153 138 158 239 245 118 118 135 139 116 130 232 232 165 161 140 140 210 208 151 151 258 258
QAc-G-0080 2 1 226 224 171 181 206 206 173 167 146 162 235 241 118 118 139 139 118 118 232 232 165 161 137 134 192 184 145 163 256 242
QAc-G-0081 2 1 200 218 185 177 206 206 163 171 148 152 237 231 118 118 135 135 116 114 232 232 165 165 137 134 202 198 151 157 254 242
QAc-G-0082 2 1 200 222 171 183 206 208 163 167 146 162 237 237 118 118 135 135 116 110 232 232 165 161 137 134 190 194 157 142 252 252
QAc-G-0083 2 1 216 200 179 173 206 206 161 161 146 146 239 233 118 118 139 139 116 112 232 232 165 165 140 140 204 194 151 151 254 242
QAc-G-0285 3 1 200 228 179 177 206 206 165 165 148 146 237 237 118 118 139 137 122 122 232 232 165 165 137 134 194 194 151 151 254 250
QAc-G-0288 3 1 226 200 -9 -9 206 206 161 161 148 148 225 239 118 118 139 137 116 116 232 232 165 165 137 134 206 214 154 154 250 250
QAc-G-0292 3 1 200 214 181 179 206 206 163 161 154 154 239 237 118 118 139 139 116 122 232 232 165 165 137 134 194 186 139 151 254 250
QAc-G-0294 3 1 212 200 171 171 206 206 165 163 150 152 235 245 118 124 135 139 116 116 232 232 165 161 137 134 210 202 151 157 246 258
QAc-G-0295 3 1 200 208 173 173 206 206 165 167 146 138 239 239 118 118 139 139 116 116 232 232 165 165 140 140 192 216 157 157 246 248
QAc-G-0296 3 1 200 224 181 173 206 206 161 161 144 140 235 237 118 124 139 139 120 130 232 232 165 165 137 140 192 208 151 157 246 258
QAc-G-0297 3 1 200 220 171 187 206 206 161 179 140 162 237 237 118 118 139 137 114 114 232 232 165 161 137 140 192 188 139 157 248 260
QAc-G-0298 3 1 212 208 -9 -9 206 206 165 161 138 144 237 237 118 118 139 139 116 120 232 232 161 161 140 134 192 216 139 157 256 258
QAc-G-0299 3 1 200 200 171 181 206 206 161 157 150 144 239 237 118 118 139 139 114 114 232 232 165 161 140 140 206 216 139 151 258 248
QAc-G-0300 3 1 212 200 171 173 206 206 163 167 144 140 235 233 118 118 139 139 116 130 232 232 165 165 137 137 192 208 157 157 256 258
QAc-G-0301 3 1 212 202 171 171 206 206 167 161 140 140 239 235 118 118 139 139 114 120 232 232 165 165 140 134 210 192 139 157 254 248
QAc-G-0302 3 1 210 208 171 187 206 208 163 161 148 166 237 227 118 118 139 137 114 124 232 238 165 165 137 134 200 194 157 160 256 246
QAc-G-0303 3 1 210 200 171 171 206 206 163 149 150 166 227 243 118 118 139 139 122 122 232 232 165 165 137 137 194 194 145 160 242 248
QAc-G-0305 3 1 200 214 181 173 206 206 161 161 146 144 239 235 118 118 139 139 116 118 232 232 165 167 137 134 210 200 154 154 254 242
QAc-G-0307 3 1 210 216 171 175 206 206 165 173 146 154 229 235 118 118 139 139 118 114 232 232 165 165 134 134 206 184 151 157 256 262
QAc-G-0313 3 1 212 202 171 173 206 204 165 163 146 154 237 231 118 118 139 143 116 112 232 232 165 167 137 134 208 198 157 154 258 254
QAc-G-0314 3 1 212 202 173 183 206 206 163 177 148 152 237 231 118 118 139 139 116 114 232 238 165 161 137 140 206 196 157 157 256 258
QAc-G-0315 3 1 212 206 173 187 206 218 163 177 154 150 233 231 118 118 139 139 114 134 232 238 165 167 137 140 206 202 151 157 258 250
QAc-G-0316 3 1 212 200 179 187 206 208 163 171 148 154 225 231 118 118 139 139 118 118 232 232 165 165 137 137 206 198 151 157 258 264
QAc-G-0033 4 1 200 200 171 171 206 206 161 161 148 140 235 233 118 124 139 139 116 114 232 232 165 165 137 140 206 216 151 157 246 248
QAc-G-0034 4 1 210 212 171 171 206 206 167 161 148 144 235 233 118 118 139 139 116 120 232 232 165 165 140 134 206 192 139 145 258 248
QAc-G-0035 4 1 200 200 181 189 206 206 165 161 144 152 235 233 118 124 135 139 116 114 232 232 165 165 137 134 190 202 157 157 254 260
QAc-G-0036 4 1 212 212 181 187 206 206 161 161 148 144 235 237 118 124 139 139 112 120 232 232 165 161 137 140 206 216 157 154 258 248
QAc-G-0039 4 1 210 212 181 173 206 206 165 163 148 152 235 237 118 118 135 139 116 116 232 232 165 165 137 137 202 208 157 157 246 258
QAc-G-0040 4 1 200 224 173 173 206 206 165 161 158 152 233 243 118 118 139 139 116 114 232 232 165 165 134 134 212 192 151 157 258 248
QAc-G-0045 4 1 200 200 171 181 206 206 161 161 144 140 235 233 118 118 139 139 116 118 232 232 165 165 140 134 206 192 139 157 258 258
QAc-G-0050 4 1 210 216 171 175 206 206 173 171 146 150 239 235 118 118 137 137 116 116 232 232 165 167 137 134 186 196 151 160 256 244
QAc-G-0052 4 1 212 216 175 191 206 206 173 167 146 158 235 235 118 118 139 139 116 118 232 232 165 165 137 134 206 184 151 157 262 252
QAc-G-0056 4 1 216 196 175 187 206 206 161 161 138 158 235 237 118 118 139 139 118 124 232 232 165 165 137 149 210 190 145 160 256 256
QAc-G-0280 5 1 212 200 -9 -9 206 206 161 161 148 146 225 239 118 118 139 139 124 124 232 232 165 165 134 134 210 208 151 157 256 254
QAc-G-0018 6 1 212 200 171 173 206 206 167 161 148 144 235 235 118 118 139 139 118 126 232 232 165 165 140 134 206 216 139 157 258 248
QAc-G-0017 6 1 210 202 171 183 206 204 163 167 144 144 239 231 118 118 139 139 122 122 232 232 165 165 137 134 202 204 157 157 258 248
QAc-G-0250 7 1 226 224 179 173 206 206 161 161 150 152 225 235 118 118 139 139 112 124 232 232 165 167 134 134 202 200 157 154 252 252
QAc-G-0003 8 1 226 200 -9 -9 206 206 161 161 146 144 235 235 118 118 139 139 116 122 232 232 165 167 137 137 210 214 151 154 256 250
QAc-G-0283 9 1 220 238 183 187 206 206 163 167 138 144 235 237 118 118 139 139 112 114 232 232 165 165 137 134 190 194 157 154 242 242
QAc-G-0271 10 1 202 121 171 187 206 206 163 167 144 140 235 233 118 124 139 137 116 116 232 232 165 165 137 140 202 214 157 157 246 254
QAc-G-0255 11 1 200 208 171 183 206 206 161 171 134 134 235 227 118 118 139 137 114 126 232 238 165 165 137 140 200 200 151 157 254 254
QAc-G-0256 11 1 200 214 171 181 206 206 163 161 146 166 233 227 118 118 139 139 122 114 232 238 165 165 137 134 202 200 151 160 248 248
QAc-G-0257 11 1 210 206 171 191 206 206 163 161 138 138 235 227 118 118 139 137 122 130 232 232 165 165 137 143 202 200 157 160 256 248
QAc-G-0259 11 1 200 190 163 165 206 208 163 155 146 152 245 251 118 118 143 143 114 120 238 238 167 155 137 137 184 184 157 160 260 276
QAc-G-0260 11 1 226 200 185 173 206 206 161 171 138 138 233 245 118 118 139 139 122 130 238 238 165 165 137 140 206 220 151 163 256 250
QAc-G-0261 11 1 226 216 171 175 206 206 167 171 138 156 239 237 118 124 139 139 116 122 232 232 165 161 137 137 202 198 157 163 258 248
QAc-G-0109 12 1 210 216 171 173 206 204 163 167 144 144 239 227 118 118 139 139 118 114 232 232 165 161 137 134 206 200 142 160 242 248
QAc-G-0114 12 1 200 206 171 183 206 206 161 157 148 148 235 227 118 118 139 137 122 126 232 232 165 165 140 134 194 188 157 160 248 260
QAc-G-0117 12 1 200 214 171 171 206 206 167 161 146 144 237 233 118 118 139 139 116 118 232 232 165 161 137 137 202 194 151 157 258 252
QAc-G-0120 12 1 210 212 171 183 206 206 161 175 144 152 237 227 118 118 139 137 118 114 232 232 165 165 137 128 194 188 151 157 246 254
QAc-G-0125 12 1 202 222 179 173 206 204 165 167 146 146 239 227 118 124 139 139 116 122 232 232 165 165 137 137 206 200 157 163 258 254
QAc-G-0141 12 1 200 214 171 181 206 206 167 161 144 162 235 245 118 118 139 139 114 124 232 232 165 165 137 134 202 192 151 151 258 242
QAc-G-0143 12 1 212 208 187 193 206 206 173 169 148 140 239 237 118 118 139 139 108 108 234 234 161 173 137 137 180 180 154 154 254 248
QAc-G-0147 12 1 216 214 171 173 206 204 163 161 138 138 239 235 118 118 139 139 114 120 232 232 165 165 137 137 206 202 151 157 256 248
QAc-G-0148 12 1 214 214 173 187 206 206 165 161 150 150 235 233 118 118 139 139 120 126 232 238 165 167 137 137 198 194 157 163 256 248
QAc-G-0174 12 1 228 214 179 177 206 206 165 161 144 144 235 233 118 118 139 139 112 122 232 232 165 167 137 134 210 194 139 151 250 248
QAc-G-0188 12 1 200 208 181 183 206 206 161 171 144 152 239 237 118 118 137 137 116 126 232 232 165 165 134 143 202 214 157 157 254 250
QAc-G-0217 12 1 202 202 171 181 206 206 173 173 148 138 229 235 118 118 139 139 116 118 232 232 165 165 137 137 206 194 145 157 262 242
QAc-G-0229 12 1 210 212 171 187 206 206 167 161 144 140 235 237 118 118 139 139 112 114 232 232 165 161 137 134 210 216 139 157 256 248
QAc-G-0233 12 1 200 218 185 173 206 206 167 155 148 146 235 233 118 124 139 137 116 114 232 232 165 165 137 140 190 184 145 157 260 260
QAc-G-0237 12 1 210 212 171 173 206 206 161 161 148 138 239 233 118 118 139 139 114 130 232 232 165 165 137 140 206 216 151 157 256 246
QAc-G-0241 12 1 200 224 171 171 206 206 167 161 150 138 239 237 118 118 139 137 116 114 232 232 165 161 137 140 210 182 151 157 242 248
QAc-G-0243 12 1 216 200 171 173 206 206 165 163 138 152 235 233 118 114 139 139 116 114 232 232 165 165 137 137 190 192 151 157 258 258
QAc-G-0249 13 1 210 218 183 187 206 206 163 161 148 154 225 237 118 118 139 137 116 114 232 232 165 165 137 140 212 204 151 154 256 244
QAc-W-0001 14 1 200 208 171 187 206 208 161 157 166 140 235 237 118 118 139 139 116 114 232 232 165 165 140 140 206 192 151 151 256 258
QAc-W-0002 14 1 200 200 171 173 206 206 161 161 146 140 235 237 118 118 139 137 116 114 232 238 165 161 140 134 210 192 157 154 258 248
QAc-W-0003 14 1 200 208 171 189 206 206 167 161 146 152 233 233 118 118 139 139 118 114 232 232 165 165 140 140 210 194 151 157 256 258
QAc-W-0005 14 1 200 200 171 189 206 208 163 161 140 152 237 233 118 118 139 139 116 114 232 232 165 165 137 140 206 210 151 151 254 254
QAc-W-0007 14 1 200 208 189 189 -9 -9 -9 -9 144 152 235 233 118 118 139 139 116 114 232 232 165 165 137 140 206 208 151 157 256 258
QAc-W-0008 14 1 200 208 173 189 206 208 161 161 150 152 235 233 118 118 139 139 116 114 232 232 165 161 137 125 204 208 -9 -9 256 246
QAc-W-0009 14 1 210 208 173 173 206 206 161 161 138 144 239 243 118 118 139 137 116 114 232 238 165 165 140 134 210 202 157 157 256 246
QAc-W-0011 14 1 212 200 173 189 206 206 161 153 144 152 237 233 118 118 139 139 116 122 232 232 165 165 137 140 206 210 151 157 246 252
QAc-W-0012 14 1 212 200 175 173 206 206 167 157 140 152 233 233 118 124 139 137 114 114 232 232 165 165 140 134 210 208 151 154 248 260
QAc-W-0013 14 1 200 200 171 181 206 206 163 161 144 158 229 233 118 118 139 137 116 130 232 232 165 165 134 134 210 192 151 157 246 248
QAc-W-0014 14 1 200 218 171 173 206 208 167 161 152 152 235 237 118 118 139 139 116 112 232 232 165 165 137 140 192 208 151 151 258 260
QAc-W-0015 14 1 200 224 181 173 206 206 163 161 144 144 235 237 118 118 139 139 112 118 232 232 165 165 140 134 210 192 151 151 248 248
QAc-W-0017 14 1 200 224 171 181 206 206 163 161 154 140 237 245 118 118 139 139 118 118 232 232 165 161 137 137 210 194 157 157 256 242
QAc-W-0018 14 1 210 202 181 187 206 208 163 167 152 152 235 237 118 118 139 139 116 126 232 232 165 165 137 140 206 206 151 157 258 252
QAc-W-0020 14 1 202 208 187 189 206 208 167 167 150 152 237 233 118 118 139 139 116 128 232 232 165 161 137 140 190 214 151 151 254 260
QAc-W-0021 14 1 200 200 171 175 206 206 163 157 148 152 225 241 118 118 139 139 116 114 232 232 165 165 137 140 206 200 151 157 258 252
QAc-W-0022 14 1 200 200 171 179 206 206 163 177 148 144 235 237 118 118 139 139 116 112 232 232 165 161 137 137 210 190 139 151 246 258
QAc-W-0023 14 1 216 200 171 171 206 206 163 161 160 138 237 245 118 118 139 139 114 114 232 232 165 165 140 140 -9 -9 151 157 246 258
QAc-W-0024 14 1 200 208 171 181 206 208 163 161 148 140 225 237 118 118 139 139 118 118 232 232 165 165 137 137 206 214 151 157 246 260
QAc-W-0025 14 1 212 200 171 187 206 208 161 161 148 140 233 233 118 118 139 137 116 116 232 232 165 165 137 134 184 216 157 157 246 260
QAc-W-0026 14 1 212 218 175 181 206 206 161 161 166 140 233 233 118 118 139 137 116 112 232 232 165 165 137 140 206 210 151 154 254 260
QAc-W-0027 14 1 212 200 187 189 206 206 161 161 148 144 235 235 118 118 139 139 114 114 232 238 165 165 137 140 192 216 157 157 256 256
QAc-W-0028 14 1 208 208 187 189 206 206 161 161 144 140 237 245 118 118 139 139 116 114 232 232 165 161 140 134 210 192 151 157 254 260
QAc-W-0029 14 1 200 200 171 175 206 206 163 161 150 158 237 233 118 118 139 139 116 116 232 232 165 165 140 140 202 216 157 157 258 260
QAc-W-0030 14 1 200 200 171 173 206 206 165 161 150 144 239 233 118 118 139 139 116 116 232 232 165 165 137 134 192 182 157 157 256 258
QAc-W-0032 14 1 202 218 171 173 206 208 167 161 140 152 235 233 118 124 139 139 116 114 232 232 165 165 140 140 190 208 151 157 246 258
QAc-W-0033 14 1 202 224 175 173 206 208 167 161 150 152 235 245 118 118 139 137 116 114 232 232 165 165 137 140 190 202 139 145 256 258
QAc-W-0035 14 1 212 218 173 187 206 206 167 161 144 152 239 235 118 118 139 139 116 116 232 232 165 167 137 140 206 216 151 157 246 248
QAc-W-0037 14 1 212 212 175 173 206 206 167 161 148 144 237 233 118 118 139 139 114 120 232 232 165 165 137 140 210 192 151 157 256 248
QAc-W-0038 14 1 224 208 171 171 206 206 163 167 146 140 235 237 118 118 139 139 116 114 232 232 165 165 137 137 214 192 157 157 246 254
QAc-W-0040 14 1 216 222 171 173 206 208 161 157 148 138 235 233 118 118 139 139 114 114 232 232 165 165 137 140 206 214 151 157 256 260
QAc-W-0041 14 1 212 200 171 181 206 206 161 161 150 144 235 233 118 118 139 137 116 118 232 238 165 165 137 140 210 210 139 151 258 252
QAc-W-0042 15 1 200 214 181 181 206 206 167 161 166 158 237 227 118 118 139 137 122 130 232 232 165 165 137 137 202 202 139 151 256 258
QAc-W-0044 15 1 200 200 171 179 206 206 161 161 144 158 235 245 118 118 139 139 122 122 232 232 165 165 137 137 202 192 139 151 258 248
QAc-W-0045 15 1 214 232 181 173 206 206 161 161 146 166 237 227 118 118 139 137 126 126 238 238 165 161 137 134 206 202 151 157 256 258
QAc-W-0047 15 1 200 232 171 173 206 206 161 161 144 144 227 245 118 118 139 139 112 122 232 238 165 165 137 134 192 194 151 151 258 258
QAc-W-0048 15 1 210 232 171 173 206 208 167 161 160 166 227 241 118 118 139 139 114 130 232 238 165 165 137 134 202 200 139 151 246 248
QAc-W-0050 15 1 214 214 175 173 206 206 163 161 142 144 227 231 116 116 139 139 116 124 232 232 165 161 137 137 202 200 157 154 262 248
QAc-W-0051 15 1 214 214 175 173 206 206 165 161 150 150 235 233 118 118 139 137 122 126 232 232 165 167 137 137 202 194 157 163 256 258
QAc-W-0052 15 1 202 200 179 173 206 206 167 167 166 166 233 227 118 124 139 139 122 120 232 232 165 165 137 137 206 202 151 157 258 254
QAc-W-0053 15 1 210 214 171 173 206 206 163 169 144 144 233 227 118 118 139 137 116 122 232 238 165 165 137 137 202 200 151 160 258 248
QAc-W-0054 15 1 212 214 173 187 206 206 167 161 154 154 239 241 118 118 139 139 116 126 232 232 165 167 137 134 202 202 151 151 258 250
QAc-W-0055 15 1 200 214 185 173 206 206 161 161 146 146 239 235 118 118 139 139 124 126 232 232 167 167 137 137 206 202 151 151 246 250
QAc-W-0056 15 1 212 200 171 187 206 208 167 161 150 138 235 235 118 118 139 139 124 126 232 232 165 167 137 140 192 194 154 142 262 258
QAc-W-0057 15 1 210 214 171 177 206 206 163 167 150 150 235 237 118 118 139 139 122 124 232 232 165 167 137 134 206 194 139 157 262 246
QAc-W-0060 15 1 224 224 177 177 206 206 165 161 138 144 239 239 118 118 139 139 122 120 232 232 165 165 137 134 214 194 151 157 256 248
QAc-W-0061 15 1 210 224 175 177 206 206 161 161 154 144 235 237 118 118 139 139 114 114 232 232 165 165 134 134 214 194 151 154 256 254
QAc-W-0062 15 1 226 224 179 179 206 206 165 161 138 138 235 237 118 118 139 139 112 122 232 232 165 165 137 134 194 194 139 151 256 254
QAc-W-0063 15 1 216 214 179 173 206 204 165 161 148 138 237 233 118 118 139 139 116 116 232 232 165 165 137 134 214 194 151 151 254 254
QAc-W-0064 15 1 226 228 179 173 206 208 165 161 146 138 235 235 118 118 139 139 116 112 232 232 165 167 134 134 214 194 151 157 242 248
QAc-W-0065 15 1 224 228 179 187 206 206 165 161 146 144 235 237 118 118 139 139 112 124 232 232 165 167 137 137 206 194 151 157 242 248
QAc-W-0066 15 1 212 200 181 181 206 206 161 161 146 146 225 239 118 118 139 139 116 122 232 232 165 165 137 134 210 214 139 151 250 250
QAc-W-0071 15 1 200 224 181 177 206 206 -9 -9 154 144 225 225 118 118 139 139 112 122 232 232 165 165 134 134 194 194 151 157 256 242
QAc-W-0072 15 1 218 214 185 179 206 208 161 161 154 154 235 237 118 118 139 139 116 112 232 232 165 167 137 134 194 194 139 157 256 254
QAc-W-0073 15 1 224 214 171 179 206 206 165 163 144 144 239 235 118 118 139 139 112 122 232 232 165 165 137 134 204 194 151 151 254 252
QAc-W-0077 15 1 200 214 181 179 206 206 161 161 146 144 239 233 118 118 139 139 112 124 232 232 165 165 137 134 214 194 151 154 254 248
QAc-W-0078 16 1 202 218 175 181 206 204 161 161 148 146 225 229 118 118 139 139 116 116 232 232 165 165 137 140 210 192 145 157 246 244
QAc-W-0079 16 1 210 212 175 185 206 206 165 161 148 148 225 229 118 118 139 139 116 116 232 232 165 165 140 134 206 200 -9 -9 262 262
QAc-W-0081 16 1 202 216 175 181 206 206 165 165 138 158 235 233 118 118 139 137 116 118 232 232 165 165 134 134 206 210 151 151 256 252
QAc-W-0082 16 1 212 218 171 181 206 206 173 173 150 162 235 235 116 116 137 137 116 126 232 232 165 167 137 134 206 194 139 157 246 242
QAc-W-0083 16 1 202 218 181 181 206 206 165 161 138 138 229 235 118 118 139 139 116 118 232 232 165 165 137 140 210 194 151 157 262 242
QAc-W-0086 16 1 200 218 181 173 206 206 173 173 162 162 229 229 118 118 139 137 118 118 232 232 165 165 137 137 206 210 139 151 256 242
QAc-W-0087 16 1 212 216 181 181 206 206 165 173 148 148 229 235 118 118 139 137 118 114 232 232 165 165 137 137 210 200 145 151 262 246
QAc-W-0088 16 1 212 212 181 183 206 206 165 169 146 138 229 235 118 118 139 139 118 118 232 232 165 167 140 140 206 206 151 157 256 246
QAc-W-0092 16 1 212 216 181 181 206 206 165 161 166 140 235 241 118 118 139 139 116 118 232 232 165 165 137 140 210 192 139 151 246 252
QAc-W-0093 16 1 210 208 171 185 206 206 165 167 138 162 235 237 118 118 139 137 116 116 232 232 165 165 140 134 206 210 157 163 262 242
QAc-W-0094 16 1 226 208 191 191 206 206 165 167 148 138 233 233 118 118 139 139 116 118 232 232 165 165 137 137 206 194 151 157 258 242
QAc-W-0097 16 1 212 200 171 171 206 206 165 173 144 156 235 233 118 118 139 139 118 114 232 232 165 165 137 134 206 210 151 163 262 246
QAc-W-0099 16 1 212 216 175 181 206 206 173 177 148 158 235 241 118 118 139 139 116 116 232 232 165 165 137 137 202 184 145 157 252 248
QAc-W-0107 16 1 202 200 171 175 206 206 165 165 160 146 229 235 118 118 139 139 112 118 232 232 165 167 137 134 206 210 151 151 242 242
QAc-W-0115 17 1 212 222 179 173 206 206 163 161 138 138 235 235 118 118 139 141 114 114 232 232 165 165 137 140 206 212 145 157 254 242
QAc-W-0116 17 1 200 222 171 185 206 206 163 167 154 138 235 237 118 118 137 143 112 118 232 232 165 165 137 137 192 200 151 157 258 248
QAc-W-0117 17 1 218 222 173 183 206 206 163 163 140 140 235 237 118 118 139 137 114 114 232 238 165 165 137 134 190 212 157 154 258 242
QAc-W-0118 17 1 200 218 185 179 206 206 163 161 148 154 235 243 118 118 139 139 118 124 232 232 165 165 137 134 206 212 145 151 254 242
QAc-W-0119 17 1 210 218 185 173 206 206 163 167 154 138 225 237 118 118 139 137 114 124 232 232 165 165 137 137 212 192 151 154 258 244
QAc-W-0120 17 1 218 222 173 177 206 206 163 167 138 140 237 245 118 118 139 139 116 116 232 238 165 165 137 140 184 200 145 154 250 252
QAc-W-0121 17 1 200 200 185 173 206 206 163 161 142 140 245 245 118 118 137 137 116 112 232 232 165 165 137 134 190 212 151 151 250 248
QAc-W-0122 17 1 210 200 185 179 206 206 163 161 152 152 235 245 118 118 139 139 112 114 232 232 165 165 137 137 192 200 145 142 242 242
QAc-W-0123 17 1 210 216 185 185 206 206 163 163 146 144 235 235 118 118 139 139 114 120 232 232 165 165 137 137 212 196 145 157 -9 -9
QAc-W-0124 17 1 212 212 179 177 206 206 161 161 138 140 235 233 118 118 139 139 112 112 232 232 165 165 137 137 210 184 145 151 242 252
QAc-W-0125 17 1 210 216 171 185 206 206 167 161 148 154 235 231 118 118 139 139 118 114 232 232 165 165 137 137 212 212 151 154 256 242
QAc-W-0132 17 1 200 218 179 173 206 206 161 161 154 140 239 235 118 118 139 139 116 118 232 232 165 165 137 134 206 206 145 157 -9 -9
QAc-W-0134 17 1 210 216 185 183 206 206 167 161 138 144 235 245 118 118 139 139 116 112 232 232 165 165 137 137 206 212 151 154 248 248
QAc-W-0135 17 1 212 222 179 189 206 206 161 161 144 152 237 237 118 118 139 139 116 116 232 232 165 165 137 134 212 184 151 151 242 248
QAc-W-0136 17 1 216 216 179 173 206 206 161 159 138 140 235 231 118 118 139 137 112 118 232 232 165 165 137 137 212 208 157 157 248 248
QAc-W-0140 17 1 200 222 173 183 206 206 161 161 138 144 235 245 118 118 139 137 112 114 232 238 165 165 137 137 190 212 151 157 246 246
QAc-W-0141 17 1 210 200 173 183 206 206 161 161 148 144 235 237 118 118 139 139 116 116 232 232 165 165 137 137 190 198 157 157 -9 -9
QAc-W-0142 17 1 210 222 179 173 206 206 163 161 154 144 245 243 118 118 139 137 116 116 232 232 165 167 137 137 212 212 151 151 256 242
QAc-W-0143 17 1 218 206 185 177 206 206 167 161 154 158 235 235 118 118 137 137 116 116 232 232 165 165 137 137 206 184 151 151 256 248
QAc-W-0148 17 1 210 222 179 177 206 206 161 161 154 140 235 237 118 118 139 139 116 114 232 232 165 165 137 137 206 212 157 157 258 248
QAc-W-0149 17 1 210 200 179 183 206 206 163 161 158 152 235 235 118 118 139 139 112 118 232 232 165 165 137 137 202 204 145 151 258 258
QAc-W-0150 17 1 210 212 171 185 206 206 167 167 154 152 235 237 118 118 139 139 116 112 232 232 165 165 137 137 210 184 151 151 258 258
QAc-W-0151 17 1 212 212 171 179 206 206 161 159 154 140 235 237 118 118 139 137 112 114 232 232 165 165 137 125 206 212 151 157 258 242
QAc-W-0152 17 1 200 214 179 179 206 206 161 161 138 144 235 235 118 118 139 139 118 114 232 232 165 165 137 125 212 184 145 151 248 248
QAc-W-0153 17 1 210 212 173 183 212 212 165 165 144 140 239 235 118 118 139 139 112 114 232 232 165 165 134 146 190 192 151 157 246 242
QAc-W-0154 17 1 222 206 187 189 206 206 161 159 138 140 235 235 118 118 135 139 116 114 232 232 165 165 137 137 190 212 151 151 252 244
QAc-W-0157 17 1 216 220 179 173 206 206 167 167 144 144 235 235 118 118 137 143 116 120 232 238 165 165 137 134 212 212 151 154 256 254
QAc-W-0158 17 1 200 218 179 173 206 206 163 161 148 138 235 235 118 118 139 139 116 118 232 232 165 165 137 140 210 212 151 157 258 248
QAc-W-0159 17 1 200 222 175 183 206 206 167 161 154 140 245 243 118 118 139 137 114 114 232 232 165 165 137 137 190 212 145 151 256 248
QAc-W-0160 17 1 210 216 185 177 206 206 161 161 144 140 235 245 118 118 135 141 116 114 232 232 165 165 137 140 206 208 151 157 256 244
QAc-W-0163 17 1 210 214 171 173 206 206 161 161 138 142 237 243 118 118 139 143 118 124 232 232 165 165 137 137 190 212 151 151 258 248
QAc-W-0164 17 1 200 218 179 179 206 206 161 161 154 138 235 241 118 118 139 139 116 112 232 238 165 167 137 137 206 196 151 157 256 248
QAc-W-0167 18 1 200 208 179 187 206 206 163 167 146 162 235 235 118 114 139 139 118 124 232 232 165 161 134 146 200 198 151 157 246 242
QAc-W-0168 18 1 210 200 175 185 206 206 163 161 154 140 239 245 118 118 139 139 116 128 232 232 165 165 134 134 210 200 157 154 254 248
QAc-W-0169 18 1 214 220 187 189 206 206 161 161 150 134 239 237 118 122 139 137 116 116 232 232 165 161 134 134 192 196 151 154 258 252
QAc-W-0170 18 1 200 220 171 175 206 206 163 161 154 156 235 235 118 118 139 139 114 114 232 244 165 161 140 134 192 198 151 142 246 248
QAc-W-0172 18 1 210 202 171 167 206 206 163 159 164 152 235 231 118 118 135 139 118 114 232 232 161 171 140 134 190 192 163 163 246 258
QAc-W-0173 18 1 200 208 179 187 206 206 165 163 144 140 235 237 118 118 139 139 116 128 232 232 165 161 137 137 198 196 157 157 246 242
QAc-W-0174 18 1 200 214 181 187 206 206 163 163 146 138 237 231 118 118 139 139 114 114 232 232 165 165 134 146 192 196 157 154 242 264
